1706671942.519999738 1000.0001 2004.6935 10.1137 0 0 0 0
1706671942.749999999 1000.0001 2004.6935 10.1137 0 0 0 0
1706671942.990000080 1000.0001 2004.6938 10.1137 0 0 0 0
1706671943.349999888 1000.0001 2004.6935 10.1137 0 0 0 0
1706671943.589999969 1000.0000 2004.6933 10.1137 0 0 0 0
1706671943.769999873 1000.0000 2004.6933 10.1137 0 0 0 0
1706671944.060000312 1000.0001 2004.6938 10.1137 0 0 0 0
1706671944.399999850 1000.0001 2004.6936 10.1137 0 0 0 0
1706671944.639999932 1000.0001 2004.6936 10.1137 0 0 0 0
1706671944.919999922 1000.0001 2004.6936 10.1137 0 0 0 0
1706671945.239999820 1000.0001 2004.6934 10.1136 0 0 0 0
1706671945.509999990 1000.0001 2004.6934 10.1137 0 0 0 0
1706671945.740000252 1000.0001 2004.6934 10.1137 0 0 0 0
1706671945.890000067 1000.0004 2004.6934 10.1137 0 0 0 0
1706671946.170000057 1000.0004 2004.6934 10.1137 0 0 0 0
1706671946.489999956 1000.0020 2004.6934 10.1149 0 0 0 0
1706671946.790000214 1000.0209 2004.7683 10.2274 0 0 0 0
1706671947.010000027 1000.0094 2004.9381 10.5259 0 0 0 0
1706671947.460000101 999.9401 2005.2726 10.7459 0 0 0 0
1706671947.819999908 999.9031 2005.6005 10.8326 0 0 0 0
1706671948.080000258 999.8765 2005.9563 10.8290 0 0 0 0
1706671948.489999794 999.8195 2006.4012 10.8603 0 0 0 0
1706671948.879999691 999.7480 2007.7509 10.8565 0 0 0 0
1706671949.100000132 999.7480 2007.7509 10.8565 0 0 0 0
1706671949.480000208 999.7286 2008.4548 10.8134 0 0 0 0
1706671949.730000109 999.7443 2009.2200 10.7920 0 0 0 0
1706671950.059999828 999.7211 2009.8406 10.8155 0 0 0 0
1706671950.500000082 999.6979 2010.4571 10.7999 0 0 0 0
1706671950.840000249 999.6953 2011.2116 10.8095 0 0 0 0
1706671951.249999786 999.6291 2011.9350 10.8161 0 0 0 0
1706671951.659999951 999.5599 2012.7031 10.8016 0 0 0 0
1706671952.079999936 999.5149 2013.6504 10.8097 0 0 0 0
1706671952.609999827 999.4505 2014.3882 10.7870 0 0 0 0
1706671952.980000083 999.3647 2015.3846 10.8045 0 0 0 0
1706671953.320000251 999.3056 2016.1825 10.7970 0 0 0 0
1706671953.719999967 999.3285 2016.7519 10.7824 0 0 0 0
1706671954.049999686 999.3320 2017.5088 10.7840 0 0 0 0
1706671954.529999848 999.2981 2018.3351 10.7891 0 0 0 0
1706671954.919999745 999.2618 2019.0889 10.7834 0 0 0 0
1706671955.320000090 999.1814 2019.8480 10.7994 0 0 0 0
1706671955.689999717 999.1522 2021.2133 10.7761 0 0 0 0
1706671955.849999981 999.1522 2021.2133 10.7761 0 0 0 0
1706671956.209999789 999.1274 2021.7789 10.7864 0 0 0 0
1706671956.449999870 999.1014 2022.3975 10.7828 0 0 0 0
1706671956.810000306 999.0683 2023.0200 10.7863 0 0 0 0
1706671957.020000299 999.0507 2023.5911 10.7882 0 0 0 0
1706671957.319999929 999.0299 2024.2189 10.8183 0 0 0 0
1706671957.679999736 998.9826 2024.8533 10.8133 0 0 0 0
1706671958.049999992 998.9562 2025.4653 10.7939 0 0 0 0
1706671958.320000162 998.9102 2026.0618 10.7990 0 0 0 0
1706671958.679999970 998.8791 2026.6316 10.8090 0 0 0 0
1706671959.079999686 998.8441 2027.4833 10.8144 0 0 0 0
1706671959.449999942 998.7693 2028.2707 10.8041 0 0 0 0
1706671959.850000287 998.7533 2029.1135 10.7938 0 0 0 0
1706671960.250000004 998.6744 2029.8741 10.7914 0 0 0 0
1706671960.730000166 998.6212 2030.6403 10.7653 0 0 0 0
1706671961.209999700 998.5182 2031.7159 10.7831 0 0 0 0
1706671961.619999865 998.4064 2032.7028 10.7556 0 0 0 0
1706671961.990000121 998.3679 2033.2964 10.7554 0 0 0 0
1706671962.289999751 998.3494 2034.1530 10.7466 0 0 0 0
1706671962.699999916 998.3407 2034.7843 10.7515 0 0 0 0
1706671962.960000266 998.3484 2035.5721 10.7540 0 0 0 0
1706671963.329999894 998.2805 2036.7641 10.7321 0 0 0 0
1706671963.679999881 998.2805 2036.7641 10.7321 0 0 0 0
1706671964.109999686 998.2020 2037.4717 10.7540 0 0 0 0
1706671964.430000214 998.1844 2038.2014 10.7381 0 0 0 0
1706671964.880000288 998.1390 2039.0652 10.7465 0 0 0 0
1706671965.230000275 998.0728 2039.8285 10.7394 0 0 0 0
1706671965.639999812 998.0178 2040.6156 10.7558 0 0 0 0
1706671966.059999797 997.9520 2041.3855 10.7377 0 0 0 0
1706671966.449999693 997.9394 2042.3177 10.7487 0 0 0 0
1706671966.829999769 997.8669 2043.0581 10.7308 0 0 0 0
1706671967.230000114 997.7211 2044.5099 10.7375 0 0 0 0
1706671967.510000104 997.7211 2044.5099 10.7375 0 0 0 0
1706671967.860000092 997.6517 2045.3068 10.7095 0 0 0 0
1706671968.210000079 997.6015 2045.9042 10.6815 0 0 0 0
1706671968.429999892 997.6418 2046.4831 10.6886 0 0 0 0
1706671968.849999877 997.6465 2047.3010 10.6745 0 0 0 0
1706671969.159999955 997.6433 2047.8866 10.6809 0 0 0 0
1706671969.439999945 997.6558 2048.4969 10.6675 0 0 0 0
1706671969.719999935 997.5974 2049.0919 10.6640 0 0 0 0
1706671969.980000285 997.5814 2049.4234 10.6851 0 0 0 0
1706671970.240000007 997.5686 2050.0374 10.6432 0 0 0 0
1706671970.569999726 997.4882 2050.7094 10.6343 0 0 0 0
1706671970.869999984 997.4814 2051.2669 10.6414 0 0 0 0
1706671971.269999701 997.4781 2052.0203 10.6287 0 0 0 0
1706671971.600000048 997.4824 2052.7088 10.6313 0 0 0 0
1706671971.999999764 997.4819 2053.2919 10.5954 0 0 0 0
1706671972.300000023 997.4183 2054.0639 10.5918 0 0 0 0
1706671972.619999922 997.3994 2054.6499 10.5901 0 0 0 0
1706671972.880000272 997.3589 2055.3417 10.5937 0 0 0 0
1706671973.170000082 997.3445 2055.9157 10.5733 0 0 0 0
1706671973.459999892 997.3415 2056.4776 10.5421 0 0 0 0
1706671973.819999699 997.2632 2057.4249 10.5501 0 0 0 0
1706671974.080000049 997.2421 2058.0089 10.5251 0 0 0 0
1706671974.430000037 997.2421 2058.0089 10.5251 0 0 0 0
1706671974.870000291 997.1610 2058.9013 10.5207 0 0 0 0
1706671975.239999918 997.1175 2059.9448 10.5186 0 0 0 0
1706671975.619999995 997.0542 2060.7543 10.5085 0 0 0 0
1706671975.979999802 997.0386 2061.4946 10.5092 0 0 0 0
1706671976.249999972 996.9811 2062.1783 10.4862 0 0 0 0
1706671976.550000231 996.9726 2062.8376 10.4509 0 0 0 0
1706671976.849999861 996.9357 2063.4937 10.4543 0 0 0 0
1706671977.169999760 996.9009 2064.0876 10.4445 0 0 0 0
1706671977.490000287 996.7640 2065.0669 10.4195 0 0 0 0
1706671977.619999833 996.7640 2065.0669 10.4195 0 0 0 0
1706671977.939999732 996.7189 2065.7464 10.4107 0 0 0 0
1706671978.249999811 996.7130 2066.3391 10.4010 0 0 0 0
1706671978.569999710 996.6794 2066.9869 10.3762 0 0 0 0
1706671978.900000057 996.6787 2067.6079 10.3746 0 0 0 0
1706671979.250000045 996.5786 2068.4879 10.3478 0 0 0 0
1706671979.660000210 996.5756 2069.1330 10.3488 0 0 0 0
1706671980.020000017 996.5157 2069.9378 10.3301 0 0 0 0
1706671980.390000273 996.4573 2070.6238 10.3187 0 0 0 0
1706671980.670000263 996.4695 2071.3438 10.3097 0 0 0 0
1706671981.079999800 996.4691 2071.9126 10.2866 0 0 0 0
1706671981.359999790 996.4991 2072.7267 10.2734 0 0 0 0
1706671981.769999955 996.3982 2073.5883 10.2798 0 0 0 0
1706671982.150000031 996.3776 2074.3747 10.2357 0 0 0 0
1706671982.590000285 996.3069 2075.2864 10.2299 0 0 0 0
1706671983.099999907 996.3379 2076.2223 10.2217 0 0 0 0
1706671983.479999984 996.2379 2077.1139 10.2164 0 0 0 0
1706671983.799999882 996.1840 2077.7091 10.1840 0 0 0 0
1706671984.240000136 996.0876 2078.3304 10.1450 0 0 0 0
1706671984.709999850 996.0626 2079.1378 10.1154 0 0 0 0
1706671985.029999749 995.9676 2080.1077 10.1229 0 0 0 0
1706671985.320000187 995.9764 2080.7235 10.0888 0 0 0 0
1706671985.679999995 995.9176 2081.5138 10.0710 0 0 0 0
1706671986.120000249 995.9244 2082.1966 10.0643 0 0 0 0
1706671986.550000054 995.8398 2082.8577 10.0760 0 0 0 0
1706671986.949999770 995.7693 2083.6143 10.0357 0 0 0 0
1706671987.289999938 995.7404 2084.4311 10.0222 0 0 0 0
1706671987.530000019 995.7203 2085.2681 9.9922 0 0 0 0
1706671988.040000270 995.6751 2086.0177 9.9923 0 0 0 0
1706671988.349999720 995.6497 2086.8404 9.9840 0 0 0 0
1706671988.759999885 995.5641 2087.6591 9.9436 0 0 0 0
1706671989.130000141 995.5743 2088.3777 9.9338 0 0 0 0
1706671989.489999949 995.5861 2089.0157 9.9501 0 0 0 0
1706671989.900000114 995.6045 2089.8693 9.9329 0 0 0 0
1706671990.290000010 995.6245 2090.4165 9.9115 0 0 0 0
1706671990.719999815 995.5472 2091.1644 9.8933 0 0 0 0
1706671991.099999892 995.4849 2091.9807 9.8730 0 0 0 0
1706671991.370000062 995.3948 2092.6871 9.8636 0 0 0 0
1706671991.869999864 995.3371 2093.4676 9.8641 0 0 0 0
1706671992.200000212 995.2768 2094.1632 9.8378 0 0 0 0
1706671992.660000105 995.3176 2095.0035 9.8033 0 0 0 0
1706671992.989999824 995.2287 2095.8187 9.8055 0 0 0 0
1706671993.379999720 995.1803 2096.5168 9.7808 0 0 0 0
1706671993.850000063 995.0944 2097.3580 9.7792 0 0 0 0
1706671994.270000048 995.0840 2098.1344 9.7350 0 0 0 0
1706671994.669999764 994.9983 2099.1814 9.7224 0 0 0 0
1706671995.049999841 994.9807 2100.3088 9.6870 0 0 0 0
1706671995.329999831 994.9807 2100.3088 9.6870 0 0 0 0
1706671995.779999904 994.9324 2101.1657 9.6679 0 0 0 0
1706671996.059999894 994.7833 2101.9300 9.6578 0 0 0 0
1706671996.400000062 994.8012 2102.5208 9.6366 0 0 0 0
1706671996.880000224 994.7037 2103.3063 9.6207 0 0 0 0
1706671997.190000303 994.7307 2104.0759 9.6046 0 0 0 0
1706671997.610000288 994.6930 2104.6556 9.6292 0 0 0 0
1706671997.890000278 994.6618 2105.4174 9.6213 0 0 0 0
1706671998.229999817 994.6386 2105.9809 9.6103 0 0 0 0
1706671998.539999896 994.5308 2106.5560 9.5764 0 0 0 0
1706671998.989999969 994.4487 2107.3549 9.5443 0 0 0 0
1706671999.319999688 994.3270 2108.1438 9.5254 0 0 0 0
1706671999.640000216 994.3180 2108.9642 9.5018 0 0 0 0
1706672000.109999930 994.2738 2109.5913 9.5033 0 0 0 0
1706672000.469999737 994.2876 2110.3671 9.4915 0 0 0 0
1706672001.089999895 994.1965 2111.3615 9.4687 0 0 0 0
1706672001.670000143 994.2511 2112.4172 9.4731 0 0 0 0
1706672002.209999855 994.2049 2113.4821 9.4680 0 0 0 0
1706672002.729999926 994.1492 2114.4275 9.4167 0 0 0 0
1706672003.299999726 994.0654 2116.3827 9.4976 0 0 0 0
1706672003.630000073 994.0654 2116.3827 9.4976 0 0 0 0
1706672004.169999785 994.0549 2117.4874 9.4395 0 0 0 0
1706672004.630000307 993.9876 2118.5464 9.3939 0 0 0 0
1706672004.999999935 993.8797 2119.3070 9.3805 0 0 0 0
1706672005.359999742 993.8670 2119.9717 9.3761 0 0 0 0
1706672005.739999819 993.7703 2120.6954 9.3796 0 0 0 0
1706672006.170000252 993.7237 2121.6111 9.3072 0 0 0 0
1706672006.719999784 993.7095 2122.4256 9.2880 0 0 0 0
1706672006.989999954 993.6999 2123.3530 9.2312 0 0 0 0
1706672007.440000027 993.6904 2124.0875 9.2327 0 0 0 0
1706672007.759999926 993.6621 2125.2919 9.2382 0 0 0 0
1706672008.079999825 993.6621 2125.2919 9.2382 0 0 0 0
1706672008.580000256 993.5772 2126.1297 9.2302 0 0 0 0
1706672008.860000246 993.5474 2126.8976 9.2143 0 0 0 0
1706672009.199999785 993.4940 2127.4519 9.1819 0 0 0 0
1706672009.530000133 993.5049 2128.2364 9.1657 0 0 0 0
1706672009.889999940 993.4438 2129.0225 9.1485 0 0 0 0
1706672010.179999750 993.4289 2129.6727 9.1356 0 0 0 0
1706672010.529999738 993.4381 2130.2747 9.1560 0 0 0 0
1706672010.979999811 993.3876 2131.2281 9.1233 0 0 0 0
1706672011.350000068 993.2968 2132.0296 9.0783 0 0 0 0
1706672011.709999875 993.2083 2132.7132 9.0674 0 0 0 0
1706672012.029999774 993.2369 2133.3450 9.0472 0 0 0 0
1706672012.360000121 993.1856 2133.9321 9.0290 0 0 0 0
1706672012.630000291 993.1862 2134.4978 9.0360 0 0 0 0
1706672012.969999830 993.1691 2135.1446 9.0138 0 0 0 0
1706672013.309999998 993.0744 2135.7375 8.9777 0 0 0 0
1706672013.629999897 993.0439 2136.5518 8.9441 0 0 0 0
1706672014.040000062 992.9431 2137.3198 8.9393 0 0 0 0
1706672014.409999689 992.9616 2138.1007 8.9265 0 0 0 0
1706672014.660000219 992.8546 2138.7300 8.9226 0 0 0 0
1706672015.029999847 992.7871 2139.2927 8.9200 0 0 0 0
1706672015.419999743 992.7492 2139.8296 8.8825 0 0 0 0
1706672015.659999824 992.6660 2140.6154 8.8840 0 0 0 0
1706672015.960000083 992.6755 2141.1790 8.8502 0 0 0 0
1706672016.259999713 992.6507 2141.7500 8.8931 0 0 0 0
1706672016.559999972 992.6102 2142.2741 8.8585 0 0 0 0
1706672016.989999777 992.6305 2142.8974 8.8474 0 0 0 0
1706672017.269999767 992.6623 2143.5598 8.8033 0 0 0 0
1706672017.649999843 992.6160 2144.2742 8.8169 0 0 0 0
1706672017.969999742 992.5331 2144.7988 8.8281 0 0 0 0
1706672018.160000094 992.4565 2145.2853 8.7783 0 0 0 0
1706672018.379999907 992.4455 2145.6316 8.7947 0 0 0 0
1706672018.750000163 992.4412 2145.8780 8.7644 0 0 0 0
1706672019.030000153 992.3647 2146.7006 8.7348 0 0 0 0
1706672019.299999694 992.4108 2147.2884 8.7706 0 0 0 0
1706672019.679999771 992.4381 2148.0170 8.7498 0 0 0 0
1706672020.029999758 992.4041 2148.5752 8.7098 0 0 0 0
1706672020.269999839 992.4715 2149.1115 8.6968 0 0 0 0
1706672020.589999738 992.4151 2149.6663 8.7129 0 0 0 0
1706672020.920000086 992.5198 2150.8453 8.6567 0 0 0 0
1706672021.109999809 992.5198 2150.8453 8.6567 0 0 0 0
1706672021.319999802 992.4333 2151.4460 8.6890 0 0 0 0
1706672021.550000063 992.3686 2151.6706 8.6396 0 0 0 0
1706672021.860000142 992.2787 2152.0352 8.6421 0 0 0 0
1706672022.229999769 992.1585 2152.6641 8.6095 0 0 0 0
1706672022.460000031 992.0115 2153.5326 8.6190 0 0 0 0
1706672022.870000196 991.9831 2154.0010 8.6528 0 0 0 0
1706672023.279999732 991.8064 2155.2608 8.6216 0 0 0 0
1706672023.710000166 991.8064 2155.2608 8.6216 0 0 0 0
1706672024.090000242 991.7371 2156.1618 8.6164 0 0 0 0
1706672024.469999690 991.7014 2156.8551 8.6120 0 0 0 0
1706672024.909999943 991.7271 2157.8350 8.5818 0 0 0 0
1706672025.210000202 991.7640 2158.5370 8.5863 0 0 0 0
1706672025.520000281 991.8329 2159.0786 8.5220 0 0 0 0
1706672025.780000002 991.6818 2159.6601 8.5450 0 0 0 0
1706672026.039999723 991.6139 2160.0016 8.5406 0 0 0 0
1706672026.409999980 991.6484 2160.3313 8.5410 0 0 0 0
1706672026.829999965 991.5209 2161.2017 8.4967 0 0 0 0
1706672027.210000041 991.6089 2162.0485 8.4683 0 0 0 0
1706672027.529999940 991.6358 2162.7037 8.4856 0 0 0 0
1706672027.819999750 991.5909 2163.2810 8.4307 0 0 0 0
1706672028.120000008 991.6812 2163.7294 8.4242 0 0 0 0
1706672028.350000270 991.6673 2164.2942 8.4564 0 0 0 0
1706672028.640000080 991.6412 2164.8735 8.4304 0 0 0 0
1706672028.969999799 991.6812 2165.3524 8.3855 0 0 0 0
1706672029.249999789 991.5394 2165.9210 8.3475 0 0 0 0
1706672029.529999779 991.5130 2166.4193 8.3863 0 0 0 0
1706672029.909999855 991.4581 2167.0392 8.3728 0 0 0 0
1706672030.310000200 991.3228 2167.7435 8.3550 0 0 0 0
1706672030.719999736 991.3118 2168.4651 8.3249 0 0 0 0
1706672031.139999721 991.1167 2169.1986 8.3052 0 0 0 0
1706672031.460000249 991.1103 2170.1750 8.3201 0 0 0 0
1706672031.729999790 991.0123 2170.8899 8.2996 0 0 0 0
1706672031.990000140 991.0123 2170.8899 8.2996 0 0 0 0
1706672032.240000041 991.0446 2171.4928 8.2601 0 0 0 0
1706672032.559999940 990.9368 2172.0040 8.2778 0 0 0 0
1706672032.919999748 990.8794 2172.6685 8.2622 0 0 0 0
1706672033.269999735 990.9229 2173.5092 8.2257 0 0 0 0
1706672033.660000260 990.8841 2174.1705 8.2053 0 0 0 0
1706672033.999999799 990.9963 2174.7504 8.2161 0 0 0 0
1706672034.309999878 990.9849 2175.5940 8.1948 0 0 0 0
1706672034.769999771 991.0449 2176.6597 8.1838 0 0 0 0
1706672035.090000299 991.0449 2176.6597 8.1838 0 0 0 0
1706672035.370000289 990.9932 2177.5066 8.1912 0 0 0 0
1706672035.760000185 991.0453 2178.1460 8.1709 0 0 0 0
1706672036.059999815 991.0204 2178.6562 8.2215 0 0 0 0
1706672036.369999894 990.9688 2179.3709 8.1842 0 0 0 0
1706672036.740000150 990.9130 2180.1981 8.1713 0 0 0 0
1706672037.079999689 990.8635 2180.9037 8.1948 0 0 0 0
1706672037.430000305 990.7930 2181.9788 8.1267 0 0 0 0
1706672037.680000206 990.7930 2181.9788 8.1267 0 0 0 0
1706672038.040000014 990.7469 2182.6856 8.1342 0 0 0 0
1706672038.320000004 990.7378 2183.2611 8.1066 0 0 0 0
1706672038.649999723 990.6596 2183.8893 8.0758 0 0 0 0
1706672039.050000068 990.6650 2184.5143 8.0636 0 0 0 0
1706672039.430000144 990.6300 2185.0616 8.1022 0 0 0 0
1706672039.890000038 990.5610 2185.8149 8.0984 0 0 0 0
1706672040.270000114 990.5091 2186.5931 8.0739 0 0 0 0
1706672040.750000277 990.4824 2187.6508 8.0520 0 0 0 0
1706672041.219999990 990.3884 2188.6199 8.0045 0 0 0 0
1706672041.719999793 990.3623 2189.5541 7.9906 0 0 0 0
1706672042.139999778 990.3058 2190.5454 8.0043 0 0 0 0
1706672042.510000034 990.2170 2191.3511 8.0097 0 0 0 0
1706672042.890000110 990.1070 2191.8673 7.9895 0 0 0 0
1706672043.240000098 990.0774 2192.6221 7.9608 0 0 0 0
1706672043.720000261 990.0333 2193.4203 7.9551 0 0 0 0
1706672044.119999977 989.9963 2194.0428 7.9380 0 0 0 0
1706672044.589999691 989.9494 2194.8782 7.9385 0 0 0 0
1706672044.999999856 989.8907 2195.8292 7.9083 0 0 0 0
1706672045.419999841 989.9171 2196.4525 7.9082 0 0 0 0
1706672045.729999919 989.9548 2197.2099 7.8844 0 0 0 0
1706672046.159999724 989.9252 2197.9160 7.9230 0 0 0 0
1706672046.630000067 989.7535 2198.7863 7.9194 0 0 0 0
1706672047.129999870 989.7679 2199.4692 7.9099 0 0 0 0
1706672047.400000039 989.6764 2200.4303 7.8944 0 0 0 0
1706672047.770000296 989.6659 2200.9632 7.8479 0 0 0 0
1706672048.090000194 989.5481 2201.4081 7.8647 0 0 0 0
1706672048.400000273 989.5539 2201.8124 7.8817 0 0 0 0
1706672048.659999995 989.4417 2202.8154 7.8479 0 0 0 0
1706672048.939999985 989.4417 2202.8154 7.8479 0 0 0 0
1706672049.310000241 989.3778 2203.4082 7.8655 0 0 0 0
1706672049.600000051 989.3695 2204.2782 7.8594 0 0 0 0
1706672050.069999765 989.3384 2204.8139 7.8114 0 0 0 0
1706672050.300000026 989.3353 2205.5694 7.7964 0 0 0 0
1706672050.799999828 989.2796 2206.1072 7.8033 0 0 0 0
1706672051.109999907 989.2275 2206.9050 7.7796 0 0 0 0
1706672051.590000070 989.1562 2207.4364 7.8042 0 0 0 0
1706672051.940000057 989.0941 2208.2868 7.7838 0 0 0 0
1706672052.259999956 989.0864 2208.9671 7.7803 0 0 0 0
1706672052.560000215 989.0658 2209.5385 7.7488 0 0 0 0
1706672052.929999842 989.1547 2210.0989 7.7229 0 0 0 0
1706672053.179999744 989.1926 2210.6682 7.7544 0 0 0 0
1706672053.619999997 989.1411 2211.3712 7.7569 0 0 0 0
1706672053.899999987 989.0977 2211.9223 7.7054 0 0 0 0
1706672054.280000064 988.9896 2212.5389 7.7251 0 0 0 0
1706672054.560000054 988.9169 2213.3527 7.6976 0 0 0 0
1706672055.099999765 988.8475 2214.2729 7.6951 0 0 0 0
1706672055.479999841 988.8338 2214.9931 7.6854 0 0 0 0
1706672055.910000275 988.7649 2215.5185 7.7153 0 0 0 0
1706672056.260000262 988.7168 2216.3341 7.7083 0 0 0 0
1706672056.610000250 988.6991 2217.1019 7.6936 0 0 0 0
1706672057.059999695 988.6694 2217.7921 7.7017 0 0 0 0
1706672057.520000217 988.6626 2218.5480 7.6881 0 0 0 0
1706672057.889999845 988.6150 2219.2814 7.6897 0 0 0 0
1706672058.309999830 988.5440 2220.5586 7.6193 0 0 0 0
1706672058.710000175 988.5440 2220.5586 7.6193 0 0 0 0
1706672059.039999894 988.5595 2221.5389 7.6069 0 0 0 0
1706672059.370000241 988.5054 2222.2824 7.6085 0 0 0 0
1706672059.919999773 988.4984 2222.9184 7.5672 0 0 0 0
1706672060.220000031 988.4352 2223.5943 7.5738 0 0 0 0
1706672060.560000199 988.4127 2224.4468 7.5997 0 0 0 0
1706672061.039999733 988.3717 2225.1657 7.6140 0 0 0 0
1706672061.339999991 988.3776 2225.7198 7.6256 0 0 0 0
1706672061.650000070 988.3892 2226.4371 7.5912 0 0 0 0
1706672062.000000058 988.3388 2226.9344 7.5730 0 0 0 0
1706672062.229999690 988.3190 2227.4753 7.5740 0 0 0 0
1706672062.499999860 988.2963 2228.0014 7.5614 0 0 0 0
1706672062.840000028 988.2055 2228.5756 7.5508 0 0 0 0
1706672063.229999924 988.1796 2229.3283 7.5528 0 0 0 0
1706672063.610000000 988.1188 2229.8632 7.5909 0 0 0 0
1706672063.869999722 988.0565 2230.5354 7.5943 0 0 0 0
1706672064.179999800 988.0673 2231.1130 7.5401 0 0 0 0
1706672064.559999877 987.9881 2232.1962 7.5645 0 0 0 0
1706672064.779999689 987.9881 2232.1962 7.5645 0 0 0 0
1706672065.149999945 987.9209 2233.3000 7.4949 0 0 0 0
1706672065.380000207 987.9209 2233.3000 7.4949 0 0 0 0
1706672065.730000194 987.8660 2233.8890 7.5438 0 0 0 0
1706672066.029999824 987.8397 2234.4263 7.5502 0 0 0 0
1706672066.349999723 987.7948 2235.0196 7.5247 0 0 0 0
1706672066.699999711 987.7783 2235.7250 7.4705 0 0 0 0
1706672067.160000233 987.7301 2236.4331 7.4831 0 0 0 0
1706672067.610000307 987.7343 2237.1504 7.4748 0 0 0 0
1706672067.919999757 987.6698 2237.8438 7.4902 0 0 0 0
1706672068.320000102 987.6402 2238.6869 7.4877 0 0 0 0
1706672068.749999907 987.6520 2239.4159 7.4908 0 0 0 0
1706672069.139999803 987.6111 2240.1282 7.5043 0 0 0 0
1706672069.510000059 987.5592 2240.8308 7.5015 0 0 0 0
1706672069.890000136 987.5171 2241.5828 7.5028 0 0 0 0
1706672070.340000209 987.4083 2242.9769 7.4661 0 0 0 0
1706672070.550000202 987.4083 2242.9769 7.4661 0 0 0 0
1706672071.000000276 987.3400 2243.7273 7.4535 0 0 0 0
1706672071.329999994 987.2701 2244.2467 7.4774 0 0 0 0
1706672071.700000251 987.2242 2244.7427 7.4936 0 0 0 0
1706672071.999999881 987.1972 2245.5554 7.4699 0 0 0 0
1706672072.389999777 987.1418 2246.1392 7.4440 0 0 0 0
1706672072.729999945 987.1284 2246.8564 7.4254 0 0 0 0
1706672073.130000290 987.0402 2247.5453 7.4187 0 0 0 0
1706672073.560000095 986.9950 2248.2240 7.4026 0 0 0 0
1706672073.959999811 986.9489 2248.9634 7.4300 0 0 0 0
1706672074.390000245 986.9150 2249.4935 7.4659 0 0 0 0
1706672074.750000052 986.9134 2250.3430 7.4395 0 0 0 0
1706672075.190000306 986.9182 2251.0411 7.4404 0 0 0 0
1706672075.669999840 986.9634 2251.7510 7.4445 0 0 0 0
1706672076.089999825 986.9245 2252.5033 7.4380 0 0 0 0
1706672076.579999807 986.8530 2253.4883 7.4538 0 0 0 0
1706672077.039999701 986.7590 2254.3878 7.4616 0 0 0 0
1706672077.449999866 986.6943 2255.0836 7.4307 0 0 0 0
1706672077.869999851 986.6274 2255.8311 7.4450 0 0 0 0
1706672078.319999925 986.5880 2256.5889 7.4392 0 0 0 0
1706672078.669999912 986.4970 2257.3620 7.4150 0 0 0 0
1706672079.099999717 986.4517 2258.0622 7.4166 0 0 0 0
1706672079.409999796 986.3944 2258.8092 7.4285 0 0 0 0
1706672079.850000050 986.3610 2259.4237 7.3861 0 0 0 0
1706672080.300000124 986.2974 2260.2231 7.4037 0 0 0 0
1706672080.680000200 986.2914 2260.9230 7.3854 0 0 0 0
1706672081.100000185 986.2392 2261.6836 7.3958 0 0 0 0
1706672081.480000261 986.1834 2262.3042 7.3854 0 0 0 0
1706672081.719999714 986.1043 2263.1272 7.4131 0 0 0 0
1706672082.029999793 986.0676 2263.6390 7.4430 0 0 0 0
1706672082.330000051 986.0243 2264.1889 7.4054 0 0 0 0
1706672082.859999943 985.9330 2264.8818 7.4085 0 0 0 0
1706672083.139999933 985.8954 2265.2815 7.4042 0 0 0 0
1706672083.559999918 985.8768 2265.6750 7.4051 0 0 0 0
1706672083.879999816 985.7936 2266.5328 7.4339 0 0 0 0
1706672084.219999984 985.7556 2267.1104 7.4056 0 0 0 0
1706672084.549999703 985.6960 2267.6149 7.4170 0 0 0 0
1706672084.959999868 985.7353 2268.4782 7.4171 0 0 0 0
1706672085.290000215 985.8500 2269.1850 7.4312 0 0 0 0
1706672085.740000289 985.9204 2269.6212 7.4370 0 0 0 0
1706672086.230000271 986.0931 2270.9429 7.4042 0 0 0 0
1706672086.529999902 986.0931 2270.9429 7.4042 0 0 0 0
1706672086.889999709 986.0511 2271.6047 7.3724 0 0 0 0
1706672087.199999788 985.9208 2272.4137 7.3987 0 0 0 0
1706672087.689999770 985.8622 2273.6402 7.4352 0 0 0 0
1706672088.109999755 985.8622 2273.6402 7.4352 0 0 0 0
1706672088.470000192 985.7715 2274.6222 7.4166 0 0 0 0
1706672088.939999905 985.7209 2275.3803 7.4111 0 0 0 0
1706672089.389999979 985.6725 2275.9071 7.4337 0 0 0 0
1706672089.840000053 985.5511 2277.1256 7.3978 0 0 0 0
1706672090.140000312 985.5164 2277.8906 7.3917 0 0 0 0
1706672090.409999853 985.4913 2278.4336 7.4200 0 0 0 0
1706672090.750000020 985.4187 2279.0078 7.4065 0 0 0 0
1706672091.190000274 985.3869 2279.7741 7.4003 0 0 0 0
1706672091.690000077 985.2811 2281.1632 7.3920 0 0 0 0
1706672092.059999704 985.2811 2281.1632 7.3920 0 0 0 0
1706672092.509999778 985.2254 2281.9269 7.4090 0 0 0 0
1706672092.929999763 985.1591 2282.7880 7.4109 0 0 0 0
1706672093.269999931 985.0798 2283.5345 7.4218 0 0 0 0
1706672093.629999738 985.0770 2284.1188 7.4472 0 0 0 0
1706672093.939999817 985.0779 2284.8468 7.4355 0 0 0 0
1706672094.249999896 985.0241 2285.3441 7.4683 0 0 0 0
1706672094.599999883 984.9546 2286.3481 7.4398 0 0 0 0
1706672094.909999962 984.9546 2286.3481 7.4398 0 0 0 0
1706672095.199999772 984.9215 2287.0083 7.4808 0 0 0 0
1706672095.579999848 984.8528 2287.7322 7.4715 0 0 0 0
1706672095.910000196 984.7724 2288.2546 7.4486 0 0 0 0
1706672096.239999915 984.7826 2288.8839 7.4172 0 0 0 0
1706672096.570000262 984.7674 2289.4258 7.4750 0 0 0 0
1706672097.019999707 984.7217 2289.9809 7.4696 0 0 0 0
1706672097.420000052 984.7183 2290.7474 7.4433 0 0 0 0
1706672097.919999855 984.6528 2291.6753 7.4882 0 0 0 0
1706672098.309999751 984.7189 2292.4163 7.4612 0 0 0 0
1706672098.640000098 984.6901 2293.1874 7.4646 0 0 0 0
1706672099.009999726 984.7310 2293.7134 7.4617 0 0 0 0
1706672099.249999807 984.7386 2294.3258 7.4793 0 0 0 0
1706672099.669999792 984.6981 2294.8471 7.4849 0 0 0 0
1706672100.059999689 984.6505 2295.6559 7.4786 0 0 0 0
1706672100.399999856 984.5453 2296.3734 7.4864 0 0 0 0
1706672100.859999750 984.4480 2297.0393 7.4644 0 0 0 0
1706672101.180000277 984.3683 2297.6039 7.4758 0 0 0 0
1706672101.670000260 984.2847 2298.4891 7.4541 0 0 0 0
1706672101.960000070 984.2322 2299.0882 7.5004 0 0 0 0
1706672102.340000146 984.1885 2299.5907 7.5418 0 0 0 0
1706672102.569999779 984.1857 2300.1825 7.4907 0 0 0 0
1706672102.989999764 984.1854 2300.7661 7.5276 0 0 0 0
1706672103.240000294 984.1708 2301.4517 7.5486 0 0 0 0
1706672103.649999830 984.1672 2301.9792 7.4955 0 0 0 0
1706672103.959999909 984.0973 2302.5441 7.5142 0 0 0 0
1706672104.209999810 984.0527 2303.2114 7.5587 0 0 0 0
1706672104.510000069 984.0612 2303.4967 7.5106 0 0 0 0
1706672104.780000239 984.0489 2303.9979 7.5313 0 0 0 0
1706672105.009999871 984.0466 2304.6446 7.5649 0 0 0 0
1706672105.259999773 984.0466 2304.6446 7.5649 0 0 0 0
1706672105.590000120 984.1156 2305.1657 7.5368 0 0 0 0
1706672105.849999841 984.0567 2305.8690 7.5463 0 0 0 0
1706672106.099999743 984.0340 2306.4072 7.5464 0 0 0 0
1706672106.430000090 984.0211 2306.7433 7.5421 0 0 0 0
1706672106.789999898 983.9292 2307.3952 7.5506 0 0 0 0
1706672107.069999888 983.9194 2308.1698 7.5537 0 0 0 0
1706672107.510000141 983.9452 2308.7605 7.5890 0 0 0 0
1706672107.930000126 983.9337 2309.4501 7.6136 0 0 0 0
1706672108.259999845 983.9490 2310.1073 7.6012 0 0 0 0
1706672108.530000015 983.8853 2310.5701 7.5687 0 0 0 0
1706672108.760000276 983.8961 2311.1287 7.5971 0 0 0 0
1706672108.999999729 983.9212 2311.4774 7.5419 0 0 0 0
1706672109.180000261 983.8367 2312.1387 7.5994 0 0 0 0
1706672109.549999889 983.7132 2312.5288 7.6149 0 0 0 0
1706672109.839999699 983.6222 2313.0170 7.5851 0 0 0 0
1706672110.219999775 983.5656 2313.6180 7.6307 0 0 0 0
1706672110.529999854 983.5403 2314.3076 7.6576 0 0 0 0
1706672110.960000288 983.5584 2314.7143 7.6231 0 0 0 0
1706672111.290000007 983.5022 2315.3285 7.6494 0 0 0 0
1706672111.569999997 983.4695 2315.9719 7.6705 0 0 0 0
1706672111.819999898 983.4596 2316.5208 7.7000 0 0 0 0
1706672112.109999708 983.4209 2316.9865 7.6572 0 0 0 0
1706672112.459999695 983.4249 2317.3143 7.7031 0 0 0 0
1706672112.740000314 983.3411 2317.9724 7.6680 0 0 0 0
1706672113.000000035 983.2608 2318.4694 7.6519 0 0 0 0
1706672113.300000294 983.2432 2318.8216 7.7159 0 0 0 0
1706672113.639999833 983.2498 2319.3595 7.6596 0 0 0 0
1706672114.119999995 983.1397 2320.0969 7.6657 0 0 0 0
1706672114.570000069 983.1123 2320.8069 7.6516 0 0 0 0
1706672114.939999697 982.9910 2321.7238 7.6995 0 0 0 0
1706672115.239999956 983.0170 2322.4370 7.7005 0 0 0 0
1706672115.500000305 983.0232 2322.9262 7.7337 0 0 0 0
1706672115.780000295 982.9777 2323.3103 7.7114 0 0 0 0
1706672115.979999839 982.9856 2323.8001 7.7791 0 0 0 0
1706672116.329999827 983.0005 2324.1389 7.6990 0 0 0 0
1706672116.609999817 982.9575 2324.7751 7.7644 0 0 0 0
1706672116.959999804 982.8883 2325.2381 7.7703 0 0 0 0
1706672117.279999703 982.7930 2325.9358 7.7535 0 0 0 0
1706672117.699999688 982.6680 2326.4590 7.7515 0 0 0 0
1706672117.980000307 982.6584 2326.9463 7.8054 0 0 0 0
1706672118.289999757 982.6568 2327.3988 7.7701 0 0 0 0
1706672118.639999744 982.6178 2328.0606 7.7976 0 0 0 0
1706672119.119999907 982.5775 2328.7574 7.8003 0 0 0 0
1706672119.450000254 982.5355 2329.5123 7.8136 0 0 0 0
1706672119.670000067 982.5030 2329.9821 7.8445 0 0 0 0
1706672119.929999788 982.5274 2330.3165 7.8240 0 0 0 0
1706672120.190000138 982.4967 2330.7807 7.8504 0 0 0 0
1706672120.470000128 982.4265 2331.2490 7.8161 0 0 0 0
1706672120.880000293 982.4387 2331.7425 7.8545 0 0 0 0
1706672121.219999832 982.4137 2332.2219 7.8351 0 0 0 0
1706672121.569999820 982.3117 2332.9075 7.8345 0 0 0 0
1706672121.970000165 982.3661 2333.6159 7.8193 0 0 0 0
1706672122.299999883 982.2887 2334.1734 7.8464 0 0 0 0
1706672122.670000140 982.2732 2334.8404 7.8776 0 0 0 0
1706672123.130000033 982.2349 2335.3631 7.8895 0 0 0 0
1706672123.659999925 982.1026 2335.9386 7.8799 0 0 0 0
1706672124.109999998 982.0974 2336.6826 7.8703 0 0 0 0
1706672124.539999804 982.0027 2337.3200 7.8852 0 0 0 0
1706672124.970000237 982.1244 2337.8253 7.8917 0 0 0 0
1706672125.339999865 982.1203 2338.1623 7.9258 0 0 0 0
1706672125.810000207 982.1577 2338.4791 7.9319 0 0 0 0
1706672126.240000012 982.2873 2338.6474 7.9276 0 0 0 0
1706672126.629999909 982.3568 2338.6532 7.9323 0 0 0 0
1706672127.079999982 982.5802 2338.7282 7.8883 0 0 0 0
1706672127.339999704 982.5802 2338.7282 7.8883 0 0 0 0
1706672127.679999871 982.6666 2338.5652 7.8427 0 0 0 0
1706672128.120000125 982.6788 2338.3632 7.8016 0 0 0 0
1706672128.619999927 982.6832 2337.7397 7.8495 0 0 0 0
1706672129.090000270 982.4861 2336.9875 7.8441 0 0 0 0
1706672129.410000169 982.5528 2336.1203 7.8261 0 0 0 0
1706672129.800000065 982.5350 2335.5162 7.8000 0 0 0 0
1706672130.169999693 982.5921 2334.9175 7.7971 0 0 0 0
1706672130.469999951 982.6426 2334.3512 7.8316 0 0 0 0
1706672130.870000296 982.6292 2333.7809 7.8117 0 0 0 0
1706672131.279999833 982.7247 2333.2035 7.8115 0 0 0 0
1706672131.710000266 982.6882 2332.0743 7.8661 0 0 0 0
1706672131.939999899 982.7477 2331.6024 7.8303 0 0 0 0
1706672132.259999798 982.7477 2331.6024 7.8303 0 0 0 0
1706672132.730000140 982.7195 2330.9108 7.8214 0 0 0 0
1706672133.089999948 982.7864 2330.2514 7.8129 0 0 0 0
1706672133.570000110 982.7567 2329.4661 7.8042 0 0 0 0
1706672133.899999829 982.8062 2328.1359 7.8298 0 0 0 0
1706672134.300000174 982.8062 2328.1359 7.8298 0 0 0 0
1706672134.680000250 982.7690 2327.2826 7.8372 0 0 0 0
1706672135.079999967 982.8197 2326.5670 7.8514 0 0 0 0
1706672135.749999853 982.9339 2325.6924 7.8312 0 0 0 0
1706672136.110000289 983.0958 2324.8092 7.7437 0 0 0 0
1706672136.610000092 983.1523 2324.0791 7.7511 0 0 0 0
1706672136.899999902 983.0975 2323.3697 7.7329 0 0 0 0
1706672137.359999795 983.0628 2322.9389 7.6972 0 0 0 0
1706672137.679999694 983.1089 2322.2908 7.6810 0 0 0 0
1706672137.960000313 983.1103 2321.6689 7.6806 0 0 0 0
1706672138.240000303 983.1777 2321.1922 7.7155 0 0 0 0
1706672138.640000019 983.2632 2320.5848 7.6871 0 0 0 0
1706672139.010000275 983.2034 2319.9552 7.6907 0 0 0 0
1706672139.519999898 983.1427 2319.4348 7.7119 0 0 0 0
1706672139.899999974 983.1719 2318.7382 7.7005 0 0 0 0
1706672140.229999693 983.1477 2317.9912 7.7091 0 0 0 0
1706672140.739999944 983.2127 2317.2675 7.7217 0 0 0 0
1706672141.089999932 983.2325 2316.6452 7.7008 0 0 0 0
1706672141.400000011 983.3621 2315.8968 7.7029 0 0 0 0
1706672141.649999912 983.3997 2315.5348 7.6660 0 0 0 0
1706672141.959999991 983.4144 2314.9189 7.6917 0 0 0 0
1706672142.200000072 983.4880 2314.4387 7.6387 0 0 0 0
1706672142.540000239 983.5097 2313.8270 7.6487 0 0 0 0
1706672142.820000229 983.5370 2313.2947 7.6924 0 0 0 0
1706672143.140000128 983.5829 2312.7101 7.6202 0 0 0 0
1706672143.429999938 983.5480 2312.2487 7.6235 0 0 0 0
1706672143.919999921 983.5655 2311.5997 7.6553 0 0 0 0
1706672144.279999728 983.5479 2310.7840 7.6032 0 0 0 0
1706672144.759999891 983.5782 2310.1136 7.6213 0 0 0 0
1706672145.219999785 983.6669 2309.2040 7.5762 0 0 0 0
1706672145.620000130 983.8277 2308.5233 7.5924 0 0 0 0
1706672145.979999937 984.0292 2307.8256 7.6173 0 0 0 0
1706672146.310000285 984.0545 2307.2032 7.6342 0 0 0 0
1706672146.819999907 984.0704 2306.6619 7.5780 0 0 0 0
1706672147.220000252 983.9221 2305.7842 7.5790 0 0 0 0
1706672147.459999705 983.9645 2305.1143 7.5627 0 0 0 0
1706672147.850000230 983.9910 2304.5076 7.5352 0 0 0 0
1706672148.109999951 984.0247 2303.9139 7.5784 0 0 0 0
1706672148.429999850 984.0993 2303.3948 7.5899 0 0 0 0
1706672148.790000286 984.0888 2302.9966 7.5329 0 0 0 0
1706672149.010000098 984.0635 2302.4669 7.5723 0 0 0 0
1706672149.299999909 984.1302 2301.9196 7.5609 0 0 0 0
1706672149.600000167 984.1495 2301.4225 7.5168 0 0 0 0
1706672149.869999709 984.1557 2301.1020 7.5725 0 0 0 0
1706672150.209999876 984.2887 2300.1633 7.5765 0 0 0 0
1706672150.629999861 984.2887 2300.1633 7.5765 0 0 0 0
1706672151.040000026 984.3119 2299.4278 7.5622 0 0 0 0
1706672151.369999745 984.3818 2298.7795 7.5520 0 0 0 0
1706672151.770000090 984.3902 2298.1828 7.4961 0 0 0 0
1706672152.099999809 984.4836 2297.3389 7.4856 0 0 0 0
1706672152.419999707 984.5185 2296.8049 7.5000 0 0 0 0
1706672152.680000057 984.4820 2296.1272 7.5273 0 0 0 0
1706672153.069999954 984.5048 2295.6827 7.4857 0 0 0 0
1706672153.429999761 984.5135 2295.1031 7.4724 0 0 0 0
1706672153.790000197 984.4491 2294.3915 7.4852 0 0 0 0
1706672154.129999736 984.3970 2293.5367 7.4728 0 0 0 0
1706672154.560000170 984.4495 2292.4085 7.4683 0 0 0 0
1706672154.849999980 984.4380 2291.8066 7.4467 0 0 0 0
1706672155.150000239 984.4380 2291.8066 7.4467 0 0 0 0
1706672155.589999864 984.5556 2291.0397 7.4585 0 0 0 0
1706672156.049999758 984.6137 2290.2290 7.4374 0 0 0 0
1706672156.639999826 984.7483 2289.4533 7.4421 0 0 0 0
1706672157.119999989 984.8101 2288.6153 7.4389 0 0 0 0
1706672157.570000063 984.8915 2287.7212 7.4521 0 0 0 0
1706672157.969999779 984.8603 2286.8418 7.4490 0 0 0 0
1706672158.239999949 984.9446 2286.0450 7.4633 0 0 0 0
1706672158.570000296 984.9665 2285.5427 7.4300 0 0 0 0
1706672158.970000013 984.9991 2285.0077 7.4679 0 0 0 0
1706672159.250000003 985.0510 2284.2225 7.4602 0 0 0 0
1706672159.700000077 985.0605 2283.6459 7.4319 0 0 0 0
1706672159.970000247 985.1365 2282.9562 7.4129 0 0 0 0
1706672160.400000052 985.1491 2282.4225 7.4387 0 0 0 0
1706672160.719999950 985.1848 2281.7405 7.4354 0 0 0 0
1706672161.100000027 985.2160 2281.1790 7.4566 0 0 0 0
1706672161.520000012 985.2132 2280.6162 7.4463 0 0 0 0
1706672161.830000090 985.2784 2279.9947 7.4035 0 0 0 0
1706672162.170000258 985.2932 2279.2706 7.3994 0 0 0 0
1706672162.579999794 985.3156 2278.7731 7.4453 0 0 0 0
1706672162.899999693 985.4248 2278.0667 7.4296 0 0 0 0
1706672163.239999861 985.4847 2277.5562 7.3583 0 0 0 0
1706672163.540000119 985.5426 2276.9189 7.4065 0 0 0 0
1706672163.829999929 985.5925 2276.1588 7.4136 0 0 0 0
1706672164.070000011 985.5997 2275.6894 7.4306 0 0 0 0
1706672164.280000003 985.5997 2275.6894 7.4306 0 0 0 0
1706672164.679999719 985.5984 2275.0446 7.3809 0 0 0 0
1706672165.199999791 985.5944 2274.3827 7.3434 0 0 0 0
1706672165.600000136 985.6813 2273.5406 7.3128 0 0 0 0
1706672166.080000298 985.6455 2272.8945 7.3162 0 0 0 0
1706672166.559999832 985.6638 2272.2708 7.3315 0 0 0 0
1706672166.930000088 985.6890 2271.5455 7.3664 0 0 0 0
1706672167.299999716 985.6927 2270.9691 7.3995 0 0 0 0
1706672167.709999881 985.6299 2270.3738 7.3958 0 0 0 0
1706672168.080000137 985.4965 2269.7292 7.3849 0 0 0 0
1706672168.470000033 985.3942 2268.6200 7.3400 0 0 0 0
1706672168.780000112 985.3942 2268.6200 7.3400 0 0 0 0
1706672169.230000186 985.4240 2268.0389 7.3546 0 0 0 0
1706672169.519999996 985.4893 2267.4681 7.3585 0 0 0 0
1706672169.919999712 985.5234 2266.9549 7.3185 0 0 0 0
1706672170.329999877 985.6189 2266.3271 7.3188 0 0 0 0
1706672170.749999862 985.6420 2265.5104 7.3011 0 0 0 0
1706672171.069999761 985.7253 2264.6913 7.2955 0 0 0 0
1706672171.390000288 985.7848 2264.2274 7.3272 0 0 0 0
1706672171.670000278 985.8429 2263.6752 7.3059 0 0 0 0
1706672172.090000263 985.9442 2263.1737 7.3247 0 0 0 0
1706672172.319999896 986.0574 2262.4111 7.2890 0 0 0 0
1706672172.730000061 986.1026 2261.8163 7.2708 0 0 0 0
1706672173.019999871 986.1764 2261.2696 7.2527 0 0 0 0
1706672173.310000310 986.2060 2260.8504 7.2857 0 0 0 0
1706672173.679999937 986.2862 2260.0997 7.2984 0 0 0 0
1706672174.109999742 986.3095 2259.5036 7.2884 0 0 0 0
1706672174.349999824 986.2868 2258.7656 7.2829 0 0 0 0
1706672174.790000077 986.3556 2258.0492 7.3140 0 0 0 0
1706672175.130000245 986.3652 2256.9948 7.3471 0 0 0 0
1706672175.329999789 986.3652 2256.9948 7.3471 0 0 0 0
1706672175.660000136 986.3989 2256.6148 7.3046 0 0 0 0
1706672175.980000035 986.3886 2255.9825 7.3103 0 0 0 0
1706672176.339999842 986.4170 2254.8521 7.3577 0 0 0 0
1706672176.630000281 986.4170 2254.8521 7.3577 0 0 0 0
1706672177.039999817 986.4080 2254.1035 7.3443 0 0 0 0
1706672177.459999803 986.3956 2253.3419 7.3328 0 0 0 0
1706672177.860000147 986.3136 2252.6763 7.3341 0 0 0 0
1706672178.280000133 986.4373 2251.8874 7.3219 0 0 0 0
1706672178.709999938 986.5829 2251.1375 7.3235 0 0 0 0
1706672179.199999920 986.6874 2250.4404 7.3508 0 0 0 0
1706672179.670000263 986.6460 2249.5896 7.3437 0 0 0 0
1706672180.090000248 986.8530 2248.6217 7.3391 0 0 0 0
1706672180.580000230 987.0122 2247.9503 7.3150 0 0 0 0
1706672180.820000311 987.3771 2246.9505 7.2181 0 0 0 0
1706672181.250000116 987.3771 2246.9505 7.2181 0 0 0 0
1706672181.670000101 987.4652 2246.1058 7.2760 0 0 0 0
1706672181.959999911 987.4112 2245.4282 7.3716 0 0 0 0
1706672182.330000168 987.3378 2244.9689 7.3866 0 0 0 0
1706672182.839999790 987.2274 2244.3417 7.3977 0 0 0 0
1706672183.340000222 987.0463 2243.4553 7.3669 0 0 0 0
1706672183.690000209 987.1414 2242.5533 7.3790 0 0 0 0
1706672184.080000105 987.2465 2241.9514 7.3694 0 0 0 0
1706672184.609999997 987.2736 2241.3882 7.3958 0 0 0 0
1706672184.920000075 987.2383 2240.6867 7.3867 0 0 0 0
1706672185.330000240 987.2936 2240.0145 7.4225 0 0 0 0
1706672185.699999868 987.3592 2239.4524 7.4328 0 0 0 0
1706672186.149999942 987.3491 2238.9385 7.4805 0 0 0 0
1706672186.509999749 987.3673 2238.4272 7.4542 0 0 0 0
1706672186.989999912 987.3536 2237.9162 7.4450 0 0 0 0
1706672187.449999806 987.4111 2237.3480 7.4710 0 0 0 0
1706672187.909999699 987.4775 2236.3167 7.4977 0 0 0 0
1706672188.289999776 987.5273 2235.7334 7.4897 0 0 0 0
1706672188.639999763 987.5273 2235.7334 7.4897 0 0 0 0
1706672188.909999933 987.5349 2235.2455 7.5742 0 0 0 0
1706672189.329999918 987.5891 2234.6297 7.6065 0 0 0 0
1706672189.819999901 987.6899 2234.0338 7.6647 0 0 0 0
1706672190.309999883 987.8170 2233.3050 7.7042 0 0 0 0
1706672190.640000231 987.9042 2232.5383 7.5988 0 0 0 0
1706672190.979999769 987.9143 2232.1388 7.6119 0 0 0 0
1706672191.319999937 987.9915 2231.2316 7.6327 0 0 0 0
1706672191.560000018 987.9915 2231.2316 7.6327 0 0 0 0
1706672191.959999735 988.0358 2230.7554 7.6420 0 0 0 0
1706672192.180000176 988.0323 2230.2323 7.6552 0 0 0 0
1706672192.479999806 988.0438 2230.0152 7.6296 0 0 0 0
1706672192.710000067 988.0503 2229.6017 7.6334 0 0 0 0
1706672193.039999786 988.0809 2229.0245 7.6176 0 0 0 0
1706672193.209999870 988.0809 2229.0245 7.6176 0 0 0 0
1706672193.459999771 988.1191 2228.6581 7.6384 0 0 0 0
1706672193.729999941 988.1512 2228.2539 7.6238 0 0 0 0
1706672193.960000202 988.1766 2227.9201 7.6214 0 0 0 0
1706672194.420000096 988.2339 2227.1383 7.6133 0 0 0 0
1706672194.719999726 988.2339 2227.1383 7.6133 0 0 0 0
1706672195.129999891 988.3005 2226.6548 7.6380 0 0 0 0
1706672195.419999701 988.3392 2226.1875 7.6262 0 0 0 0
1706672195.719999960 988.3614 2225.7992 7.6269 0 0 0 0
1706672195.990000130 988.3715 2225.4595 7.6347 0 0 0 0
1706672196.340000117 988.3815 2225.0497 7.6249 0 0 0 0
1706672196.610000287 988.3785 2224.6488 7.6554 0 0 0 0
1706672197.019999824 988.4188 2224.2274 7.6178 0 0 0 0
1706672197.460000077 988.4794 2223.7083 7.6438 0 0 0 0
1706672197.819999885 988.5000 2223.1683 7.6642 0 0 0 0
1706672198.129999964 988.5169 2222.6160 7.6328 0 0 0 0
1706672198.449999862 988.5600 2222.1832 7.6565 0 0 0 0
1706672198.759999941 988.5549 2221.7737 7.6358 0 0 0 0
1706672198.969999934 988.5683 2221.2281 7.6343 0 0 0 0
1706672199.109999929 988.5683 2221.2281 7.6343 0 0 0 0
1706672199.380000099 988.6252 2220.7941 7.6731 0 0 0 0
1706672199.699999997 988.6359 2220.3659 7.6396 0 0 0 0
1706672199.989999807 988.6571 2219.9659 7.6797 0 0 0 0
1706672200.309999706 988.6814 2219.5662 7.6367 0 0 0 0
1706672200.810000137 988.7048 2219.0171 7.6606 0 0 0 0
1706672201.169999945 988.7153 2218.4622 7.7044 0 0 0 0
1706672201.650000107 988.7438 2217.9391 7.6791 0 0 0 0
1706672201.900000009 988.7163 2217.5205 7.6938 0 0 0 0
1706672202.149999910 988.6733 2217.1022 7.7207 0 0 0 0
1706672202.450000169 988.6382 2216.6243 7.7099 0 0 0 0
1706672202.849999885 988.6151 2216.1384 7.7292 0 0 0 0
1706672203.110000235 988.6829 2215.6959 7.7099 0 0 0 0
1706672203.360000136 988.7804 2215.4352 7.7576 0 0 0 0
1706672203.560000309 988.8464 2215.1898 7.7095 0 0 0 0
1706672203.810000210 988.8605 2214.8007 7.7301 0 0 0 0
1706672204.069999931 988.7821 2214.3702 7.6945 0 0 0 0
1706672204.410000099 988.7429 2213.8202 7.7563 0 0 0 0
1706672204.849999724 988.8320 2213.2512 7.7289 0 0 0 0
1706672205.180000071 988.8981 2212.8930 7.7597 0 0 0 0
1706672205.600000056 988.8964 2212.5389 7.7683 0 0 0 0
1706672205.789999780 988.9106 2211.9798 7.7575 0 0 0 0
1706672206.080000219 988.9691 2211.6549 7.8020 0 0 0 0
1706672206.409999938 988.9160 2211.2310 7.7636 0 0 0 0
1706672206.729999837 988.8867 2210.4336 7.7546 0 0 0 0
1706672206.969999918 988.8867 2210.4336 7.7546 0 0 0 0
1706672207.419999992 988.9145 2209.9871 7.7805 0 0 0 0
1706672207.739999890 988.9249 2209.4930 7.7681 0 0 0 0
1706672208.019999880 988.9660 2209.0920 7.8044 0 0 0 0
1706672208.430000045 989.0510 2208.6628 7.7774 0 0 0 0
1706672208.929999848 989.1095 2207.9101 7.7602 0 0 0 0
1706672209.330000193 989.1357 2207.4537 7.8126 0 0 0 0
1706672209.759999998 989.2640 2206.8874 7.8727 0 0 0 0
1706672210.219999892 989.3100 2206.2853 7.8666 0 0 0 0
1706672210.639999877 989.3045 2205.4873 7.8268 0 0 0 0
1706672210.989999864 989.2924 2204.9516 7.8164 0 0 0 0
1706672211.449999758 989.2860 2204.6036 7.8794 0 0 0 0
1706672211.840000283 989.3679 2204.0645 7.8610 0 0 0 0
1706672212.239999999 989.4192 2203.5433 7.8438 0 0 0 0
1706672212.680000253 989.5024 2202.3562 7.8535 0 0 0 0
1706672213.019999792 989.5024 2202.3562 7.8535 0 0 0 0
1706672213.439999777 989.3858 2201.6038 7.8266 0 0 0 0
1706672213.929999759 989.4232 2201.0437 7.8246 0 0 0 0
1706672214.419999742 989.5672 2200.3587 7.8591 0 0 0 0
1706672214.890000084 989.5229 2199.7580 7.9036 0 0 0 0
1706672215.340000158 989.4996 2199.1498 7.9000 0 0 0 0
1706672215.709999786 989.4955 2198.6187 7.8690 0 0 0 0
1706672216.129999771 989.5681 2197.7019 7.9204 0 0 0 0
1706672216.390000121 989.5681 2197.7019 7.9204 0 0 0 0
1706672216.789999837 989.5749 2197.1479 7.9111 0 0 0 0
1706672217.249999731 989.5291 2196.6362 7.9788 0 0 0 0
1706672217.629999807 989.6082 2196.2506 7.9486 0 0 0 0
1706672218.039999972 989.7559 2195.1784 8.0123 0 0 0 0
1706672218.410000228 989.7559 2195.1784 8.0123 0 0 0 0
1706672218.870000122 989.8151 2194.1847 7.9030 0 0 0 0
1706672219.360000105 989.7766 2193.4835 7.9126 0 0 0 0
1706672219.700000272 989.8036 2192.9833 7.9687 0 0 0 0
1706672219.999999902 989.8113 2192.6655 8.0148 0 0 0 0
1706672220.289999712 989.8968 2192.0271 8.0518 0 0 0 0
1706672220.669999789 989.8968 2192.0271 8.0518 0 0 0 0
1706672221.049999865 990.0703 2191.2590 8.0480 0 0 0 0
1706672221.420000121 990.1322 2190.5604 8.0040 0 0 0 0
1706672221.740000020 990.1064 2190.2039 8.0590 0 0 0 0
1706672222.059999919 990.1160 2189.9361 7.9987 0 0 0 0
1706672222.460000264 990.1521 2189.2981 8.0387 0 0 0 0
1706672222.909999709 990.1292 2188.6072 8.0799 0 0 0 0
1706672223.249999876 990.1669 2188.1024 8.0682 0 0 0 0
1706672223.660000041 990.1932 2187.4857 8.0801 0 0 0 0
1706672224.010000029 990.2407 2187.0734 8.1195 0 0 0 0
1706672224.460000102 990.3220 2186.3449 8.0859 0 0 0 0
1706672225.050000171 990.3375 2185.5726 8.1057 0 0 0 0
1706672225.540000154 990.3383 2184.8027 8.0908 0 0 0 0
1706672226.060000225 990.2451 2184.0880 8.0892 0 0 0 0
1706672226.359999855 990.2219 2183.5377 8.1650 0 0 0 0
1706672226.830000198 990.3353 2183.0021 8.1554 0 0 0 0
1706672227.309999731 990.3590 2182.4542 8.1484 0 0 0 0
1706672227.640000079 990.3932 2181.6445 8.1553 0 0 0 0
1706672227.969999798 990.4152 2180.9881 8.1779 0 0 0 0
1706672228.400000231 990.4282 2180.5393 8.1501 0 0 0 0
1706672228.720000130 990.4449 2179.9825 8.1511 0 0 0 0
1706672229.180000024 990.4728 2179.5705 8.1831 0 0 0 0
1706672229.509999743 990.4851 2178.9414 8.1673 0 0 0 0
1706672229.919999908 990.5685 2178.3709 8.2125 0 0 0 0
1706672230.309999804 990.6818 2177.7740 8.2260 0 0 0 0
1706672230.640000151 990.7694 2177.2054 8.1899 0 0 0 0
1706672231.100000045 990.8710 2176.7438 8.1926 0 0 0 0
1706672231.450000033 990.8637 2176.2849 8.2646 0 0 0 0
1706672231.849999749 990.7763 2175.8063 8.2876 0 0 0 0
1706672232.360000000 990.8699 2175.1866 8.2656 0 0 0 0
1706672232.709999988 990.8720 2174.5311 8.2746 0 0 0 0
1706672233.050000155 990.8645 2173.9849 8.3335 0 0 0 0
1706672233.459999692 990.8762 2173.5760 8.2831 0 0 0 0
1706672233.880000305 990.8945 2173.2539 8.3291 0 0 0 0
1706672234.219999844 990.8784 2172.6926 8.3090 0 0 0 0
1706672234.639999829 990.9019 2172.0044 8.2823 0 0 0 0
1706672235.000000265 990.9869 2171.3226 8.2853 0 0 0 0
1706672235.350000253 991.0091 2170.7912 8.3195 0 0 0 0
1706672235.719999881 991.0591 2170.2377 8.2907 0 0 0 0
1706672236.069999868 991.0884 2169.6983 8.4016 0 0 0 0
1706672236.419999856 991.1609 2169.2436 8.4375 0 0 0 0
1706672236.879999749 991.2307 2168.8913 8.4314 0 0 0 0
1706672237.210000097 991.3200 2168.3457 8.5084 0 0 0 0
1706672237.569999904 991.3320 2167.7806 8.4384 0 0 0 0
1706672237.999999709 991.2740 2167.2246 8.5311 0 0 0 0
1706672238.409999874 991.3775 2166.5949 8.5709 0 0 0 0
1706672238.869999768 991.3332 2166.0678 8.5562 0 0 0 0
1706672239.310000022 991.3584 2165.6698 8.5186 0 0 0 0
1706672239.690000098 991.4833 2165.1096 8.5577 0 0 0 0
1706672240.250000078 991.5392 2164.5028 8.5836 0 0 0 0
1706672240.660000243 991.6144 2163.8407 8.5576 0 0 0 0
1706672241.069999780 991.6181 2163.1859 8.5423 0 0 0 0
1706672241.430000216 991.5986 2162.5851 8.5212 0 0 0 0
1706672241.750000115 991.6358 2162.1645 8.5531 0 0 0 0
1706672242.130000191 991.6193 2161.7227 8.5132 0 0 0 0
1706672242.520000087 991.6097 2161.2169 8.5844 0 0 0 0
1706672242.900000163 991.6503 2160.6628 8.6315 0 0 0 0
1706672243.299999880 991.6964 2160.3091 8.6091 0 0 0 0
1706672243.810000131 991.9238 2159.1736 8.6810 0 0 0 0
1706672244.080000301 991.9238 2159.1736 8.6810 0 0 0 0
1706672244.559999835 991.9175 2158.6634 8.6298 0 0 0 0
1706672245.109999995 991.9572 2157.9227 8.6550 0 0 0 0
1706672245.459999982 991.9917 2157.3842 8.6590 0 0 0 0
1706672245.870000147 992.0232 2156.8147 8.6997 0 0 0 0
1706672246.299999952 992.0963 2156.2319 8.6742 0 0 0 0
1706672246.600000211 992.1207 2155.6853 8.6532 0 0 0 0
1706672246.980000287 992.0716 2155.3329 8.7187 0 0 0 0
1706672247.219999740 992.0527 2154.7471 8.7056 0 0 0 0
1706672247.540000267 992.0581 2154.3727 8.7165 0 0 0 0
1706672247.809999809 992.1024 2154.0166 8.6627 0 0 0 0
1706672248.110000067 992.0849 2153.5429 8.7109 0 0 0 0
1706672248.509999784 992.1433 2153.1415 8.7363 0 0 0 0
1706672248.660000227 992.1694 2152.8190 8.7494 0 0 0 0
1706672249.139999761 992.1306 2152.4405 8.7821 0 0 0 0
1706672249.489999749 992.1119 2151.8583 8.7365 0 0 0 0
1706672249.950000271 992.1097 2151.3544 8.7550 0 0 0 0
1706672250.310000079 992.2048 2150.7340 8.7403 0 0 0 0
1706672250.660000066 992.2341 2150.4283 8.8105 0 0 0 0
1706672251.159999869 992.3377 2149.9562 8.8404 0 0 0 0
1706672251.509999856 992.3298 2149.4652 8.8468 0 0 0 0
1706672251.840000204 992.3452 2148.7523 8.7974 0 0 0 0
1706672252.239999920 992.3504 2148.2258 8.8235 0 0 0 0
1706672252.580000088 992.3490 2147.6283 8.7923 0 0 0 0
1706672252.860000078 992.5021 2146.9983 8.8850 0 0 0 0
1706672253.089999710 992.5021 2146.9983 8.8850 0 0 0 0
1706672253.529999964 992.5691 2146.6756 8.8873 0 0 0 0
1706672253.970000218 992.5356 2146.0369 8.9308 0 0 0 0
1706672254.299999936 992.5070 2145.0698 8.9016 0 0 0 0
1706672254.670000193 992.5070 2145.0698 8.9016 0 0 0 0
1706672255.160000175 992.3423 2144.5275 8.9330 0 0 0 0
1706672255.620000069 992.4420 2143.9048 8.9389 0 0 0 0
1706672256.070000143 992.6296 2143.1576 8.9316 0 0 0 0
1706672256.439999770 992.6973 2142.6022 8.9454 0 0 0 0
1706672256.849999935 992.7631 2142.1725 9.0004 0 0 0 0
1706672257.309999829 992.7634 2141.6509 8.9708 0 0 0 0
1706672257.699999725 992.7445 2141.0316 8.9638 0 0 0 0
1706672257.969999895 992.8006 2140.5204 9.0174 0 0 0 0
1706672258.399999700 992.7944 2140.1566 9.0506 0 0 0 0
1706672258.709999779 992.8160 2139.5392 9.0075 0 0 0 0
1706672259.119999944 992.8633 2138.9286 9.0007 0 0 0 0
1706672259.560000198 992.8348 2138.3584 9.0119 0 0 0 0
1706672260.139999818 992.8471 2137.8454 9.0194 0 0 0 0
1706672260.610000161 992.9100 2137.2154 9.0551 0 0 0 0
1706672261.000000057 992.9200 2136.5628 9.1017 0 0 0 0
1706672261.429999862 993.0373 2136.0361 9.1309 0 0 0 0
1706672261.830000207 993.0053 2135.4963 9.1165 0 0 0 0
1706672262.150000106 993.0367 2135.0083 9.1050 0 0 0 0
1706672262.540000002 993.0727 2134.6718 9.1222 0 0 0 0
1706672262.920000078 993.1952 2134.2057 9.0972 0 0 0 0
1706672263.190000248 993.2901 2133.7175 9.1092 0 0 0 0
1706672263.559999876 993.3470 2133.0718 9.1193 0 0 0 0
1706672263.839999866 993.3470 2133.0718 9.1193 0 0 0 0
1706672264.289999940 993.3068 2132.5459 9.1670 0 0 0 0
1706672264.719999745 993.3033 2132.0317 9.1486 0 0 0 0
1706672265.059999912 993.2387 2131.5300 9.1557 0 0 0 0
1706672265.430000168 993.1928 2131.0228 9.2085 0 0 0 0
1706672265.810000245 993.2446 2130.5138 9.1942 0 0 0 0
1706672266.270000138 993.2178 2129.9557 9.1803 0 0 0 0
1706672266.790000210 993.1983 2129.4286 9.2327 0 0 0 0
1706672267.189999926 993.2133 2128.9067 9.2453 0 0 0 0
1706672267.700000177 993.2239 2128.4127 9.2427 0 0 0 0
1706672267.999999807 993.3031 2127.8389 9.2416 0 0 0 0
1706672268.370000063 993.3417 2127.4246 9.2452 0 0 0 0
1706672268.820000137 993.4330 2127.0791 9.2420 0 0 0 0
1706672269.289999851 993.5326 2126.5742 9.2479 0 0 0 0
1706672269.590000110 993.5583 2126.1023 9.2176 0 0 0 0
1706672270.150000090 993.6555 2125.5244 9.2412 0 0 0 0
1706672270.509999897 993.6682 2125.0846 9.2788 0 0 0 0
1706672270.939999702 993.6645 2124.6506 9.2803 0 0 0 0
1706672271.249999781 993.7040 2124.1363 9.2676 0 0 0 0
1706672271.459999774 993.7265 2123.8609 9.2938 0 0 0 0
1706672271.860000119 993.7371 2123.6307 9.2846 0 0 0 0
1706672272.189999837 993.8274 2122.9777 9.3031 0 0 0 0
1706672272.560000094 993.8274 2122.9777 9.3031 0 0 0 0
1706672272.919999901 993.9043 2122.6081 9.3131 0 0 0 0
1706672273.229999980 993.9132 2122.3011 9.3333 0 0 0 0
1706672273.559999699 993.9615 2122.0325 9.3307 0 0 0 0
1706672273.980000312 993.9822 2121.6835 9.3381 0 0 0 0
1706672274.520000024 993.9616 2121.2364 9.3451 0 0 0 0
1706672275.040000095 994.0162 2120.5395 9.3398 0 0 0 0
1706672275.600000075 993.9811 2119.9818 9.3536 0 0 0 0
1706672276.139999786 993.9933 2118.9654 9.3700 0 0 0 0
1706672276.519999863 994.0074 2118.5501 9.4015 0 0 0 0
1706672276.880000299 994.0074 2118.5501 9.4015 0 0 0 0
1706672277.289999835 994.0707 2118.0053 9.4047 0 0 0 0
1706672277.769999998 994.0406 2117.2777 9.4105 0 0 0 0
1706672278.049999988 994.0406 2117.2777 9.4105 0 0 0 0
1706672278.579999879 994.0765 2116.9557 9.4025 0 0 0 0
1706672279.020000133 994.0809 2116.6511 9.4164 0 0 0 0
1706672279.360000300 994.0433 2116.4962 9.4126 0 0 0 0
1706672279.620000022 994.0368 2116.4508 9.4187 0 0 0 0
1706672280.009999918 994.0316 2116.4234 9.4140 0 0 0 0
1706672280.340000265 994.0063 2116.4280 9.4165 0 0 0 0
1706672280.749999802 994.0502 2116.3827 9.4093 0 0 0 0
1706672281.120000058 994.0554 2116.3939 9.4070 0 0 0 0
1706672281.439999957 994.0409 2116.3577 9.4001 0 0 0 0
1706672281.840000302 994.0553 2116.3169 9.4023 0 0 0 0
1706672282.340000104 994.1479 2116.0953 9.3802 0 0 0 0
1706672282.620000094 994.1475 2115.8450 9.3795 0 0 0 0
1706672282.839999907 994.1475 2115.8450 9.3795 0 0 0 0
1706672283.289999980 994.1848 2115.6048 9.4148 0 0 0 0
1706672283.670000057 994.2423 2115.1271 9.4268 0 0 0 0
1706672284.050000133 994.2286 2114.7601 9.4179 0 0 0 0
1706672284.570000204 994.2579 2114.3731 9.4113 0 0 0 0
1706672285.119999736 994.2419 2113.8134 9.4907 0 0 0 0
1706672285.569999809 994.3447 2112.7039 9.4935 0 0 0 0
1706672285.870000068 994.3447 2112.7039 9.4935 0 0 0 0
1706672286.350000231 994.2721 2112.2211 9.4921 0 0 0 0
1706672286.679999949 994.2511 2111.6260 9.5071 0 0 0 0
1706672286.980000208 994.2576 2111.2102 9.5193 0 0 0 0
1706672287.279999838 994.2695 2110.9195 9.5221 0 0 0 0
1706672287.680000183 994.2888 2110.5559 9.5551 0 0 0 0
1706672288.009999902 994.3997 2109.7586 9.5523 0 0 0 0
1706672288.270000252 994.3997 2109.7586 9.5523 0 0 0 0
1706672288.669999968 994.4114 2109.3913 9.5538 0 0 0 0
1706672288.959999778 994.4460 2108.9431 9.5449 0 0 0 0
1706672289.210000308 994.4643 2108.6263 9.5573 0 0 0 0
1706672289.500000118 994.4558 2108.4118 9.5605 0 0 0 0
1706672289.689999842 994.4590 2108.1105 9.5817 0 0 0 0
1706672289.969999832 994.5118 2107.8137 9.5820 0 0 0 0
1706672290.130000096 994.5458 2107.6259 9.5840 0 0 0 0
1706672290.379999997 994.5811 2107.4312 9.5905 0 0 0 0
1706672290.790000162 994.6589 2106.9037 9.5986 0 0 0 0
1706672291.119999881 994.6589 2106.9037 9.5986 0 0 0 0
1706672291.569999955 994.7568 2106.4911 9.5945 0 0 0 0
1706672291.870000213 994.8122 2106.0079 9.6003 0 0 0 0
1706672292.239999841 994.8502 2105.7269 9.6142 0 0 0 0
1706672292.659999826 994.8888 2105.4291 9.6183 0 0 0 0
1706672292.960000085 994.7629 2104.6603 9.6538 0 0 0 0
1706672293.219999806 994.7629 2104.6603 9.6538 0 0 0 0
1706672293.569999794 994.6872 2104.1508 9.6532 0 0 0 0
1706672294.119999954 994.6280 2103.4726 9.6755 0 0 0 0
1706672294.439999852 994.6448 2102.9355 9.6721 0 0 0 0
1706672295.150000276 994.6960 2102.2842 9.7034 0 0 0 0
1706672295.549999992 994.7916 2101.7494 9.6999 0 0 0 0
1706672295.939999889 994.8325 2101.2995 9.7177 0 0 0 0
1706672296.399999782 994.8611 2100.7788 9.7407 0 0 0 0
1706672296.690000221 994.8746 2100.1742 9.7486 0 0 0 0
1706672296.989999851 994.8682 2099.6765 9.7409 0 0 0 0
1706672297.299999930 994.8636 2099.3000 9.7477 0 0 0 0
1706672297.880000179 994.8517 2098.7817 9.7673 0 0 0 0
1706672298.169999989 994.8405 2098.2365 9.7843 0 0 0 0
1706672298.650000151 994.8774 2097.8265 9.7836 0 0 0 0
1706672299.070000136 994.8911 2096.7484 9.8107 0 0 0 0
1706672299.410000304 994.8911 2096.7484 9.8107 0 0 0 0
1706672299.889999838 994.9409 2096.1363 9.8170 0 0 0 0
1706672300.269999914 994.8952 2095.6267 9.8142 0 0 0 0
1706672300.559999724 994.9255 2095.1010 9.8448 0 0 0 0
1706672301.060000155 994.9804 2094.5768 9.8570 0 0 0 0
1706672301.370000234 994.9544 2094.0455 9.8611 0 0 0 0
1706672301.769999950 994.9706 2093.6553 9.8824 0 0 0 0
1706672302.040000120 994.9909 2093.1089 9.9011 0 0 0 0
1706672302.369999839 995.0125 2092.7072 9.8900 0 0 0 0
1706672302.670000098 995.0505 2092.3637 9.9151 0 0 0 0
1706672302.999999817 995.1049 2092.0042 9.9009 0 0 0 0
1706672303.279999807 995.1324 2091.6321 9.9142 0 0 0 0
1706672303.729999880 995.2292 2090.7240 9.9257 0 0 0 0
1706672303.960000142 995.2292 2090.7240 9.9257 0 0 0 0
1706672304.459999944 995.3193 2090.1446 9.9323 0 0 0 0
1706672304.840000020 995.3822 2089.6343 9.9503 0 0 0 0
1706672305.190000008 995.4681 2089.1727 9.9489 0 0 0 0
1706672305.600000173 995.4968 2088.7761 9.9566 0 0 0 0
1706672305.939999712 995.5047 2088.3010 9.9881 0 0 0 0
1706672306.300000148 995.5180 2087.7312 9.9792 0 0 0 0
1706672306.760000042 995.4965 2087.3614 9.9768 0 0 0 0
1706672307.060000300 995.4910 2086.6930 10.0073 0 0 0 0
1706672307.439999748 995.5149 2086.1424 10.0149 0 0 0 0
1706672307.859999733 995.5250 2085.7167 10.0250 0 0 0 0
1706672308.239999809 995.5840 2085.2069 10.0203 0 0 0 0
1706672308.689999883 995.6093 2084.6916 10.0322 0 0 0 0
1706672309.119999688 995.6275 2084.0316 10.0572 0 0 0 0
1706672309.499999764 995.7030 2083.4185 10.0502 0 0 0 0
1706672309.900000109 995.7168 2083.0135 10.0444 0 0 0 0
1706672310.159999831 995.7686 2082.5031 10.0733 0 0 0 0
1706672310.609999904 995.8394 2082.0493 10.0705 0 0 0 0
1706672311.069999798 995.9293 2081.3640 10.1001 0 0 0 0
1706672311.489999783 995.9871 2080.8647 10.0970 0 0 0 0
1706672311.920000217 996.0104 2080.3232 10.0900 0 0 0 0
1706672312.319999933 996.0306 2079.8316 10.1448 0 0 0 0
1706672312.770000007 996.0799 2079.3012 10.1474 0 0 0 0
1706672313.119999995 996.1093 2078.7815 10.1385 0 0 0 0
1706672313.509999891 996.1038 2078.2650 10.1346 0 0 0 0
1706672313.869999698 996.1200 2077.7047 10.1586 0 0 0 0
1706672314.209999866 996.1288 2077.3357 10.1683 0 0 0 0
1706672314.430000307 996.1430 2076.9759 10.1763 0 0 0 0
1706672314.970000018 996.1746 2076.3676 10.1852 0 0 0 0
1706672315.240000188 996.1468 2075.9633 10.1929 0 0 0 0
1706672315.560000087 996.1515 2075.6165 10.2110 0 0 0 0
1706672315.830000257 996.1678 2075.2539 10.2109 0 0 0 0
1706672316.369999968 996.1895 2074.7086 10.2006 0 0 0 0
1706672316.689999867 996.1917 2074.2144 10.2147 0 0 0 0
1706672317.130000121 996.1946 2073.6822 10.2342 0 0 0 0
1706672317.529999837 996.2061 2073.1829 10.2595 0 0 0 0
1706672317.930000182 996.2543 2072.6612 10.2462 0 0 0 0
1706672318.369999807 996.2797 2072.1434 10.2525 0 0 0 0
1706672318.870000239 996.3122 2071.5080 10.2861 0 0 0 0
1706672319.419999770 996.3511 2071.0183 10.2968 0 0 0 0
1706672319.810000295 996.3540 2070.4009 10.3108 0 0 0 0
1706672320.219999831 996.3819 2069.7809 10.3128 0 0 0 0
1706672320.620000176 996.4245 2069.2373 10.3102 0 0 0 0
1706672321.029999712 996.4761 2068.7508 10.3430 0 0 0 0
1706672321.549999784 996.5340 2068.2093 10.3301 0 0 0 0
1706672322.060000035 996.5747 2067.5801 10.3267 0 0 0 0
1706672322.500000289 996.6633 2066.8762 10.3374 0 0 0 0
1706672322.850000276 996.7329 2066.2899 10.3368 0 0 0 0
1706672323.229999724 996.8842 2065.3286 10.3960 0 0 0 0
1706672323.560000071 996.8842 2065.3286 10.3960 0 0 0 0
1706672324.029999785 996.8925 2064.8140 10.4043 0 0 0 0
1706672324.400000041 996.9036 2064.2695 10.4306 0 0 0 0
1706672324.670000211 996.8622 2063.8083 10.4351 0 0 0 0
1706672325.060000108 996.8031 2063.4067 10.4259 0 0 0 0
1706672325.330000278 996.7427 2062.8569 10.4399 0 0 0 0
1706672325.769999903 996.7670 2062.3566 10.4518 0 0 0 0
1706672326.259999885 996.7875 2061.8461 10.4431 0 0 0 0
1706672326.600000053 996.8257 2061.3111 10.4188 0 0 0 0
1706672326.940000220 996.8526 2060.8632 10.4558 0 0 0 0
1706672327.300000028 996.8732 2060.3479 10.4722 0 0 0 0
1706672327.680000104 996.9309 2059.9487 10.4626 0 0 0 0
1706672328.039999912 996.9828 2059.3607 10.4924 0 0 0 0
1706672328.399999719 997.0279 2058.7636 10.4946 0 0 0 0
1706672328.800000064 997.1046 2058.3227 10.4739 0 0 0 0
1706672329.070000234 997.1669 2057.7378 10.4882 0 0 0 0
1706672329.430000042 997.1772 2057.3559 10.4921 0 0 0 0
1706672329.719999852 997.2247 2056.9392 10.4886 0 0 0 0
1706672330.090000108 997.3080 2056.4767 10.5293 0 0 0 0
1706672330.540000182 997.3225 2055.9125 10.5240 0 0 0 0
1706672330.879999720 997.3491 2055.1867 10.5872 0 0 0 0
1706672331.229999708 997.3355 2054.7604 10.5874 0 0 0 0
1706672331.480000238 997.3190 2054.3205 10.6104 0 0 0 0
1706672331.870000134 997.3364 2053.8093 10.5777 0 0 0 0
1706672332.129999856 997.2990 2053.4446 10.6009 0 0 0 0
1706672332.560000289 997.2399 2052.9524 10.5963 0 0 0 0
1706672332.920000097 997.2393 2052.4280 10.5714 0 0 0 0
1706672333.359999722 997.2763 2051.8269 10.5851 0 0 0 0
1706672333.860000153 997.3051 2051.3050 10.6224 0 0 0 0
1706672334.250000049 997.3557 2050.5999 10.6218 0 0 0 0
1706672334.740000032 997.3565 2049.9656 10.6130 0 0 0 0
1706672335.139999748 997.3900 2049.2565 10.6004 0 0 0 0
1706672335.559999733 997.4391 2048.5825 10.6015 0 0 0 0
1706672335.780000174 997.4845 2048.1188 10.6308 0 0 0 0
1706672336.200000159 997.5031 2047.8903 10.6229 0 0 0 0
1706672336.520000058 997.5121 2047.3826 10.6426 0 0 0 0
1706672336.870000046 997.4779 2046.8142 10.6648 0 0 0 0
1706672337.259999942 997.5295 2046.0332 10.6555 0 0 0 0
1706672337.439999846 997.5295 2046.0332 10.6555 0 0 0 0
1706672337.819999922 997.5788 2045.5682 10.6446 0 0 0 0
1706672338.090000092 997.6507 2045.1452 10.6475 0 0 0 0
1706672338.570000255 997.8452 2044.2496 10.6378 0 0 0 0
1706672338.720000070 997.8452 2044.2496 10.6378 0 0 0 0
1706672339.140000055 997.9113 2043.7190 10.6631 0 0 0 0
1706672339.590000128 997.9935 2043.1820 10.6600 0 0 0 0
1706672340.129999840 998.0214 2042.4034 10.6547 0 0 0 0
1706672340.610000002 998.0538 2041.8630 10.6316 0 0 0 0
1706672340.899999812 998.0945 2041.2615 10.6418 0 0 0 0
1706672341.300000157 998.1264 2040.7453 10.6560 0 0 0 0
1706672341.690000053 998.1441 2039.8943 10.6424 0 0 0 0
1706672341.970000044 998.1441 2039.8943 10.6424 0 0 0 0
1706672342.299999762 998.1331 2039.3283 10.6688 0 0 0 0
1706672342.779999925 998.1462 2038.7841 10.6746 0 0 0 0
1706672343.269999907 998.1127 2038.0948 10.6862 0 0 0 0
1706672343.740000250 998.1471 2037.5392 10.6906 0 0 0 0
1706672344.100000057 998.1824 2037.0257 10.6832 0 0 0 0
1706672344.459999865 998.2033 2036.4216 10.6979 0 0 0 0
1706672344.879999850 998.2422 2035.8300 10.6999 0 0 0 0
1706672345.350000192 998.2317 2035.2564 10.7027 0 0 0 0
1706672345.779999997 998.2801 2034.6177 10.6999 0 0 0 0
1706672346.300000069 998.3325 2033.9039 10.6865 0 0 0 0
1706672346.710000234 998.3811 2033.2666 10.7064 0 0 0 0
1706672347.009999864 998.4223 2032.6895 10.7197 0 0 0 0
1706672347.469999758 998.5171 2031.8018 10.6931 0 0 0 0
1706672347.760000196 998.5171 2031.8018 10.6931 0 0 0 0
1706672348.120000004 998.5481 2031.2639 10.7145 0 0 0 0
1706672348.560000258 998.5419 2030.6402 10.7417 0 0 0 0
1706672349.050000240 998.6027 2030.0449 10.7167 0 0 0 0
1706672349.500000314 998.6606 2028.9504 10.7568 0 0 0 0
1706672349.930000119 998.6606 2028.9504 10.7568 0 0 0 0
1706672350.329999835 998.7280 2028.2599 10.7465 0 0 0 0
1706672350.730000180 998.7496 2027.5012 10.7467 0 0 0 0
1706672351.159999985 998.7515 2026.9196 10.7288 0 0 0 0
1706672351.470000064 998.7313 2026.3354 10.7278 0 0 0 0
1706672351.820000052 998.7701 2025.9282 10.7595 0 0 0 0
1706672352.219999768 998.8680 2025.3482 10.7407 0 0 0 0
1706672352.569999755 998.8676 2024.7541 10.7141 0 0 0 0
1706672352.919999743 998.8535 2024.1781 10.7306 0 0 0 0
1706672353.299999819 998.8384 2023.6762 10.7518 0 0 0 0
1706672353.709999984 998.8161 2023.1274 10.7232 0 0 0 0
1706672354.190000147 998.8638 2022.5486 10.7132 0 0 0 0
1706672354.670000309 998.9087 2021.7960 10.7325 0 0 0 0
1706672355.049999757 998.9167 2021.1416 10.7488 0 0 0 0
1706672355.399999744 998.9567 2020.5695 10.7180 0 0 0 0
1706672355.839999998 998.9962 2019.4841 10.7519 0 0 0 0
1706672356.089999899 998.9962 2019.4841 10.7519 0 0 0 0
1706672356.449999707 998.9991 2018.8784 10.7370 0 0 0 0
1706672356.889999961 998.9793 2018.2855 10.7237 0 0 0 0
1706672357.319999766 999.0553 2017.6378 10.7019 0 0 0 0
1706672357.939999923 999.1358 2017.0687 10.7174 0 0 0 0
1706672358.329999819 999.2127 2016.3370 10.7229 0 0 0 0
1706672358.700000076 999.2690 2015.7419 10.7316 0 0 0 0
1706672359.110000241 999.3281 2015.1350 10.7130 0 0 0 0
1706672359.500000137 999.4128 2014.3769 10.7078 0 0 0 0
1706672359.920000122 999.3721 2013.7786 10.6993 0 0 0 0
1706672360.270000109 999.3385 2013.1673 10.7170 0 0 0 0
1706672360.699999915 999.3868 2012.6408 10.7039 0 0 0 0
1706672360.979999905 999.3967 2012.0733 10.7058 0 0 0 0
1706672361.429999978 999.4305 2011.5121 10.7444 0 0 0 0
1706672361.709999968 999.4748 2010.9337 10.7441 0 0 0 0
1706672362.110000313 999.4723 2010.4613 10.7287 0 0 0 0
1706672362.430000212 999.4702 2009.8154 10.7056 0 0 0 0
1706672362.869999837 999.4647 2009.2130 10.7073 0 0 0 0
1706672363.300000271 999.4290 2008.6095 10.6891 0 0 0 0
1706672363.690000167 999.4577 2008.0725 10.6977 0 0 0 0
1706672364.119999972 999.4758 2007.4621 10.6980 0 0 0 0
1706672364.549999777 999.4816 2006.9031 10.7102 0 0 0 0
1706672365.039999760 999.5362 2006.3105 10.7035 0 0 0 0
1706672365.459999745 999.6226 2005.6639 10.7048 0 0 0 0
1706672365.860000090 999.7157 2005.2330 10.6979 0 0 0 0
1706672366.270000255 999.7869 2004.8580 10.7078 0 0 0 0
1706672366.840000055 999.9804 2004.3109 10.7212 0 0 0 0
1706672367.199999862 999.9804 2004.3109 10.7212 0 0 0 0
1706672367.759999842 1000.0878 2004.3373 10.6738 0 0 0 0
1706672368.240000005 1000.0505 2004.4360 10.6124 0 0 0 0
1706672368.279999914 1000.0505 2004.4360 10.6124 0 0 0 0
1706672368.769999896 1000.0642 2004.4588 10.5754 0 0 0 0
1706672369.329999876 999.9153 2004.5807 10.4497 0 0 0 0
1706672369.700000132 999.8577 2004.7198 10.2043 0 0 0 0
1706672369.910000125 999.8577 2004.7198 10.2043 0 0 0 0
1706672370.379999839 999.9034 2004.7050 10.1537 0 0 0 0