1706673226.750000287 1000.000 2002.8230 10.0847 0 0 0 0
1706673226.890000282 1000.000 2002.8229 10.0847 0 0 0 0
1706673227.080000006 1000.000 2002.8232 10.0847 0 0 0 0
1706673227.220000001 1000.000 2002.8230 10.0847 0 0 0 0
1706673227.460000082 1000.000 2002.8231 10.0847 0 0 0 0
1706673227.740000072 1000.000 2002.8232 10.0847 0 0 0 0
1706673227.910000156 1000.000 2002.8231 10.0847 0 0 0 0
1706673228.039999702 1000.000 2002.8233 10.0847 0 0 0 0
1706673228.220000234 1000.000 2002.8231 10.0847 0 0 0 0
1706673228.360000229 1000.000 2002.8231 10.0847 0 0 0 0
1706673228.610000131 1000.000 2002.8231 10.0847 0 0 0 0
1706673228.829999943 1000.000 2002.8232 10.0847 0 0 0 0
1706673229.070000025 1000.000 2002.8233 10.0847 0 0 0 0
1706673229.280000017 1000.000 2002.8233 10.0847 0 0 0 0
1706673229.529999918 1000.000 2002.8233 10.0848 0 0 0 0
1706673229.739999911 1000.000 2002.8233 10.0848 0 0 0 0
1706673230.019999901 1000.000 2002.8233 10.0847 0 0 0 0
1706673230.180000165 1000.000 2002.8231 10.0847 0 0 0 0
1706673230.409999797 1000.000 2002.8233 10.0847 0 0 0 0
1706673230.609999970 1000.000 2002.8232 10.0847 0 0 0 0
1706673230.789999873 1000.000 2002.8234 10.0847 0 0 0 0
1706673231.109999772 1000.000 2002.8232 10.0847 0 0 0 0
1706673231.330000213 1000.000 2002.8232 10.0848 0 0 0 0
1706673231.559999846 1000.000 2002.8233 10.0847 0 0 0 0
1706673231.750000198 1000.000 2002.8232 10.0848 0 0 0 0
1706673232.019999740 1000.000 2002.8232 10.0847 0 0 0 0
1706673232.259999821 1000.000 2002.8231 10.0847 0 0 0 0
1706673232.439999725 1000.000 2002.8231 10.0847 0 0 0 0
1706673232.679999806 1000.000 2002.8232 10.0847 0 0 0 0
1706673232.919999887 1000.000 2002.8232 10.0848 0 0 0 0
1706673233.279999695 1000.000 2002.8253 10.0908 0 0 0 0
1706673233.560000313 999.9946 2002.8563 10.1198 0 0 0 0
1706673233.899999852 999.9840 2002.8934 10.2193 0 0 0 0
1706673234.209999931 999.9907 2002.9006 10.5043 0 0 0 0
1706673234.569999739 1000.016 2003.0669 10.6894 0 0 0 0
1706673234.839999909 999.8773 2003.2838 10.6686 0 0 0 0
1706673235.219999985 999.8706 2003.5318 10.7244 0 0 0 0
1706673235.609999881 999.8902 2003.8688 10.6956 0 0 0 0
1706673236.010000226 999.8043 2004.4647 10.7039 0 0 0 0
1706673236.409999942 999.8419 2005.0456 10.7637 0 0 0 0
1706673236.829999927 999.7597 2005.6581 10.7201 0 0 0 0
1706673237.270000181 999.7438 2006.0504 10.6889 0 0 0 0
1706673237.699999986 999.8138 2006.7518 10.6784 0 0 0 0
1706673238.150000060 999.7701 2007.3804 10.6746 0 0 0 0
1706673238.609999954 999.7616 2008.0900 10.6669 0 0 0 0
1706673239.060000028 999.6890 2008.5566 10.6849 0 0 0 0
1706673239.370000106 999.6592 2009.2365 10.6839 0 0 0 0
1706673239.769999823 999.6579 2010.0291 10.6757 0 0 0 0
1706673240.200000256 999.5889 2010.7403 10.6813 0 0 0 0
1706673240.569999884 999.6032 2011.1039 10.6452 0 0 0 0
1706673241.010000138 999.6125 2011.9371 10.6523 0 0 0 0
1706673241.409999854 999.7128 2012.4254 10.6300 0 0 0 0
1706673241.810000199 999.5377 2013.0945 10.6475 0 0 0 0
1706673242.200000095 999.3776 2013.6838 10.6618 0 0 0 0
1706673242.620000080 999.5241 2014.3570 10.6461 0 0 0 0
1706673242.930000159 999.5435 2014.7609 10.5960 0 0 0 0
1706673243.229999789 999.4081 2015.4546 10.6137 0 0 0 0
1706673243.420000141 999.2881 2015.8397 10.6210 0 0 0 0
1706673243.830000306 999.1831 2016.3256 10.5734 0 0 0 0
1706673244.190000114 999.3212 2016.9746 10.5964 0 0 0 0
1706673244.600000279 999.2820 2017.5901 10.6152 0 0 0 0
1706673244.939999818 999.1349 2017.9627 10.5508 0 0 0 0
1706673245.300000254 999.1316 2018.9275 10.5518 0 0 0 0
1706673245.679999702 999.1316 2018.9275 10.5518 0 0 0 0
1706673246.059999778 998.9313 2019.6829 10.5251 0 0 0 0
1706673246.430000034 998.9882 2020.2593 10.5230 0 0 0 0
1706673246.740000113 999.1658 2020.9121 10.5492 0 0 0 0
1706673247.109999740 999.2434 2021.4051 10.5561 0 0 0 0
1706673247.379999910 999.1674 2021.9666 10.5311 0 0 0 0
1706673247.809999716 998.9724 2022.6202 10.5067 0 0 0 0
1706673248.210000060 998.9638 2023.4065 10.4780 0 0 0 0
1706673248.490000051 998.9546 2023.7748 10.5199 0 0 0 0
1706673248.970000213 998.9220 2024.4633 10.5015 0 0 0 0
1706673249.400000018 998.9407 2025.2788 10.5003 0 0 0 0
1706673249.810000183 998.8250 2025.9417 10.4656 0 0 0 0
1706673250.260000257 998.7940 2026.7465 10.4351 0 0 0 0
1706673250.669999793 998.6370 2027.5163 10.4362 0 0 0 0
1706673251.089999778 998.6768 2028.2991 10.4042 0 0 0 0
1706673251.350000128 998.6034 2028.9565 10.4279 0 0 0 0
1706673251.730000204 998.5568 2029.4902 10.4654 0 0 0 0
1706673252.139999741 998.5730 2030.1637 10.4280 0 0 0 0
1706673252.500000177 998.4852 2030.8379 10.3783 0 0 0 0
1706673252.880000253 998.5133 2031.3332 10.4072 0 0 0 0
1706673253.219999792 998.5275 2031.8458 10.4165 0 0 0 0
1706673253.510000231 998.5492 2032.4323 10.4042 0 0 0 0
1706673253.860000218 998.5699 2032.8816 10.3664 0 0 0 0
1706673254.180000117 998.4079 2033.7017 10.3457 0 0 0 0
1706673254.430000018 998.4079 2033.7017 10.3457 0 0 0 0
1706673254.749999917 998.3348 2034.1680 10.3679 0 0 0 0
1706673255.039999727 998.2752 2034.5919 10.3700 0 0 0 0
1706673255.370000075 998.2404 2035.0312 10.3348 0 0 0 0
1706673255.680000153 998.2454 2035.4894 10.3647 0 0 0 0
1706673255.960000143 998.2650 2035.9740 10.3011 0 0 0 0
1706673256.219999865 998.2197 2036.4013 10.3224 0 0 0 0
1706673256.459999946 998.1914 2036.8328 10.3191 0 0 0 0
1706673257.010000106 998.2951 2037.3355 10.2905 0 0 0 0
1706673257.299999916 998.3970 2037.7551 10.3049 0 0 0 0
1706673257.729999721 998.3578 2037.9378 10.2915 0 0 0 0
1706673258.060000069 998.1538 2038.2076 10.2892 0 0 0 0
1706673258.410000056 998.0184 2038.5377 10.2733 0 0 0 0
1706673258.809999772 997.9555 2038.9496 10.2650 0 0 0 0
1706673259.119999851 997.9782 2039.5652 10.2376 0 0 0 0
1706673259.509999747 998.0936 2039.9984 10.2211 0 0 0 0
1706673259.789999737 998.1517 2040.5801 10.2283 0 0 0 0
1706673260.260000080 998.0961 2041.1754 10.2323 0 0 0 0
1706673260.589999799 998.0545 2041.6097 10.1878 0 0 0 0
1706673260.829999880 997.9446 2042.0518 10.2064 0 0 0 0
1706673261.160000227 997.8692 2042.4503 10.2198 0 0 0 0
1706673261.520000035 997.8051 2043.0252 10.1675 0 0 0 0
1706673261.919999751 997.7234 2043.4990 10.1590 0 0 0 0
1706673262.199999741 997.7143 2044.0430 10.1863 0 0 0 0
1706673262.730000261 997.6664 2044.6442 10.1871 0 0 0 0
1706673263.039999711 997.5502 2045.2073 10.1496 0 0 0 0
1706673263.470000145 997.4816 2045.6620 10.0891 0 0 0 0
1706673263.820000133 997.5089 2046.2218 10.0947 0 0 0 0
1706673264.189999760 997.7030 2046.9136 10.1333 0 0 0 0
1706673264.720000280 997.8454 2047.5158 10.0759 0 0 0 0
1706673265.089999908 997.8105 2048.3792 10.0734 0 0 0 0
1706673265.409999806 997.7269 2048.9710 10.0565 0 0 0 0
1706673265.719999885 997.5989 2049.5090 10.0352 0 0 0 0
1706673265.950000146 997.5640 2050.0629 10.0605 0 0 0 0
1706673266.270000045 997.5923 2050.5153 10.0046 0 0 0 0
1706673266.589999944 997.5825 2050.9620 10.0093 0 0 0 0
1706673266.830000025 997.6002 2051.3770 10.0399 0 0 0 0
1706673267.159999744 997.6392 2051.7874 9.9905 0 0 0 0
1706673267.450000183 997.5490 2052.2255 10.0376 0 0 0 0
1706673267.760000261 997.4439 2052.6643 10.0161 0 0 0 0
1706673268.029999803 997.4494 2053.1135 9.9685 0 0 0 0
1706673268.409999879 997.4427 2053.5590 9.9998 0 0 0 0
1706673268.619999872 997.4011 2054.0069 9.9669 0 0 0 0
1706673268.899999862 997.3685 2054.4458 10.0014 0 0 0 0
1706673269.319999847 997.3210 2054.8785 9.9701 0 0 0 0
1706673269.709999743 997.2203 2055.5343 9.9227 0 0 0 0
1706673270.199999725 997.2029 2056.1775 9.8879 0 0 0 0
1706673270.600000070 997.0171 2056.9263 9.8266 0 0 0 0
1706673271.010000235 996.9971 2057.5986 9.8331 0 0 0 0
1706673271.330000134 996.9464 2058.2678 9.8773 0 0 0 0
1706673271.699999762 996.9629 2058.7039 9.8830 0 0 0 0
1706673272.079999838 997.0889 2059.1992 9.9026 0 0 0 0
1706673272.499999823 997.2060 2059.9523 9.8633 0 0 0 0
1706673272.879999899 997.2097 2060.7888 9.8209 0 0 0 0
1706673273.250000156 997.1035 2061.4091 9.8387 0 0 0 0
1706673273.659999692 997.0067 2062.0761 9.8121 0 0 0 0
1706673273.999999859 997.0366 2062.5538 9.7523 0 0 0 0
1706673274.290000298 996.9081 2063.1590 9.7358 0 0 0 0
1706673274.599999748 996.7871 2063.6161 9.7462 0 0 0 0
1706673274.979999824 996.7373 2064.1906 9.7043 0 0 0 0
1706673275.329999812 996.6321 2064.8679 9.6820 0 0 0 0
1706673275.639999891 996.6871 2065.3773 9.6411 0 0 0 0
1706673276.059999876 996.6657 2065.7665 9.6714 0 0 0 0
1706673276.470000041 996.6144 2066.4730 9.6534 0 0 0 0
1706673276.939999755 996.6298 2067.2783 9.6614 0 0 0 0
1706673277.349999920 996.5219 2067.9675 9.6236 0 0 0 0
1706673277.720000176 996.4818 2068.6488 9.5360 0 0 0 0
1706673278.030000255 996.3780 2069.3893 9.5354 0 0 0 0
1706673278.219999978 996.4036 2070.0728 9.6169 0 0 0 0
1706673278.639999963 996.4160 2070.4483 9.4584 0 0 0 0
1706673278.999999771 996.3588 2071.4444 9.4468 0 0 0 0
1706673279.339999938 996.3699 2072.1835 9.4790 0 0 0 0
1706673279.600000288 996.3368 2073.0429 9.4612 0 0 0 0
1706673279.939999827 996.3246 2073.8261 9.4038 0 0 0 0
1706673280.419999990 996.2968 2075.0655 9.3981 0 0 0 0
1706673280.800000066 996.2494 2075.8723 9.3832 0 0 0 0
1706673281.140000233 996.2440 2076.4180 9.3261 0 0 0 0
1706673281.460000132 996.2033 2076.8950 9.3198 0 0 0 0
1706673281.770000211 996.1984 2077.3454 9.3628 0 0 0 0
1706673282.090000110 996.1536 2077.7417 9.3043 0 0 0 0
1706673282.389999740 996.0550 2078.4165 9.2845 0 0 0 0
1706673282.949999720 996.1084 2079.1983 9.2459 0 0 0 0
1706673283.270000247 996.0499 2079.7980 9.2371 0 0 0 0
1706673283.649999695 996.1034 2080.2823 9.2491 0 0 0 0
1706673284.080000129 996.1393 2080.8929 9.2612 0 0 0 0
1706673284.470000025 996.0325 2081.4346 9.2916 0 0 0 0
1706673284.840000281 996.0396 2082.0058 9.2449 0 0 0 0
1706673285.139999911 995.9716 2082.5148 9.2175 0 0 0 0
1706673285.510000167 995.9262 2082.9900 9.2487 0 0 0 0
1706673285.779999709 995.8782 2083.6222 9.2031 0 0 0 0
1706673286.180000054 995.8081 2084.0744 9.1566 0 0 0 0
1706673286.609999859 995.9378 2084.6903 9.1576 0 0 0 0
1706673286.910000117 995.9435 2085.3292 9.1941 0 0 0 0
1706673287.279999745 995.8961 2085.8573 9.1772 0 0 0 0
1706673287.640000181 995.9219 2086.2727 9.1969 0 0 0 0
1706673287.909999723 995.8687 2086.8805 9.1661 0 0 0 0
1706673288.170000073 995.8043 2087.3498 9.1622 0 0 0 0
1706673288.539999700 995.7781 2087.9097 9.1027 0 0 0 0
1706673288.900000136 995.6083 2088.5335 9.1137 0 0 0 0
1706673289.280000213 995.5314 2089.0764 9.1326 0 0 0 0
1706673289.619999751 995.5560 2089.5215 9.0581 0 0 0 0
1706673289.969999739 995.4823 2090.2346 9.0465 0 0 0 0
1706673290.339999995 995.4906 2090.8428 9.0468 0 0 0 0
1706673290.699999803 995.4383 2091.5009 9.0783 0 0 0 0
1706673291.070000059 995.3664 2092.1360 9.0704 0 0 0 0
1706673291.340000229 995.3114 2092.6735 9.0194 0 0 0 0
1706673291.639999859 995.2175 2093.0931 9.0241 0 0 0 0
1706673292.029999755 995.1482 2093.6128 9.0216 0 0 0 0
1706673292.290000105 995.1342 2094.0692 8.9620 0 0 0 0
1706673292.680000002 995.0905 2094.6382 8.9622 0 0 0 0
1706673292.959999992 995.0546 2095.4542 8.9481 0 0 0 0
1706673293.219999713 995.0410 2096.0115 8.9252 0 0 0 0
1706673293.569999700 995.0410 2096.0115 8.9252 0 0 0 0
1706673293.890000228 994.9123 2096.6568 8.9081 0 0 0 0
1706673294.159999769 994.9076 2097.4270 8.8785 0 0 0 0
1706673294.560000114 994.7940 2097.8974 8.8587 0 0 0 0
1706673295.029999828 994.8347 2098.6382 8.8753 0 0 0 0
1706673295.299999998 994.9102 2099.3132 8.8507 0 0 0 0
1706673295.750000072 994.9473 2099.9553 8.8564 0 0 0 0
1706673296.049999702 994.8930 2100.5077 8.8185 0 0 0 0
1706673296.349999961 994.7596 2100.9153 8.8326 0 0 0 0
1706673296.779999766 994.6099 2101.5416 8.8144 0 0 0 0
1706673297.159999842 994.5466 2102.0298 8.7609 0 0 0 0
1706673297.500000009 994.5399 2102.7271 8.7314 0 0 0 0
1706673297.829999728 994.6816 2103.4393 8.7104 0 0 0 0
1706673298.300000071 994.6519 2104.1543 8.7184 0 0 0 0
1706673298.699999787 994.5658 2104.7983 8.6855 0 0 0 0
1706673299.020000314 994.4734 2105.5856 8.6728 0 0 0 0
1706673299.359999853 994.4479 2106.1208 8.6368 0 0 0 0
1706673299.650000292 994.4789 2106.7102 8.6206 0 0 0 0
1706673299.910000013 994.4303 2107.1631 8.6384 0 0 0 0
1706673300.120000006 994.3767 2107.4327 8.6019 0 0 0 0
1706673300.640000077 994.3644 2108.0421 8.5657 0 0 0 0
1706673301.079999702 994.3993 2108.7428 8.5454 0 0 0 0
1706673301.349999872 994.4232 2109.4760 8.5550 0 0 0 0
1706673301.659999951 994.4021 2110.0333 8.5471 0 0 0 0
1706673301.970000030 994.2797 2110.5743 8.4871 0 0 0 0
1706673302.219999931 994.1696 2111.0845 8.4995 0 0 0 0
1706673302.670000005 994.0932 2111.5870 8.4700 0 0 0 0
1706673302.949999995 994.0619 2112.2529 8.4433 0 0 0 0
1706673303.239999805 994.1481 2112.8152 8.4494 0 0 0 0
1706673303.479999886 994.1223 2113.2800 8.4917 0 0 0 0
1706673303.649999970 994.0323 2113.5781 8.4361 0 0 0 0
1706673304.009999777 993.9333 2113.8892 8.4568 0 0 0 0
1706673304.300000216 993.8964 2114.4219 8.3724 0 0 0 0
1706673304.590000026 993.8953 2114.9081 8.3681 0 0 0 0
1706673304.949999833 993.9449 2115.6886 8.3787 0 0 0 0
1706673305.320000090 993.9379 2116.3601 8.3387 0 0 0 0
1706673305.770000163 993.8773 2117.5108 8.2626 0 0 0 0
1706673306.029999885 993.8773 2117.5108 8.2626 0 0 0 0
1706673306.449999870 993.7899 2118.1159 8.2706 0 0 0 0
1706673306.780000217 993.7787 2118.8152 8.2835 0 0 0 0
1706673307.119999756 993.8063 2119.2246 8.2267 0 0 0 0
1706673307.490000012 993.7397 2119.8589 8.2184 0 0 0 0
1706673307.909999997 993.7850 2120.4656 8.2028 0 0 0 0
1706673308.220000076 993.7956 2120.9820 8.2163 0 0 0 0
1706673308.460000157 993.7764 2121.4580 8.1772 0 0 0 0
1706673308.889999962 993.8019 2122.2398 8.1312 0 0 0 0
1706673309.270000039 993.8040 2123.2234 8.1622 0 0 0 0
1706673309.489999851 993.8040 2123.2234 8.1622 0 0 0 0
1706673309.830000019 993.8632 2123.6761 8.1098 0 0 0 0
1706673310.040000011 993.7901 2124.2356 8.1219 0 0 0 0
1706673310.310000181 993.6755 2124.5912 8.0965 0 0 0 0
1706673310.520000174 993.6225 2124.8694 8.1100 0 0 0 0
1706673310.849999893 993.5744 2125.5060 8.0772 0 0 0 0
1706673311.129999883 993.5248 2126.0329 8.0378 0 0 0 0
1706673311.540000048 993.5609 2126.5135 8.0717 0 0 0 0
1706673311.850000126 993.5513 2127.1431 8.0703 0 0 0 0
1706673312.160000205 993.4776 2127.6020 8.0264 0 0 0 0
1706673312.440000195 993.4464 2128.1361 8.0072 0 0 0 0
1706673312.790000183 993.3963 2128.5759 8.0246 0 0 0 0
1706673313.019999815 993.3632 2129.0695 8.0009 0 0 0 0
1706673313.299999805 993.3941 2129.3275 8.0287 0 0 0 0
1706673313.609999884 993.4173 2129.9392 8.0150 0 0 0 0
1706673313.919999963 993.3160 2130.5070 7.9666 0 0 0 0
1706673314.209999773 993.2737 2131.0037 8.0142 0 0 0 0
1706673314.530000300 993.2396 2131.4601 8.0170 0 0 0 0
1706673314.810000290 993.1889 2131.8096 7.9769 0 0 0 0
1706673315.160000278 993.1526 2132.2592 7.9847 0 0 0 0
1706673315.419999999 993.2010 2132.8724 7.9474 0 0 0 0
1706673315.900000161 993.1552 2133.8926 7.9646 0 0 0 0
1706673316.220000060 993.1552 2133.8926 7.9646 0 0 0 0
1706673316.640000045 993.1525 2134.5498 7.9011 0 0 0 0
1706673317.020000122 993.0351 2135.3836 7.8627 0 0 0 0
1706673317.340000020 993.0070 2135.9847 7.8248 0 0 0 0
1706673317.710000277 992.9969 2136.4673 7.8056 0 0 0 0
1706673317.900000000 993.0252 2136.8311 7.8198 0 0 0 0
1706673318.159999722 993.1068 2137.2726 7.7940 0 0 0 0
1706673318.420000072 993.0762 2137.7263 7.8252 0 0 0 0
1706673318.840000057 992.9676 2138.3927 7.7890 0 0 0 0
1706673319.260000042 992.9397 2139.3824 7.6888 0 0 0 0
1706673319.460000214 992.9397 2139.3824 7.6888 0 0 0 0
1706673319.929999928 992.9730 2139.9817 7.6918 0 0 0 0
1706673320.380000002 992.9707 2140.6226 7.6831 0 0 0 0
1706673320.750000258 992.8913 2141.1070 7.6333 0 0 0 0
1706673321.199999703 992.9220 2141.7414 7.6284 0 0 0 0
1706673321.590000228 992.8937 2142.9872 7.6207 0 0 0 0
1706673321.900000307 992.8937 2142.9872 7.6207 0 0 0 0
1706673322.290000203 992.9651 2143.5022 7.5797 0 0 0 0
1706673322.600000282 992.8962 2144.2266 7.5560 0 0 0 0
1706673322.990000178 992.8598 2144.9236 7.5248 0 0 0 0
1706673323.399999714 992.8033 2145.4562 7.5575 0 0 0 0
1706673323.749999702 992.6659 2146.1578 7.5627 0 0 0 0
1706673324.099999689 992.6073 2146.6408 7.5277 0 0 0 0
1706673324.450000306 992.5403 2147.1382 7.5680 0 0 0 0
1706673324.810000113 992.5097 2147.9753 7.5828 0 0 0 0
1706673325.440000091 992.3963 2148.7971 7.5508 0 0 0 0
1706673325.860000076 992.4126 2149.8460 7.4950 0 0 0 0
1706673326.219999883 992.2256 2150.4918 7.4578 0 0 0 0
1706673326.679999777 992.1711 2151.3238 7.4071 0 0 0 0
1706673326.989999856 992.1711 2151.3238 7.4071 0 0 0 0
1706673327.439999930 992.0884 2152.0282 7.3679 0 0 0 0
1706673327.810000186 992.0115 2152.6003 7.3737 0 0 0 0
1706673328.190000262 991.9415 2153.0561 7.4041 0 0 0 0
1706673328.620000067 992.0660 2154.1752 7.2933 0 0 0 0
1706673328.939999966 992.1647 2154.6997 7.3066 0 0 0 0
1706673329.340000311 992.1647 2154.6997 7.3066 0 0 0 0
1706673329.660000210 992.1359 2155.4192 7.2978 0 0 0 0
1706673330.059999926 992.0651 2155.9372 7.2817 0 0 0 0
1706673330.449999822 991.7362 2157.0781 7.2421 0 0 0 0
1706673330.789999990 991.7362 2157.0781 7.2421 0 0 0 0
1706673331.240000064 991.6446 2157.8533 7.2160 0 0 0 0
1706673331.620000140 991.6797 2158.4008 7.2396 0 0 0 0
1706673331.960000307 991.7921 2159.0112 7.1875 0 0 0 0
1706673332.360000024 991.9028 2159.6297 7.1819 0 0 0 0
1706673332.789999829 991.9675 2160.0089 7.1693 0 0 0 0
1706673333.249999722 991.9749 2160.8684 7.1197 0 0 0 0
1706673333.610000159 991.9003 2161.7285 7.1027 0 0 0 0
1706673333.969999966 991.8233 2162.3674 7.1080 0 0 0 0
1706673334.240000136 991.7247 2162.9062 7.1270 0 0 0 0
1706673334.650000301 991.7106 2163.4621 7.0746 0 0 0 0
1706673335.040000197 991.6741 2163.9005 7.1078 0 0 0 0
1706673335.479999823 991.6031 2164.5530 7.1185 0 0 0 0
1706673335.980000254 991.4894 2165.4294 7.0836 0 0 0 0
1706673336.540000234 991.4259 2166.3725 7.0607 0 0 0 0
1706673337.100000214 991.3711 2167.3296 7.0115 0 0 0 0
1706673337.609999836 991.3326 2168.1703 6.9355 0 0 0 0
1706673337.950000004 991.3081 2168.8700 6.9085 0 0 0 0
1706673338.239999814 991.3543 2169.4789 6.8770 0 0 0 0
1706673338.559999713 991.3303 2169.9929 6.8593 0 0 0 0
1706673338.859999971 991.2970 2170.3188 6.8516 0 0 0 0
1706673339.149999782 991.3522 2170.8467 6.8025 0 0 0 0
1706673339.440000220 991.2928 2171.3079 6.8266 0 0 0 0
1706673339.760000119 991.2325 2171.9185 6.7986 0 0 0 0
1706673340.040000109 991.2494 2172.4058 6.7564 0 0 0 0
1706673340.369999828 991.1049 2173.6012 6.6956 0 0 0 0
1706673340.619999729 991.1049 2173.6012 6.6956 0 0 0 0
1706673341.050000163 991.1062 2174.2496 6.6681 0 0 0 0
1706673341.500000237 990.9930 2175.0453 6.6620 0 0 0 0
1706673341.899999953 990.9804 2176.1563 6.6658 0 0 0 0
1706673342.300000298 990.9437 2177.0229 6.6378 0 0 0 0
1706673342.590000108 990.9367 2177.6079 6.6274 0 0 0 0
1706673342.889999738 990.8514 2178.4917 6.6071 0 0 0 0
1706673343.269999814 990.8059 2179.2469 6.5710 0 0 0 0
1706673343.530000164 990.6710 2180.0767 6.5295 0 0 0 0
1706673343.969999789 990.6397 2181.0745 6.5259 0 0 0 0
1706673344.629999856 990.5928 2182.0907 6.5043 0 0 0 0
1706673344.949999754 990.5427 2183.4594 6.4770 0 0 0 0
1706673345.229999744 990.5269 2184.3115 6.5042 0 0 0 0
1706673345.630000089 990.4076 2185.2022 6.4863 0 0 0 0
1706673345.929999719 990.3334 2185.9115 6.4659 0 0 0 0
1706673346.269999887 990.3091 2186.5332 6.3888 0 0 0 0
1706673346.680000052 990.2142 2187.1093 6.3669 0 0 0 0
1706673347.039999859 990.0728 2188.4880 6.3110 0 0 0 0
1706673347.319999849 990.0728 2188.4880 6.3110 0 0 0 0
1706673347.669999837 990.0931 2189.1491 6.2822 0 0 0 0
1706673348.040000093 990.0628 2189.7654 6.2868 0 0 0 0
1706673348.380000261 990.1266 2190.3014 6.3082 0 0 0 0
1706673348.840000154 990.1040 2190.9423 6.2756 0 0 0 0
1706673349.220000231 990.0627 2191.5809 6.2457 0 0 0 0
1706673349.570000218 990.1265 2192.1531 6.1921 0 0 0 0
1706673349.979999755 990.1037 2192.8522 6.1790 0 0 0 0
1706673350.270000193 990.0755 2193.3145 6.2193 0 0 0 0
1706673350.839999993 989.9662 2194.3805 6.1467 0 0 0 0
1706673351.140000252 989.9662 2194.3805 6.1467 0 0 0 0
1706673351.490000240 989.9592 2195.0438 6.1044 0 0 0 0
1706673351.819999958 989.9078 2195.5459 6.1337 0 0 0 0
1706673352.169999946 989.8597 2196.1107 6.1063 0 0 0 0
1706673352.419999847 989.8425 2196.7539 6.0600 0 0 0 0
1706673352.790000103 989.8114 2197.2298 6.0884 0 0 0 0
1706673353.070000093 989.7565 2197.8435 6.0846 0 0 0 0
1706673353.420000081 989.7253 2198.3333 6.0159 0 0 0 0
1706673353.760000248 989.6558 2198.9979 5.9983 0 0 0 0
1706673354.040000238 989.6774 2199.4586 6.0462 0 0 0 0
1706673354.379999777 989.7110 2199.9341 5.9917 0 0 0 0
1706673354.840000300 989.7137 2200.5211 5.9527 0 0 0 0
1706673355.260000285 989.7388 2201.0427 5.9881 0 0 0 0
1706673355.550000095 989.6879 2202.0029 5.9350 0 0 0 0
1706673355.909999902 989.6304 2202.5269 5.9346 0 0 0 0
1706673356.210000161 989.6514 2203.0359 5.8647 0 0 0 0
1706673356.450000242 989.6879 2203.4634 5.9135 0 0 0 0
1706673356.709999964 989.6951 2203.9950 5.9296 0 0 0 0
1706673357.090000040 989.6969 2204.2409 5.9207 0 0 0 0
1706673357.360000210 989.6185 2204.7594 5.9161 0 0 0 0
1706673357.650000020 989.4226 2205.2873 5.8602 0 0 0 0
1706673357.939999830 989.3935 2205.9432 5.8849 0 0 0 0
1706673358.170000091 989.4104 2206.3076 5.8636 0 0 0 0
1706673358.599999896 989.4066 2206.7945 5.8374 0 0 0 0
1706673358.979999973 989.4755 2207.4701 5.7890 0 0 0 0
1706673359.280000231 989.5215 2208.0690 5.8199 0 0 0 0
1706673359.630000219 989.4838 2208.5612 5.8028 0 0 0 0
1706673359.990000026 989.5179 2209.1659 5.7438 0 0 0 0
1706673360.650000093 989.4466 2209.9166 5.7319 0 0 0 0
1706673361.060000258 989.3272 2210.8632 5.7300 0 0 0 0
1706673361.480000243 989.2255 2212.1591 5.6487 0 0 0 0
1706673361.630000058 989.2255 2212.1591 5.6487 0 0 0 0
1706673362.029999774 989.1784 2212.6383 5.6873 0 0 0 0
1706673362.260000035 989.1139 2213.0710 5.6590 0 0 0 0
1706673362.540000025 989.1039 2213.6168 5.6052 0 0 0 0
1706673362.789999926 989.0977 2213.9138 5.6263 0 0 0 0
1706673362.990000099 989.0396 2214.5102 5.5818 0 0 0 0
1706673363.240000000 989.0394 2214.7787 5.6154 0 0 0 0
1706673363.580000168 989.0478 2215.3195 5.5540 0 0 0 0
1706673363.860000158 989.0231 2215.8274 5.5602 0 0 0 0
1706673364.289999963 989.0083 2216.3515 5.5820 0 0 0 0
1706673364.579999773 988.9790 2217.1141 5.5210 0 0 0 0
1706673364.970000298 988.8998 2217.7943 5.4945 0 0 0 0
1706673365.349999745 988.9184 2218.5078 5.4512 0 0 0 0
1706673365.710000182 988.8990 2219.0399 5.4584 0 0 0 0
1706673366.109999898 988.9023 2219.6802 5.4410 0 0 0 0
1706673366.499999794 988.9213 2220.2081 5.4279 0 0 0 0
1706673366.870000050 988.8432 2221.0297 5.4397 0 0 0 0
1706673367.229999858 988.7974 2221.7151 5.3965 0 0 0 0
1706673367.710000020 988.7406 2222.4415 5.3741 0 0 0 0
1706673368.130000005 988.6751 2223.1988 5.3491 0 0 0 0
1706673368.449999904 988.5417 2223.9938 5.3486 0 0 0 0
1706673368.890000158 988.4628 2224.7120 5.3106 0 0 0 0
1706673369.389999961 988.3727 2225.4588 5.2941 0 0 0 0
1706673369.709999859 988.3305 2226.5429 5.2554 0 0 0 0
1706673369.949999941 988.3305 2226.5429 5.2554 0 0 0 0
1706673370.210000291 988.3394 2227.0921 5.2661 0 0 0 0
1706673370.630000276 988.3532 2227.6439 5.1956 0 0 0 0
1706673371.029999992 988.3008 2228.3003 5.1926 0 0 0 0
1706673371.379999979 988.3440 2228.9947 5.1692 0 0 0 0
1706673371.739999787 988.2957 2229.7127 5.1790 0 0 0 0
1706673372.119999863 988.2841 2230.3958 5.1536 0 0 0 0
1706673372.460000031 988.2961 2230.8397 5.1500 0 0 0 0
1706673372.740000021 988.2731 2231.4128 5.1039 0 0 0 0
1706673373.029999831 988.2665 2231.9086 5.0976 0 0 0 0
1706673373.349999730 988.2317 2232.5312 5.1097 0 0 0 0
1706673373.729999806 988.1545 2233.2240 5.1136 0 0 0 0
1706673374.090000242 988.1226 2233.6524 5.0684 0 0 0 0
1706673374.349999963 988.0573 2234.1662 5.1000 0 0 0 0
1706673374.860000215 987.9498 2235.0921 5.0570 0 0 0 0
1706673375.229999842 987.8766 2235.8469 5.0535 0 0 0 0
1706673375.609999918 987.8524 2236.4983 5.0364 0 0 0 0
1706673375.969999726 987.8217 2237.3745 4.9852 0 0 0 0
1706673376.269999985 987.8217 2237.3745 4.9852 0 0 0 0
1706673376.759999967 987.8122 2238.0074 4.9422 0 0 0 0
1706673377.200000221 987.7783 2238.8494 4.9165 0 0 0 0
1706673377.639999846 987.7816 2239.5179 4.9067 0 0 0 0
1706673378.089999920 987.7213 2240.3572 4.9124 0 0 0 0
1706673378.509999905 987.6444 2241.2166 4.8636 0 0 0 0
1706673378.980000247 987.5899 2242.1355 4.8409 0 0 0 0
1706673379.410000052 987.5914 2242.8425 4.8106 0 0 0 0
1706673379.750000220 987.5516 2243.5863 4.8175 0 0 0 0
1706673379.949999764 987.5227 2244.0877 4.8113 0 0 0 0
1706673380.329999840 987.5400 2244.5437 4.7558 0 0 0 0
1706673380.670000007 987.4982 2245.1859 4.7441 0 0 0 0
1706673381.080000172 987.4738 2245.6782 4.7522 0 0 0 0
1706673381.400000071 987.4576 2246.1415 4.7377 0 0 0 0
1706673381.689999881 987.3525 2246.9283 4.7284 0 0 0 0
1706673382.069999957 987.3414 2247.5164 4.6785 0 0 0 0
1706673382.370000216 987.2862 2248.0419 4.6879 0 0 0 0
1706673382.730000024 987.2339 2248.5533 4.7028 0 0 0 0
1706673383.040000102 987.2017 2249.0519 4.6279 0 0 0 0
1706673383.350000181 987.1117 2249.6831 4.6418 0 0 0 0
1706673383.740000078 987.0780 2250.3241 4.6228 0 0 0 0
1706673384.080000245 987.0494 2250.7623 4.6259 0 0 0 0
1706673384.400000144 987.0494 2250.7623 4.6259 0 0 0 0
1706673384.890000126 986.9670 2251.0334 4.6055 0 0 0 0
1706673385.389999929 986.9850 2250.9414 4.6147 0 0 0 0
1706673385.800000094 987.0192 2250.7584 4.6085 0 0 0 0
1706673386.159999901 987.0076 2250.4228 4.6344 0 0 0 0
1706673386.579999886 987.0332 2250.0972 4.6252 0 0 0 0
1706673386.880000145 987.1589 2249.8139 4.6474 0 0 0 0
1706673387.179999775 987.2702 2249.6416 4.6684 0 0 0 0
1706673387.489999854 987.3109 2249.5309 4.6504 0 0 0 0
1706673387.990000285 987.2373 2249.4315 4.6601 0 0 0 0
1706673388.280000095 987.1267 2249.2890 4.6583 0 0 0 0
1706673388.620000263 987.0322 2248.9620 4.6538 0 0 0 0
1706673389.080000157 986.9619 2248.5416 4.6474 0 0 0 0
1706673389.470000053 986.9679 2248.1660 4.6532 0 0 0 0
1706673389.920000127 987.0412 2247.8004 4.6977 0 0 0 0
1706673390.279999934 987.0166 2247.4435 4.7034 0 0 0 0
1706673390.820000274 987.0484 2247.2857 4.7163 0 0 0 0
1706673391.189999902 987.2311 2247.0446 4.7179 0 0 0 0
1706673391.609999887 987.3251 2246.8236 4.7195 0 0 0 0
1706673391.940000234 987.2570 2246.5596 4.7265 0 0 0 0
1706673392.370000039 987.1874 2246.3075 4.7188 0 0 0 0
1706673392.829999933 987.1620 2246.0869 4.7233 0 0 0 0
1706673393.259999738 987.1369 2245.7638 4.7170 0 0 0 0
1706673393.620000174 987.0482 2245.3437 4.7537 0 0 0 0
1706673393.940000073 987.0476 2244.9356 4.7528 0 0 0 0
1706673394.140000246 987.0601 2244.4928 4.7783 0 0 0 0
1706673394.420000236 987.1067 2244.0948 4.7627 0 0 0 0
1706673394.770000223 987.1796 2243.7051 4.7783 0 0 0 0
1706673395.120000211 987.2512 2243.3206 4.7983 0 0 0 0
1706673395.330000203 987.2668 2242.9368 4.7906 0 0 0 0
1706673395.640000282 987.2737 2242.5630 4.8362 0 0 0 0
1706673396.019999729 987.3217 2242.1816 4.8228 0 0 0 0
1706673396.359999897 987.3467 2241.6591 4.8365 0 0 0 0
1706673396.760000242 987.3732 2241.1418 4.8742 0 0 0 0
1706673397.110000229 987.4279 2240.6962 4.8717 0 0 0 0
1706673397.369999951 987.4251 2240.3550 4.8787 0 0 0 0
1706673397.600000212 987.4347 2240.1274 4.8667 0 0 0 0
1706673397.799999756 987.4583 2239.7278 4.8988 0 0 0 0
1706673398.240000010 987.5320 2239.3247 4.9051 0 0 0 0
1706673398.499999731 987.5461 2238.9327 4.9032 0 0 0 0
1706673398.790000170 987.5624 2238.5607 4.9323 0 0 0 0
1706673399.100000248 987.6423 2238.1021 4.9187 0 0 0 0
1706673399.439999787 987.7237 2237.7152 4.9654 0 0 0 0
1706673399.859999772 987.8117 2237.2995 4.9475 0 0 0 0
1706673400.230000028 987.9253 2236.8400 4.9667 0 0 0 0
1706673400.449999841 987.9375 2236.2704 5.0012 0 0 0 0
1706673400.759999920 987.9230 2235.9381 4.9820 0 0 0 0
1706673401.000000001 987.9337 2235.5906 5.0188 0 0 0 0
1706673401.329999720 987.9552 2235.2469 5.0283 0 0 0 0
1706673401.629999978 987.8916 2234.8569 5.0275 0 0 0 0
1706673402.049999963 987.7985 2234.5164 5.0595 0 0 0 0
1706673402.469999949 987.7288 2233.9040 5.0721 0 0 0 0
1706673402.969999751 987.7000 2233.3487 5.0502 0 0 0 0
1706673403.389999736 987.7679 2232.7635 5.0781 0 0 0 0
1706673403.820000170 987.8658 2232.2871 5.1350 0 0 0 0
1706673404.210000066 987.8767 2231.6929 5.1283 0 0 0 0
1706673404.669999960 987.9294 2231.1957 5.1497 0 0 0 0
1706673405.050000036 988.0429 2230.8759 5.1509 0 0 0 0
1706673405.409999844 988.1466 2230.5444 5.1448 0 0 0 0
1706673405.880000186 988.2058 2229.9187 5.1624 0 0 0 0
1706673406.200000085 988.2058 2229.9187 5.1624 0 0 0 0
1706673406.750000245 988.1913 2229.6942 5.1632 0 0 0 0
1706673407.129999693 988.1450 2229.2124 5.1855 0 0 0 0
1706673407.539999858 988.1606 2228.5700 5.2072 0 0 0 0
1706673408.029999840 988.1445 2227.9936 5.1826 0 0 0 0
1706673408.390000276 988.1681 2227.3828 5.2163 0 0 0 0
1706673408.780000173 988.1842 2226.8145 5.2643 0 0 0 0
1706673409.170000069 988.1562 2226.3932 5.2719 0 0 0 0
1706673409.480000148 988.2091 2225.8072 5.2675 0 0 0 0
1706673409.870000044 988.2837 2224.8040 5.3137 0 0 0 0
1706673410.150000034 988.2837 2224.8040 5.3137 0 0 0 0
1706673410.609999928 988.3034 2224.1843 5.3143 0 0 0 0
1706673411.069999821 988.3007 2223.5893 5.3055 0 0 0 0
1706673411.470000166 988.3068 2222.9221 5.3271 0 0 0 0
1706673411.850000243 988.3723 2222.3199 5.3684 0 0 0 0
1706673412.270000228 988.3507 2221.7622 5.3971 0 0 0 0
1706673412.730000122 988.3893 2221.0755 5.4112 0 0 0 0
1706673413.099999749 988.3848 2220.2711 5.4500 0 0 0 0
1706673413.540000003 988.4918 2219.6358 5.4704 0 0 0 0
1706673413.939999719 988.5809 2219.0350 5.4710 0 0 0 0
1706673414.340000064 988.6476 2218.2298 5.4979 0 0 0 0
1706673414.779999689 988.7143 2217.7632 5.5278 0 0 0 0
1706673415.100000217 988.7439 2216.9740 5.5440 0 0 0 0
1706673415.609999839 988.7762 2216.4122 5.5855 0 0 0 0
1706673415.950000007 988.7488 2215.7761 5.5820 0 0 0 0
1706673416.360000172 988.7890 2215.0939 5.5861 0 0 0 0
1706673416.740000248 988.7705 2214.5118 5.5707 0 0 0 0
1706673417.209999962 988.9045 2213.4175 5.6543 0 0 0 0
1706673417.599999858 988.9045 2213.4175 5.6543 0 0 0 0
1706673417.870000028 988.9836 2212.5701 5.6615 0 0 0 0
1706673418.259999924 989.0431 2212.1142 5.6536 0 0 0 0
1706673418.619999732 989.0482 2211.6624 5.6532 0 0 0 0
1706673419.010000257 989.0276 2210.9839 5.6874 0 0 0 0
1706673419.370000064 989.1015 2210.3818 5.7249 0 0 0 0
1706673419.879999687 989.1581 2209.6389 5.7380 0 0 0 0
1706673420.259999763 989.2401 2208.8004 5.7613 0 0 0 0
1706673420.660000108 989.2039 2208.1452 5.7469 0 0 0 0
1706673420.980000007 989.2627 2207.3998 5.7601 0 0 0 0
1706673421.420000261 989.2670 2206.9202 5.7701 0 0 0 0
1706673421.710000071 989.3195 2206.3460 5.7999 0 0 0 0
1706673422.099999967 989.3718 2205.7363 5.8569 0 0 0 0
1706673422.519999952 989.3612 2205.2556 5.8129 0 0 0 0
1706673422.869999940 989.3966 2204.5420 5.8363 0 0 0 0
1706673423.189999838 989.4129 2203.9797 5.8471 0 0 0 0
1706673423.789999727 989.4247 2203.1784 5.8652 0 0 0 0
1706673424.199999892 989.4314 2202.6861 5.9033 0 0 0 0
1706673424.519999791 989.4127 2202.0405 5.9355 0 0 0 0
1706673424.969999865 989.4739 2201.0523 5.9094 0 0 0 0
1706673425.240000035 989.4739 2201.0523 5.9094 0 0 0 0
1706673425.620000111 989.5179 2200.2927 5.9463 0 0 0 0
1706673426.040000096 989.5530 2199.6054 6.0195 0 0 0 0
1706673426.509999810 989.5624 2199.1163 5.9875 0 0 0 0
1706673427.069999790 989.6553 2198.3702 6.0163 0 0 0 0
1706673427.519999864 989.7158 2197.4591 6.0625 0 0 0 0
1706673427.939999849 989.8051 2196.6166 6.0883 0 0 0 0
1706673428.249999927 989.8041 2196.1270 6.0533 0 0 0 0
1706673428.499999829 989.8432 2195.4856 6.0681 0 0 0 0
1706673428.959999722 989.8870 2194.8725 6.1199 0 0 0 0
1706673429.309999710 989.9486 2194.1285 6.1476 0 0 0 0
1706673429.679999966 990.0054 2193.6469 6.1285 0 0 0 0
1706673429.999999865 989.9983 2192.5592 6.1878 0 0 0 0
1706673430.249999766 989.9983 2192.5592 6.1878 0 0 0 0
1706673430.760000017 990.0329 2191.9425 6.1915 0 0 0 0
1706673431.070000096 990.0396 2191.1236 6.2140 0 0 0 0
1706673431.439999724 990.0984 2190.4974 6.2059 0 0 0 0
1706673431.679999805 990.1112 2190.0216 6.2318 0 0 0 0
1706673432.040000241 990.1057 2189.5115 6.2704 0 0 0 0
1706673432.419999689 990.1305 2189.0164 6.2404 0 0 0 0
1706673432.770000305 990.1403 2188.2873 6.2666 0 0 0 0
1706673433.139999933 990.1467 2187.5294 6.3037 0 0 0 0
1706673433.559999918 990.1969 2186.9609 6.3752 0 0 0 0
1706673434.000000171 990.2593 2186.2923 6.3902 0 0 0 0
1706673434.409999708 990.3276 2185.5767 6.4081 0 0 0 0
1706673434.859999781 990.3629 2184.9831 6.3851 0 0 0 0
1706673435.250000306 990.3998 2184.1036 6.4066 0 0 0 0
1706673435.519999848 990.4512 2183.3714 6.4348 0 0 0 0
1706673436.009999830 990.4923 2182.7387 6.4535 0 0 0 0
1706673436.319999909 990.5494 2182.2821 6.5102 0 0 0 0
1706673436.609999719 990.5828 2181.7424 6.4910 0 0 0 0
1706673437.029999704 990.6293 2181.1742 6.4941 0 0 0 0
1706673437.379999692 990.6554 2180.1936 6.5395 0 0 0 0
1706673437.640000042 990.6554 2180.1936 6.5395 0 0 0 0
1706673437.959999940 990.6853 2179.4809 6.5399 0 0 0 0
1706673438.340000017 990.7025 2179.0427 6.5686 0 0 0 0
1706673438.669999735 990.7070 2178.4703 6.5953 0 0 0 0
1706673439.019999723 990.7696 2177.8745 6.5878 0 0 0 0
1706673439.399999799 990.7913 2177.2674 6.5813 0 0 0 0
1706673439.609999792 990.8129 2176.7444 6.6082 0 0 0 0
1706673439.919999870 990.8715 2176.3025 6.6406 0 0 0 0
1706673440.409999853 990.9005 2175.7284 6.6240 0 0 0 0
1706673440.689999843 990.9155 2175.0313 6.6562 0 0 0 0
1706673441.170000006 990.9193 2174.5651 6.7113 0 0 0 0
1706673441.559999902 990.8995 2173.8604 6.7084 0 0 0 0
1706673441.900000069 990.9893 2172.8139 6.7623 0 0 0 0
1706673442.100000242 990.9893 2172.8139 6.7623 0 0 0 0
1706673442.479999689 991.0254 2172.1869 6.7720 0 0 0 0
1706673442.690000311 991.0893 2171.5145 6.7745 0 0 0 0
1706673442.989999941 991.1165 2171.1731 6.7779 0 0 0 0
1706673443.409999926 991.1599 2170.3777 6.7919 0 0 0 0
1706673443.759999913 991.2154 2169.9309 6.8171 0 0 0 0
1706673444.160000258 991.2270 2169.2304 6.8161 0 0 0 0
1706673444.499999797 991.2568 2168.6705 6.8157 0 0 0 0
1706673444.970000139 991.3017 2167.3297 6.8816 0 0 0 0
1706673445.259999949 991.3017 2167.3297 6.8816 0 0 0 0
1706673445.560000208 991.3694 2166.6008 6.9320 0 0 0 0
1706673445.899999747 991.3951 2166.0140 6.9178 0 0 0 0
1706673446.200000006 991.4379 2165.5545 6.9324 0 0 0 0
1706673446.409999998 991.4568 2165.0187 6.9767 0 0 0 0
1706673446.710000257 991.4524 2164.7015 6.9353 0 0 0 0
1706673446.990000247 991.4790 2164.2104 6.9923 0 0 0 0
1706673447.319999966 991.5626 2163.8439 6.9863 0 0 0 0
1706673447.590000136 991.5820 2163.3932 6.9882 0 0 0 0
1706673447.830000217 991.5670 2162.9625 7.0328 0 0 0 0
1706673448.159999936 991.5870 2162.6163 7.0068 0 0 0 0
1706673448.470000015 991.6310 2162.2287 7.0443 0 0 0 0
1706673448.920000088 991.6648 2161.8403 7.0414 0 0 0 0
1706673449.230000167 991.7664 2161.4063 7.0623 0 0 0 0
1706673449.519999977 991.8500 2161.1160 7.0826 0 0 0 0
1706673449.820000236 991.8695 2160.8554 7.0808 0 0 0 0
1706673450.200000312 991.8441 2160.6222 7.0955 0 0 0 0
1706673450.670000026 991.8327 2160.4265 7.1006 0 0 0 0
1706673451.180000277 991.8383 2160.3910 7.0917 0 0 0 0
1706673451.659999811 991.8731 2160.2423 7.0732 0 0 0 0
1706673451.999999979 991.8336 2159.7817 7.0748 0 0 0 0
1706673452.349999966 991.7936 2159.1987 7.0853 0 0 0 0
1706673452.860000217 991.7690 2158.5847 7.1160 0 0 0 0
1706673453.189999936 991.7624 2157.9755 7.1750 0 0 0 0
1706673453.829999734 991.7905 2156.7070 7.1314 0 0 0 0
1706673454.120000172 991.7905 2156.7070 7.1314 0 0 0 0
1706673454.440000071 991.8851 2156.1448 7.1474 0 0 0 0
1706673454.739999701 991.9355 2155.6419 7.1827 0 0 0 0
1706673455.159999686 991.9550 2155.0433 7.2232 0 0 0 0
1706673455.580000300 991.9809 2154.4172 7.1903 0 0 0 0
1706673456.019999925 992.0101 2153.7233 7.2301 0 0 0 0
1706673456.509999908 992.0421 2153.0481 7.2512 0 0 0 0
1706673457.029999979 992.0692 2152.3751 7.2546 0 0 0 0
1706673457.419999875 992.1701 2151.6555 7.2931 0 0 0 0
1706673457.830000040 992.1788 2150.5303 7.2809 0 0 0 0
1706673458.119999850 992.1788 2150.5303 7.2809 0 0 0 0
1706673458.499999926 992.1380 2149.9806 7.3026 0 0 0 0
1706673458.840000094 992.2174 2149.2753 7.3325 0 0 0 0
1706673459.239999810 992.3901 2148.7077 7.3540 0 0 0 0
1706673459.589999798 992.4493 2148.1647 7.3803 0 0 0 0
1706673459.999999963 992.4417 2147.7067 7.3716 0 0 0 0
1706673460.330000310 992.4195 2147.2011 7.4186 0 0 0 0
1706673460.639999760 992.4203 2146.6362 7.4197 0 0 0 0
1706673461.030000285 992.4564 2146.1246 7.4100 0 0 0 0
1706673461.490000179 992.4145 2145.5005 7.4262 0 0 0 0
1706673461.950000073 992.4548 2144.8021 7.4364 0 0 0 0
1706673462.290000240 992.4693 2144.1684 7.4574 0 0 0 0
1706673462.720000045 992.6024 2143.2540 7.4614 0 0 0 0
1706673463.020000304 992.6289 2142.8938 7.5210 0 0 0 0
1706673463.329999754 992.6289 2142.8938 7.5210 0 0 0 0
1706673463.599999924 992.6682 2142.2560 7.5083 0 0 0 0
1706673463.989999820 992.7378 2141.6737 7.5264 0 0 0 0
1706673464.369999897 992.7320 2141.2976 7.5537 0 0 0 0
1706673464.780000062 992.7463 2140.8219 7.5591 0 0 0 0
1706673465.190000227 992.7987 2139.5930 7.5488 0 0 0 0
1706673465.459999768 992.7987 2139.5930 7.5488 0 0 0 0
1706673465.960000199 992.8826 2138.8738 7.5497 0 0 0 0
1706673466.219999921 992.9198 2138.2548 7.5802 0 0 0 0
1706673466.550000268 992.9632 2137.7965 7.5981 0 0 0 0
1706673466.949999984 993.0450 2137.3524 7.5825 0 0 0 0
1706673467.330000061 993.0815 2136.7303 7.6188 0 0 0 0
1706673467.740000226 993.0727 2136.1470 7.6551 0 0 0 0
1706673468.109999853 993.0765 2135.5116 7.6871 0 0 0 0
1706673468.610000284 993.0989 2134.8153 7.6526 0 0 0 0
1706673469.070000178 993.2160 2134.0936 7.6901 0 0 0 0
1706673469.380000257 993.2293 2133.5281 7.6895 0 0 0 0
1706673469.770000153 993.3043 2132.9693 7.6950 0 0 0 0
1706673470.160000050 993.3330 2132.3191 7.7286 0 0 0 0
1706673470.600000303 993.2954 2131.7132 7.7428 0 0 0 0
1706673470.979999751 993.3068 2131.1823 7.7484 0 0 0 0
1706673471.550000180 993.3209 2130.4305 7.7715 0 0 0 0
1706673472.010000073 993.3389 2129.6696 7.8022 0 0 0 0
1706673472.560000233 993.3332 2128.9438 7.8188 0 0 0 0
1706673473.020000127 993.3631 2128.2465 7.8378 0 0 0 0
1706673473.410000023 993.3676 2127.7122 7.8405 0 0 0 0
1706673473.720000102 993.3700 2127.1112 7.8641 0 0 0 0
1706673474.100000178 993.3847 2126.4975 7.9038 0 0 0 0
1706673474.639999890 993.4006 2125.9471 7.8974 0 0 0 0
1706673475.040000235 993.5370 2125.2095 7.9440 0 0 0 0
1706673475.409999862 993.5963 2124.5508 7.9276 0 0 0 0
1706673475.869999756 993.6560 2123.9653 7.9370 0 0 0 0
1706673476.400000276 993.7072 2123.4127 7.9537 0 0 0 0
1706673476.690000086 993.7107 2122.7278 7.9849 0 0 0 0
1706673477.059999714 993.7299 2122.2044 7.9942 0 0 0 0
1706673477.359999972 993.7150 2121.6303 7.9888 0 0 0 0
1706673477.619999694 993.7104 2121.0951 8.0079 0 0 0 0
1706673478.050000127 993.7521 2120.6701 7.9927 0 0 0 0
1706673478.460000292 993.7297 2120.1491 8.0472 0 0 0 0
1706673479.060000181 993.7180 2119.6892 8.0949 0 0 0 0
1706673479.559999984 993.8191 2118.9344 8.0767 0 0 0 0
1706673480.040000146 993.8578 2118.2071 8.0793 0 0 0 0
1706673480.380000314 993.8779 2117.6220 8.1147 0 0 0 0
1706673480.780000030 993.9576 2116.9314 8.1210 0 0 0 0
1706673481.050000200 994.0256 2116.4445 8.1597 0 0 0 0
1706673481.540000183 994.0119 2115.9065 8.1157 0 0 0 0
1706673481.939999899 994.0414 2115.3412 8.0961 0 0 0 0
1706673482.299999706 994.0729 2114.6734 8.1380 0 0 0 0
1706673482.739999960 994.1267 2114.1242 8.1680 0 0 0 0
1706673483.180000214 994.1482 2113.4806 8.2038 0 0 0 0
1706673483.619999839 994.1530 2112.8007 8.2154 0 0 0 0
1706673483.820000011 994.2235 2112.2408 8.2269 0 0 0 0
1706673484.120000270 994.2674 2111.7536 8.2842 0 0 0 0
1706673484.690000070 994.3261 2111.1630 8.3102 0 0 0 0
1706673485.250000050 994.3825 2110.2632 8.3405 0 0 0 0
1706673485.670000035 994.4295 2109.5098 8.3514 0 0 0 0
1706673486.069999752 994.4886 2108.8837 8.3442 0 0 0 0
1706673486.440000008 994.4904 2108.2645 8.3213 0 0 0 0
1706673486.810000264 994.5751 2107.6541 8.3256 0 0 0 0
1706673487.090000254 994.6227 2107.1674 8.3896 0 0 0 0
1706673487.459999882 994.6314 2106.6909 8.3565 0 0 0 0
1706673487.769999960 994.6683 2105.8554 8.3964 0 0 0 0
1706673487.960000313 994.6683 2105.8554 8.3964 0 0 0 0
1706673488.329999940 994.6299 2105.3243 8.3931 0 0 0 0
1706673488.759999746 994.6105 2104.8393 8.4470 0 0 0 0
1706673489.080000273 994.5873 2104.1557 8.5099 0 0 0 0
1706673489.419999812 994.4735 2103.5708 8.5364 0 0 0 0
1706673489.780000248 994.5089 2102.9857 8.5296 0 0 0 0
1706673490.109999967 994.5312 2102.3982 8.5802 0 0 0 0
1706673490.410000226 994.5129 2101.8865 8.6040 0 0 0 0
1706673490.870000119 994.5551 2101.2132 8.6232 0 0 0 0
1706673491.140000289 994.5857 2100.7344 8.6033 0 0 0 0
1706673491.490000277 994.7344 2099.8562 8.6429 0 0 0 0
1706673491.649999912 994.7344 2099.8562 8.6429 0 0 0 0
1706673492.139999894 994.8542 2099.1848 8.6525 0 0 0 0
1706673492.610000237 995.0436 2098.6204 8.7179 0 0 0 0
1706673493.070000131 995.1634 2098.0649 8.7901 0 0 0 0
1706673493.450000207 995.1459 2097.3057 8.8982 0 0 0 0
1706673493.880000012 995.0836 2096.6730 8.9839 0 0 0 0
1706673494.320000266 994.9551 2095.8929 8.9481 0 0 0 0
1706673494.729999802 995.0381 2094.9130 8.7566 0 0 0 0
1706673495.149999787 995.1635 2094.4603 8.7171 0 0 0 0
1706673495.520000043 995.3759 2093.9599 8.8607 0 0 0 0
1706673495.919999760 995.3530 2093.2289 9.1499 0 0 0 0
1706673496.469999920 995.2562 2091.6875 8.9545 0 0 0 0
1706673496.849999996 995.2562 2091.6875 8.9545 0 0 0 0
1706673497.249999712 995.4545 2090.9398 8.9075 0 0 0 0
1706673497.619999968 995.5222 2090.3622 8.9199 0 0 0 0
1706673498.060000222 995.4895 2089.8539 8.8864 0 0 0 0
1706673498.440000298 995.5417 2089.2747 8.9114 0 0 0 0
1706673498.930000281 995.4590 2088.6793 8.9519 0 0 0 0
1706673499.269999820 995.3809 2087.8585 9.1580 0 0 0 0
1706673499.640000076 995.5259 2087.2839 9.2905 0 0 0 0
1706673500.009999704 995.7087 2086.6329 9.1611 0 0 0 0
1706673500.459999777 995.7644 2086.1802 9.0527 0 0 0 0
1706673500.920000300 995.6528 2085.1759 9.0585 0 0 0 0
1706673501.369999745 995.6087 2084.5714 9.0756 0 0 0 0
1706673501.840000087 995.5193 2083.8394 9.0751 0 0 0 0
1706673502.209999715 995.5253 2083.1438 9.0306 0 0 0 0
1706673502.640000149 995.5814 2082.6396 9.0264 0 0 0 0
1706673503.100000042 995.6728 2082.0418 9.0269 0 0 0 0
1706673503.459999850 995.7432 2081.4372 9.0431 0 0 0 0
1706673503.890000284 995.7630 2080.8288 9.0321 0 0 0 0
1706673504.170000274 995.8695 2079.8985 9.0679 0 0 0 0
1706673504.569999990 995.8695 2079.8985 9.0679 0 0 0 0
1706673504.999999795 995.8708 2079.0696 9.0773 0 0 0 0
1706673505.459999689 995.9024 2078.2492 9.1113 0 0 0 0
1706673505.810000305 995.9011 2077.5658 9.1395 0 0 0 0
1706673506.210000021 995.9196 2077.0502 9.1111 0 0 0 0
1706673506.590000098 995.9034 2076.4124 9.1020 0 0 0 0
1706673507.110000169 995.9241 2075.7270 9.1485 0 0 0 0
1706673507.449999708 996.0268 2074.8617 9.1705 0 0 0 0
1706673507.710000058 996.0779 2074.3831 9.2096 0 0 0 0
1706673507.929999870 996.1573 2073.8528 9.1897 0 0 0 0
1706673508.400000213 996.2174 2073.1472 9.2147 0 0 0 0
1706673509.009999922 996.2768 2072.2631 9.2501 0 0 0 0
1706673509.399999818 996.3075 2071.6060 9.2510 0 0 0 0
1706673509.690000257 996.3416 2071.0321 9.2981 0 0 0 0
1706673510.019999975 996.3988 2070.4499 9.3229 0 0 0 0
1706673510.449999780 996.4292 2069.9718 9.2864 0 0 0 0
1706673510.859999945 996.4309 2069.3002 9.3224 0 0 0 0
1706673511.200000113 996.4783 2068.5697 9.3717 0 0 0 0
1706673511.529999832 996.5437 2067.5623 9.3850 0 0 0 0
1706673511.760000093 996.5437 2067.5623 9.3850 0 0 0 0
1706673512.210000167 996.6275 2066.9360 9.4082 0 0 0 0
1706673512.609999883 996.6339 2066.3695 9.4292 0 0 0 0
1706673512.969999691 996.6530 2065.6868 9.4603 0 0 0 0
1706673513.379999856 996.6657 2064.9899 9.4635 0 0 0 0
1706673513.759999932 996.6872 2064.3698 9.4512 0 0 0 0
1706673514.189999737 996.7302 2063.7006 9.4619 0 0 0 0
1706673514.769999986 996.7510 2062.9928 9.5113 0 0 0 0
1706673515.180000151 996.7875 2062.1348 9.5392 0 0 0 0
1706673515.530000138 996.8291 2060.9473 9.5942 0 0 0 0
1706673515.880000126 996.8291 2060.9473 9.5942 0 0 0 0
1706673516.270000022 996.8585 2060.3291 9.5750 0 0 0 0
1706673516.760000004 996.8991 2059.5968 9.5958 0 0 0 0
1706673517.189999809 996.9599 2058.7912 9.6181 0 0 0 0
1706673517.529999977 997.0932 2057.6364 9.6922 0 0 0 0
1706673517.870000144 997.0932 2057.6364 9.6922 0 0 0 0
1706673518.320000218 997.1128 2057.0370 9.6567 0 0 0 0
1706673518.759999843 997.1935 2056.1387 9.6991 0 0 0 0
1706673519.190000277 997.3173 2055.3700 9.7122 0 0 0 0
1706673519.620000082 997.4063 2054.7107 9.7172 0 0 0 0
1706673519.939999981 997.3941 2054.0312 9.7117 0 0 0 0
1706673520.310000237 997.4227 2053.1925 9.8040 0 0 0 0
1706673520.670000045 997.4794 2052.7492 9.8713 0 0 0 0
1706673520.919999946 997.5388 2051.8443 9.8894 0 0 0 0
1706673521.169999847 997.5388 2051.8443 9.8894 0 0 0 0
1706673521.530000283 997.6161 2051.3500 9.8948 0 0 0 0
1706673521.899999911 997.6330 2050.6947 9.9194 0 0 0 0
1706673522.179999901 997.6650 2050.0756 9.9904 0 0 0 0
1706673522.599999886 997.7310 2049.5451 10.0142 0 0 0 0
1706673522.919999785 997.7342 2049.0431 10.0061 0 0 0 0
1706673523.220000044 997.7927 2048.5575 9.9720 0 0 0 0
1706673523.479999765 997.8169 2048.1624 10.0330 0 0 0 0
1706673523.749999935 997.7850 2047.7665 10.0262 0 0 0 0
1706673524.010000285 997.8166 2047.2832 10.0230 0 0 0 0
1706673524.340000004 997.8465 2046.8800 10.0615 0 0 0 0
1706673524.619999994 997.8267 2046.4068 10.0245 0 0 0 0
1706673524.979999801 997.8424 2045.9306 10.0572 0 0 0 0
1706673525.310000149 997.8667 2045.4965 10.0863 0 0 0 0
1706673525.660000136 997.8578 2045.0045 10.0627 0 0 0 0
1706673525.919999857 997.8802 2044.4961 10.1106 0 0 0 0
1706673526.159999939 997.9341 2044.0230 10.0898 0 0 0 0
1706673526.400000020 997.9208 2043.5263 10.0949 0 0 0 0
1706673526.859999914 997.9259 2043.0498 10.1429 0 0 0 0
1706673527.219999721 998.0036 2042.3561 10.1409 0 0 0 0
1706673527.589999977 998.0111 2041.7030 10.1326 0 0 0 0
1706673528.049999871 998.0661 2041.2779 10.1258 0 0 0 0
1706673528.469999856 998.0931 2040.6823 10.1636 0 0 0 0
1706673528.849999933 998.1396 2039.8077 10.1698 0 0 0 0
1706673529.290000186 998.1964 2039.1282 10.2107 0 0 0 0
1706673529.579999996 998.2033 2038.4942 10.2138 0 0 0 0
1706673529.839999718 998.2630 2038.0528 10.1824 0 0 0 0
1706673530.130000156 998.2857 2037.5936 10.2076 0 0 0 0
1706673530.370000238 998.2568 2037.2265 10.1905 0 0 0 0
1706673530.629999959 998.2795 2036.6068 10.2042 0 0 0 0
1706673530.820000311 998.2795 2036.6068 10.2042 0 0 0 0
1706673531.040000124 998.3061 2036.1274 10.2500 0 0 0 0
1706673531.490000198 998.3036 2035.5266 10.2622 0 0 0 0
1706673531.990000000 998.3842 2034.8116 10.2618 0 0 0 0
1706673532.400000165 998.3712 2034.1292 10.2611 0 0 0 0
1706673532.689999975 998.3956 2033.4604 10.2708 0 0 0 0
1706673533.159999689 998.4042 2032.9383 10.3126 0 0 0 0
1706673533.529999945 998.4319 2032.3735 10.3201 0 0 0 0
1706673533.879999933 998.5141 2031.7463 10.3167 0 0 0 0
1706673534.280000278 998.5401 2031.1352 10.3009 0 0 0 0
1706673534.749999992 998.6164 2030.4709 10.3053 0 0 0 0
1706673535.200000065 998.7244 2029.3095 10.3361 0 0 0 0
1706673535.440000147 998.7244 2029.3095 10.3361 0 0 0 0
1706673535.939999949 998.7751 2028.1077 10.3355 0 0 0 0
1706673536.310000205 998.7869 2027.4728 10.3404 0 0 0 0
1706673536.649999744 998.7869 2027.4728 10.3404 0 0 0 0
1706673536.929999734 998.7909 2026.7788 10.3519 0 0 0 0
1706673537.139999727 998.7942 2026.3107 10.3898 0 0 0 0
1706673537.430000165 998.8357 2025.8477 10.3693 0 0 0 0
1706673537.750000064 998.8420 2025.5008 10.3956 0 0 0 0
1706673538.119999692 998.8288 2025.0764 10.3763 0 0 0 0
1706673538.440000219 998.8586 2024.3985 10.3895 0 0 0 0
1706673538.919999753 998.8463 2023.7400 10.3937 0 0 0 0
1706673539.399999916 998.9135 2022.9852 10.4021 0 0 0 0
1706673539.779999992 998.9815 2022.2028 10.4032 0 0 0 0
1706673540.199999977 999.0836 2021.5266 10.4087 0 0 0 0
1706673540.570000233 999.1246 2020.8101 10.4318 0 0 0 0
1706673541.020000307 999.1372 2019.6424 10.4242 0 0 0 0
1706673541.350000026 999.1372 2019.6424 10.4242 0 0 0 0
1706673541.790000279 999.0786 2018.3662 10.4618 0 0 0 0
1706673542.019999912 999.0786 2018.3662 10.4618 0 0 0 0
1706673542.399999988 999.0727 2017.6481 10.4920 0 0 0 0
1706673542.889999971 999.1047 2016.8347 10.4733 0 0 0 0
1706673543.260000227 999.1589 2016.2169 10.4890 0 0 0 0
1706673543.589999946 999.1905 2015.6987 10.4533 0 0 0 0
1706673543.890000205 999.2986 2015.0334 10.4366 0 0 0 0
1706673544.320000010 999.3303 2014.5919 10.4571 0 0 0 0
1706673544.649999728 999.3750 2013.9648 10.4762 0 0 0 0
1706673545.010000165 999.4538 2013.3575 10.4580 0 0 0 0
1706673545.519999787 999.4744 2012.5651 10.5191 0 0 0 0
1706673545.899999863 999.4949 2011.9361 10.5656 0 0 0 0
1706673546.160000213 999.5017 2011.5363 10.5350 0 0 0 0
1706673546.569999750 999.5474 2011.1784 10.5695 0 0 0 0
1706673546.919999737 999.6375 2010.5922 10.5575 0 0 0 0
1706673547.250000085 999.6224 2010.0191 10.5269 0 0 0 0
1706673547.759999707 999.6863 2009.2850 10.5162 0 0 0 0
1706673548.239999870 999.7817 2008.5440 10.5290 0 0 0 0
1706673548.670000304 999.7692 2007.4292 10.5988 0 0 0 0
1706673549.070000020 999.7692 2007.4292 10.5988 0 0 0 0
1706673549.429999827 999.7088 2006.7312 10.5900 0 0 0 0
1706673549.769999995 999.7914 2005.8682 10.5703 0 0 0 0
1706673550.000000256 999.7914 2005.8682 10.5703 0 0 0 0
1706673550.449999701 999.8149 2005.4007 10.5282 0 0 0 0
1706673550.859999866 999.8640 2004.7938 10.4944 0 0 0 0
1706673551.309999940 999.8309 2004.2855 10.4445 0 0 0 0
1706673551.830000011 999.8691 2003.5097 10.4691 0 0 0 0
1706673552.200000267 999.8691 2003.5097 10.4691 0 0 0 0
1706673552.599999984 999.8166 2003.1421 10.4608 0 0 0 0
1706673552.639999893 999.8166 2003.1421 10.4608 0 0 0 0
1706673553.120000055 999.8712 2002.8873 10.4015 0 0 0 0
1706673553.479999863 999.9582 2002.7080 10.3079 0 0 0 0
1706673553.850000119 999.9729 2002.7059 10.1919 0 0 0 0
1706673553.890000028 999.9729 2002.7059 10.1919 0 0 0 0
1706673554.319999833 999.9623 2002.7124 10.1405 0 0 0 0
1706673554.760000086 999.9717 2002.5983 10.1208 0 0 0 0
1706673555.170000251 999.9229 2002.5335 10.1043 0 0 0 0