1706670166.370000294 1000.0000 2000.0000 10.0000 0 0 0 0
1706670224.559999746 999.9999 2002.9170 10.1468 0 0 0 0
1706670224.850000185 999.9999 2002.9170 10.1468 0 0 0 0
1706670225.009999820 999.9999 2002.9170 10.1468 0 0 0 0
1706670225.289999810 999.9999 2002.9171 10.1468 0 0 0 0
1706670225.410000165 999.9999 2002.9171 10.1468 0 0 0 0
1706670225.760000153 999.9999 2002.9170 10.1468 0 0 0 0
1706670226.070000231 999.9999 2002.9169 10.1468 0 0 0 0
1706670226.390000130 1000.0000 2002.9172 10.1468 0 0 0 0
1706670226.600000123 1000.0000 2002.9171 10.1468 0 0 0 0
1706670226.850000024 1000.0000 2002.9169 10.1468 0 0 0 0
1706670226.999999839 1000.0000 2002.9169 10.1468 0 0 0 0
1706670227.249999740 1000.0000 2002.9170 10.1468 0 0 0 0
1706670227.480000001 1000.0000 2002.9170 10.1468 0 0 0 0
1706670227.720000083 1000.0000 2002.9170 10.1468 0 0 0 0
1706670227.939999895 999.9999 2002.9169 10.1468 0 0 0 0
1706670228.089999710 999.9999 2002.9171 10.1468 0 0 0 0
1706670228.280000063 1000.0000 2002.9170 10.1468 0 0 0 0
1706670228.529999964 999.9999 2002.9170 10.1468 0 0 0 0
1706670228.800000134 1000.0000 2002.9169 10.1468 0 0 0 0
1706670229.040000215 999.9999 2002.9169 10.1468 0 0 0 0
1706670229.269999848 999.9999 2002.9171 10.1468 0 0 0 0
1706670229.589999747 1000.0000 2002.9170 10.1468 0 0 0 0
1706670229.829999828 1000.0000 2002.9171 10.1468 0 0 0 0
1706670230.230000173 1000.0015 2002.9193 10.1494 0 0 0 0
1706670230.569999712 1000.0161 2002.9280 10.1644 0 0 0 0
1706670230.919999699 999.9728 2002.9210 10.3243 0 0 0 0
1706670231.310000224 999.9403 2002.9465 10.5470 0 0 0 0
1706670231.539999857 999.9364 2003.1632 10.7868 0 0 0 0
1706670231.849999935 999.9693 2003.4468 10.8129 0 0 0 0
1706670232.379999827 1000.0056 2003.8792 10.8004 0 0 0 0
1706670232.789999992 1000.0053 2004.1172 10.8414 0 0 0 0
1706670233.319999883 1000.0215 2004.6679 10.8465 0 0 0 0
1706670233.879999863 999.9924 2005.0511 10.7978 0 0 0 0
1706670234.339999757 999.9123 2005.4124 10.7711 0 0 0 0
1706670234.689999744 999.9460 2006.2668 10.7900 0 0 0 0
1706670234.990000003 999.8928 2006.7392 10.8244 0 0 0 0
1706670235.300000082 999.8486 2007.0772 10.8132 0 0 0 0
1706670235.710000247 999.7834 2007.5362 10.8104 0 0 0 0
1706670236.140000052 999.7740 2007.8822 10.8774 0 0 0 0
1706670236.539999768 999.7270 2008.3084 10.8463 0 0 0 0
1706670236.980000022 999.6195 2008.8433 10.8384 0 0 0 0
1706670237.449999736 999.5804 2010.0375 10.8655 0 0 0 0
1706670237.780000083 999.5804 2010.0375 10.8655 0 0 0 0
1706670238.169999979 999.5189 2010.5777 10.8672 0 0 0 0
1706670238.690000051 999.4957 2011.1456 10.8230 0 0 0 0
1706670239.079999947 999.4652 2011.9291 10.8128 0 0 0 0
1706670239.469999843 999.4550 2012.4629 10.8338 0 0 0 0
1706670239.770000102 999.4391 2012.9490 10.8780 0 0 0 0
1706670240.029999823 999.3993 2013.3426 10.8480 0 0 0 0
1706670240.369999991 999.3908 2013.7253 10.8668 0 0 0 0
1706670240.670000250 999.3542 2014.1482 10.8625 0 0 0 0
1706670241.109999875 999.2357 2014.5374 10.8488 0 0 0 0
1706670241.370000225 999.1431 2015.0169 10.8871 0 0 0 0
1706670241.809999850 999.1157 2015.6235 10.8802 0 0 0 0
1706670242.199999746 999.0198 2016.1054 10.8644 0 0 0 0
1706670242.600000091 999.0278 2016.6214 10.8489 0 0 0 0
1706670242.969999718 999.0430 2017.0169 10.8917 0 0 0 0
1706670243.309999886 999.0020 2017.3985 10.8516 0 0 0 0
1706670243.699999782 999.0468 2017.9470 10.8522 0 0 0 0
1706670244.160000305 999.1047 2018.5796 10.8709 0 0 0 0
1706670244.550000201 999.0301 2019.2884 10.8762 0 0 0 0
1706670245.029999735 999.0146 2019.8629 10.8702 0 0 0 0
1706670245.530000166 998.9264 2020.3877 10.8443 0 0 0 0
1706670245.859999885 998.9251 2021.0674 10.8277 0 0 0 0
1706670246.179999784 998.8650 2021.6431 10.8477 0 0 0 0
1706670246.620000037 998.8387 2022.1621 10.8868 0 0 0 0
1706670246.890000207 998.8152 2022.5868 10.8451 0 0 0 0
1706670247.200000286 998.7326 2023.0013 10.8726 0 0 0 0
1706670247.420000099 998.6611 2023.4244 10.8543 0 0 0 0
1706670247.800000175 998.6580 2023.6620 10.8755 0 0 0 0
1706670248.069999716 998.6803 2024.2541 10.8656 0 0 0 0
1706670248.419999704 998.6354 2024.6713 10.8261 0 0 0 0
1706670248.640000145 998.6321 2025.0532 10.8691 0 0 0 0
1706670249.020000221 998.6597 2025.4611 10.8242 0 0 0 0
1706670249.319999851 998.6371 2025.8736 10.8528 0 0 0 0
1706670249.699999928 998.5866 2026.6988 10.8273 0 0 0 0
1706670249.849999743 998.5866 2026.6988 10.8273 0 0 0 0
1706670250.240000268 998.5724 2027.1155 10.8485 0 0 0 0
1706670250.549999718 998.5296 2027.5249 10.8258 0 0 0 0
1706670250.989999971 998.5425 2027.9680 10.8379 0 0 0 0
1706670251.449999865 998.5505 2028.4788 10.8245 0 0 0 0
1706670251.710000215 998.5214 2029.0678 10.7780 0 0 0 0
1706670252.119999751 998.5165 2029.4264 10.7463 0 0 0 0
1706670252.399999741 998.4410 2029.8963 10.7567 0 0 0 0
1706670252.769999998 998.3551 2030.3224 10.7378 0 0 0 0
1706670253.229999891 998.3253 2030.8525 10.7076 0 0 0 0
1706670253.780000051 998.1831 2031.5383 10.7024 0 0 0 0
1706670254.249999765 998.1574 2032.1746 10.7228 0 0 0 0
1706670254.629999842 998.0341 2032.7288 10.7408 0 0 0 0
1706670255.009999918 998.0359 2033.0911 10.7903 0 0 0 0
1706670255.310000177 998.0734 2033.6076 10.7649 0 0 0 0
1706670255.760000250 997.9484 2034.4541 10.7596 0 0 0 0
1706670255.989999883 997.9484 2034.4541 10.7596 0 0 0 0
1706670256.339999870 997.9753 2034.8710 10.7298 0 0 0 0
1706670256.719999947 997.9931 2035.4054 10.7489 0 0 0 0
1706670257.090000203 998.0115 2036.0523 10.7523 0 0 0 0
1706670257.559999917 997.9630 2036.5560 10.7375 0 0 0 0
1706670257.939999993 997.8434 2037.0568 10.7222 0 0 0 0
1706670258.240000252 997.8382 2037.5915 10.7334 0 0 0 0
1706670258.740000054 997.8556 2038.2166 10.7363 0 0 0 0
1706670259.090000042 997.8459 2038.7201 10.7125 0 0 0 0
1706670259.470000118 997.8835 2039.1170 10.6844 0 0 0 0
1706670259.799999837 997.8825 2039.6428 10.7350 0 0 0 0
1706670260.100000096 997.8558 2040.2192 10.7285 0 0 0 0
1706670260.550000169 997.8896 2040.5876 10.6894 0 0 0 0
1706670260.849999799 997.7660 2041.1393 10.7021 0 0 0 0
1706670261.259999964 997.6063 2041.6634 10.7029 0 0 0 0
1706670261.609999952 997.5637 2042.2973 10.6697 0 0 0 0
1706670261.969999759 997.3835 2042.8524 10.6478 0 0 0 0
1706670262.379999924 997.4060 2043.4220 10.6778 0 0 0 0
1706670262.720000092 997.3906 2043.8553 10.6779 0 0 0 0
1706670262.909999816 997.2678 2044.2120 10.6619 0 0 0 0
1706670263.369999710 997.2697 2044.8071 10.6773 0 0 0 0
1706670263.770000055 997.2420 2045.4298 10.6780 0 0 0 0
1706670264.290000126 997.1705 2046.0736 10.6481 0 0 0 0
1706670264.579999936 997.2676 2046.6341 10.6232 0 0 0 0
1706670264.939999743 997.0715 2047.3624 10.5776 0 0 0 0
1706670265.190000273 997.0715 2047.3624 10.5776 0 0 0 0
1706670265.489999903 997.1616 2047.9676 10.6156 0 0 0 0
1706670265.820000251 997.1605 2048.5136 10.6321 0 0 0 0
1706670266.019999795 997.0787 2048.9493 10.5827 0 0 0 0
1706670266.469999868 997.1521 2049.4970 10.6113 0 0 0 0
1706670267.010000208 997.0865 2050.0996 10.6324 0 0 0 0
1706670267.330000107 997.0166 2050.6446 10.6088 0 0 0 0
1706670267.610000097 997.0945 2051.4683 10.5972 0 0 0 0
1706670267.909999727 997.0945 2051.4683 10.5972 0 0 0 0
1706670268.160000257 996.9857 2052.0059 10.5314 0 0 0 0
1706670268.629999971 997.0370 2052.6611 10.5575 0 0 0 0
1706670268.940000050 996.9068 2053.1844 10.5758 0 0 0 0
1706670269.380000303 996.8644 2053.8201 10.5693 0 0 0 0
1706670269.800000289 996.9004 2054.2908 10.5158 0 0 0 0
1706670270.120000187 996.8075 2055.1798 10.5036 0 0 0 0
1706670270.419999817 996.8075 2055.1798 10.5036 0 0 0 0
1706670270.759999985 996.9198 2055.8466 10.4790 0 0 0 0
1706670271.149999881 996.7683 2056.3821 10.4792 0 0 0 0
1706670271.539999777 996.7298 2056.9530 10.5255 0 0 0 0
1706670271.989999851 996.6790 2057.5976 10.5104 0 0 0 0
1706670272.299999930 996.5610 2058.1050 10.4577 0 0 0 0
1706670272.689999826 996.6634 2058.6028 10.4843 0 0 0 0
1706670272.910000267 996.6115 2059.3370 10.4646 0 0 0 0
1706670273.279999895 996.4973 2059.7161 10.4055 0 0 0 0
1706670273.760000058 996.5597 2060.1017 10.4839 0 0 0 0
1706670274.189999863 996.5591 2060.6904 10.4825 0 0 0 0
1706670274.600000028 996.4012 2061.3477 10.4092 0 0 0 0
1706670274.989999924 996.4771 2061.8784 10.4225 0 0 0 0
1706670275.239999825 996.3817 2062.5635 10.3930 0 0 0 0
1706670275.670000259 996.4331 2063.2195 10.4191 0 0 0 0
1706670276.049999706 996.3818 2063.6903 10.3950 0 0 0 0
1706670276.419999963 996.1553 2064.2061 10.3156 0 0 0 0
1706670276.839999948 996.1317 2065.1667 10.3677 0 0 0 0
1706670277.189999935 995.9197 2065.6849 10.3245 0 0 0 0
1706670277.409999748 995.9197 2065.6849 10.3245 0 0 0 0
1706670277.889999910 996.0095 2066.2960 10.3627 0 0 0 0
1706670278.160000080 995.9112 2066.9700 10.3492 0 0 0 0
1706670278.559999797 995.8508 2067.3947 10.3105 0 0 0 0
1706670278.939999873 995.9493 2068.0002 10.3074 0 0 0 0
1706670279.399999767 995.8390 2068.9841 10.2876 0 0 0 0
1706670279.620000208 995.8390 2068.9841 10.2876 0 0 0 0
1706670279.989999835 995.9522 2069.7699 10.3058 0 0 0 0
1706670280.379999732 995.8409 2070.3423 10.2343 0 0 0 0
1706670280.899999803 995.9615 2071.0306 10.2620 0 0 0 0
1706670281.359999697 995.8206 2071.8564 10.1895 0 0 0 0
1706670281.809999770 995.8948 2072.5761 10.2456 0 0 0 0
1706670282.110000029 995.8514 2073.0785 10.2478 0 0 0 0
1706670282.399999839 995.7238 2073.5201 10.1660 0 0 0 0
1706670282.830000273 995.7489 2074.1295 10.2226 0 0 0 0
1706670283.290000167 995.5954 2074.7604 10.2172 0 0 0 0
1706670283.689999883 995.5305 2075.3482 10.1971 0 0 0 0
1706670284.100000048 995.6536 2075.9884 10.1874 0 0 0 0
1706670284.419999947 995.5074 2076.5516 10.1167 0 0 0 0
1706670284.820000292 995.5934 2077.2159 10.1579 0 0 0 0
1706670285.240000277 995.5803 2077.7203 10.1587 0 0 0 0
1706670285.700000171 995.4670 2078.3284 10.0824 0 0 0 0
1706670286.099999887 995.3921 2079.5677 10.0791 0 0 0 0
1706670286.409999966 995.3921 2079.5677 10.0791 0 0 0 0
1706670286.880000308 995.3462 2080.1474 10.1162 0 0 0 0
1706670287.210000027 995.3717 2080.7805 10.1029 0 0 0 0
1706670287.569999835 995.1928 2081.4747 10.0427 0 0 0 0
1706670287.919999822 995.2677 2082.0990 10.0443 0 0 0 0
1706670288.269999810 995.0819 2083.0180 10.0100 0 0 0 0
1706670288.449999713 995.0819 2083.0180 10.0100 0 0 0 0
1706670288.959999965 995.1668 2083.6467 10.0068 0 0 0 0
1706670289.330000221 995.0724 2084.1596 10.0308 0 0 0 0
1706670289.780000295 995.0382 2084.7780 10.0218 0 0 0 0
1706670290.170000191 995.1052 2085.5709 9.9949 0 0 0 0
1706670290.550000267 994.9757 2086.0541 9.9383 0 0 0 0
1706670290.870000166 995.0210 2086.5065 9.9845 0 0 0 0
1706670291.220000153 994.9793 2086.9360 9.9596 0 0 0 0
1706670291.589999781 994.7915 2087.5158 9.9097 0 0 0 0
1706670292.020000215 994.8432 2088.0880 9.9379 0 0 0 0
1706670292.310000025 994.7790 2088.7280 9.9669 0 0 0 0
1706670292.779999739 994.7078 2089.1560 9.9043 0 0 0 0
1706670293.140000175 994.7581 2089.9638 9.8864 0 0 0 0
1706670293.499999982 994.6844 2090.6069 9.8578 0 0 0 0
1706670293.789999792 994.7028 2091.0403 9.9007 0 0 0 0
1706670294.199999957 994.6845 2091.4743 9.8494 0 0 0 0
1706670294.449999859 994.5247 2092.1834 9.8483 0 0 0 0
1706670294.659999851 994.5247 2092.1834 9.8483 0 0 0 0
1706670294.969999930 994.5746 2092.6253 9.8849 0 0 0 0
1706670295.259999740 994.5224 2093.1716 9.8638 0 0 0 0
1706670295.520000090 994.3798 2093.5982 9.7998 0 0 0 0
1706670295.889999717 994.3716 2094.2935 9.8203 0 0 0 0
1706670296.259999974 994.3819 2094.7600 9.7897 0 0 0 0
1706670296.609999961 994.2698 2095.3865 9.7458 0 0 0 0
1706670296.870000311 994.3688 2095.8433 9.7871 0 0 0 0
1706670297.209999850 994.3654 2096.2892 9.7518 0 0 0 0
1706670297.500000289 994.2176 2096.7391 9.7183 0 0 0 0
1706670297.860000096 994.2639 2097.3910 9.8486 0 0 0 0
1706670298.210000084 994.2948 2097.7804 9.8632 0 0 0 0
1706670298.560000071 994.1644 2098.2176 9.8105 0 0 0 0
1706670299.010000145 994.1394 2098.8042 9.8395 0 0 0 0
1706670299.470000039 994.0011 2099.5540 9.8238 0 0 0 0
1706670299.750000029 994.0037 2100.2187 9.8317 0 0 0 0
1706670300.039999839 993.9965 2100.6850 9.7735 0 0 0 0
1706670300.289999740 993.9123 2101.1110 9.7810 0 0 0 0
1706670300.550000090 993.8697 2101.3865 9.7589 0 0 0 0
1706670300.890000258 993.9189 2101.8480 9.7669 0 0 0 0
1706670301.219999976 993.8657 2102.3049 9.7661 0 0 0 0
1706670301.439999789 993.7673 2102.7317 9.7273 0 0 0 0
1706670301.759999688 993.7460 2103.2053 9.7810 0 0 0 0
1706670302.050000126 993.7567 2103.7096 9.7209 0 0 0 0
1706670302.370000025 993.6987 2104.0378 9.7587 0 0 0 0
1706670302.659999835 993.6858 2104.9625 9.7086 0 0 0 0
1706670302.829999919 993.6858 2104.9625 9.7086 0 0 0 0
1706670303.100000089 993.7027 2105.2973 9.6759 0 0 0 0
1706670303.329999722 993.6466 2105.7561 9.6935 0 0 0 0
1706670303.559999983 993.6249 2106.0360 9.6665 0 0 0 0
1706670303.809999884 993.7173 2106.5044 9.6721 0 0 0 0
1706670304.099999694 993.7623 2106.8359 9.6287 0 0 0 0
1706670304.399999953 993.7218 2107.2500 9.6509 0 0 0 0
1706670304.859999847 993.6984 2107.8244 9.6612 0 0 0 0
1706670305.260000192 993.7799 2108.4515 9.6128 0 0 0 0
1706670305.619999999 993.6533 2109.0853 9.5748 0 0 0 0
1706670306.039999984 993.6672 2109.6858 9.5816 0 0 0 0
1706670306.410000240 993.5429 2110.3471 9.6076 0 0 0 0
1706670306.809999957 993.4193 2110.8138 9.5650 0 0 0 0
1706670307.080000127 993.4639 2111.5060 9.5200 0 0 0 0
1706670307.400000026 993.3715 2112.0040 9.5607 0 0 0 0
1706670307.640000107 993.2953 2112.4924 9.5184 0 0 0 0
1706670307.880000188 993.3398 2112.9150 9.5113 0 0 0 0
1706670308.209999907 993.3325 2113.4400 9.5139 0 0 0 0
1706670308.540000254 993.2756 2113.9456 9.4491 0 0 0 0
1706670308.799999976 993.3173 2114.4229 9.4996 0 0 0 0
1706670309.100000234 993.3348 2114.7451 9.4369 0 0 0 0
1706670309.390000044 993.2419 2115.1217 9.4887 0 0 0 0
1706670309.639999946 993.1524 2115.5583 9.4302 0 0 0 0
1706670309.950000024 993.2076 2116.0585 9.4376 0 0 0 0
1706670310.199999926 993.2120 2116.6093 9.4570 0 0 0 0
1706670310.510000004 993.1608 2117.0185 9.3966 0 0 0 0
1706670310.939999809 993.2147 2117.6349 9.4936 0 0 0 0
1706670311.340000154 993.0718 2118.4531 9.4415 0 0 0 0
1706670311.580000236 993.0718 2118.4531 9.4415 0 0 0 0
1706670312.030000309 993.0462 2118.9867 9.4611 0 0 0 0
1706670312.329999940 993.0551 2119.6029 9.4272 0 0 0 0
1706670312.679999927 992.9805 2120.2248 9.4023 0 0 0 0
1706670312.950000097 993.0202 2120.6320 9.4109 0 0 0 0
1706670313.230000087 993.0477 2121.1672 9.3986 0 0 0 0
1706670313.659999892 992.9371 2121.7498 9.3503 0 0 0 0
1706670314.000000060 992.9282 2122.2487 9.3490 0 0 0 0
1706670314.240000141 992.8720 2122.6832 9.3529 0 0 0 0
1706670314.590000128 992.7376 2123.1580 9.3157 0 0 0 0
1706670315.000000293 992.7117 2123.5856 9.3616 0 0 0 0
1706670315.379999741 992.6798 2124.1889 9.3239 0 0 0 0
1706670315.840000263 992.5123 2124.9431 9.3167 0 0 0 0
1706670316.200000071 992.5267 2125.4470 9.2603 0 0 0 0
1706670316.650000145 992.4508 2126.0659 9.2638 0 0 0 0
1706670317.219999945 992.3936 2126.8551 9.2369 0 0 0 0
1706670317.639999930 992.3103 2127.6452 9.2114 0 0 0 0
1706670317.849999922 992.2979 2128.2418 9.2312 0 0 0 0
1706670318.229999999 992.3045 2128.6725 9.1775 0 0 0 0
1706670318.629999715 992.2608 2129.1808 9.1786 0 0 0 0
1706670318.890000065 992.2243 2129.7491 9.1995 0 0 0 0
1706670319.200000144 992.2023 2130.1872 9.1485 0 0 0 0
1706670319.529999862 992.1244 2130.9206 9.1454 0 0 0 0
1706670319.790000212 992.1816 2131.4249 9.1257 0 0 0 0
1706670320.059999754 992.1816 2131.4249 9.1257 0 0 0 0
1706670320.390000101 992.0998 2132.0297 9.1436 0 0 0 0
1706670320.819999906 992.1381 2132.6178 9.1478 0 0 0 0
1706670321.319999709 992.0790 2133.6085 9.1082 0 0 0 0
1706670321.570000239 992.0790 2133.6085 9.1082 0 0 0 0
1706670321.979999775 992.0580 2134.2182 9.1199 0 0 0 0
1706670322.370000300 992.0238 2134.8380 9.0809 0 0 0 0
1706670322.730000108 991.8752 2135.5387 9.0442 0 0 0 0
1706670323.099999735 991.8952 2135.9995 9.0426 0 0 0 0
1706670323.420000263 991.7818 2136.5931 9.0548 0 0 0 0
1706670323.789999890 991.8008 2137.1809 9.0368 0 0 0 0
1706670324.179999786 991.8764 2137.8372 8.9858 0 0 0 0
1706670324.570000311 991.7011 2138.8092 9.0003 0 0 0 0
1706670324.869999941 991.7011 2138.8092 9.0003 0 0 0 0
1706670325.320000015 991.7065 2139.4695 8.9483 0 0 0 0
1706670325.830000266 991.4949 2140.1929 8.9139 0 0 0 0
1706670326.209999714 991.4353 2141.2976 8.9394 0 0 0 0
1706670326.489999704 991.4353 2141.2976 8.9394 0 0 0 0
1706670326.929999958 991.3723 2141.9032 8.9148 0 0 0 0
1706670327.279999945 991.4438 2142.5753 8.8550 0 0 0 0
1706670327.669999842 991.3402 2143.1600 8.8353 0 0 0 0
1706670328.049999918 991.5031 2143.7876 8.8549 0 0 0 0
1706670328.409999725 991.4753 2144.3332 8.8553 0 0 0 0
1706670328.889999888 991.3261 2144.9131 8.8212 0 0 0 0
1706670329.230000055 991.3445 2145.3669 8.8187 0 0 0 0
1706670329.549999954 991.3707 2145.9916 8.8238 0 0 0 0
1706670329.909999762 991.2652 2146.5510 8.7904 0 0 0 0
1706670330.359999835 991.1498 2147.1315 8.7483 0 0 0 0
1706670330.709999823 991.1078 2148.0164 8.7664 0 0 0 0
1706670331.059999811 991.2233 2148.6167 8.7116 0 0 0 0
1706670331.350000249 991.2233 2148.6167 8.7116 0 0 0 0
1706670331.749999966 991.1211 2149.2360 8.7018 0 0 0 0
1706670332.160000131 991.1776 2150.2161 8.6593 0 0 0 0
1706670332.550000027 991.0686 2150.9781 8.6473 0 0 0 0
1706670332.920000283 991.0686 2150.9781 8.6473 0 0 0 0
1706670333.389999997 990.9448 2151.6899 8.6313 0 0 0 0
1706670333.919999888 990.8275 2152.4155 8.6189 0 0 0 0
1706670334.390000231 990.8980 2153.1227 8.6106 0 0 0 0
1706670334.759999858 990.7652 2153.8245 8.6004 0 0 0 0
1706670335.160000203 990.7949 2154.5114 8.5959 0 0 0 0
1706670335.730000003 990.8050 2155.1132 8.5851 0 0 0 0
1706670336.110000079 990.7022 2155.8494 8.5691 0 0 0 0
1706670336.639999971 990.6185 2156.5564 8.5630 0 0 0 0
1706670337.010000227 990.6029 2157.4215 8.5424 0 0 0 0
1706670337.360000215 990.6439 2158.0824 8.4654 0 0 0 0
1706670337.740000291 990.5313 2158.5832 8.4679 0 0 0 0
1706670338.140000007 990.4726 2159.1901 8.4916 0 0 0 0
1706670338.569999812 990.4353 2159.7558 8.4873 0 0 0 0
1706670339.099999703 990.4606 2160.4267 8.4428 0 0 0 0
1706670339.509999868 990.4695 2161.3234 8.4174 0 0 0 0
1706670339.950000122 990.3105 2162.3920 8.3956 0 0 0 0
1706670340.209999844 990.3105 2162.3920 8.3956 0 0 0 0
1706670340.510000102 990.2501 2162.9801 8.4088 0 0 0 0
1706670340.860000090 990.2711 2163.6501 8.3720 0 0 0 0
1706670341.219999897 990.3514 2164.1894 8.3115 0 0 0 0
1706670341.569999885 990.3340 2164.6812 8.3557 0 0 0 0
1706670341.849999875 990.2786 2165.0946 8.3385 0 0 0 0
1706670342.199999862 990.1302 2165.9347 8.3243 0 0 0 0
1706670342.490000301 990.1302 2165.9347 8.3243 0 0 0 0
1706670342.859999929 990.0499 2166.5902 8.2982 0 0 0 0
1706670343.219999736 989.9447 2167.5968 8.3015 0 0 0 0
1706670343.659999990 989.9447 2167.5968 8.3015 0 0 0 0
1706670344.070000155 989.9224 2168.4623 8.2785 0 0 0 0
1706670344.390000054 989.8319 2169.0734 8.2601 0 0 0 0
1706670344.989999942 989.6764 2169.6093 8.2125 0 0 0 0
1706670345.339999930 989.5243 2170.7282 8.2052 0 0 0 0
1706670345.680000097 989.5243 2170.7282 8.2052 0 0 0 0
1706670345.990000176 989.5646 2171.3696 8.2235 0 0 0 0
1706670346.340000164 989.4825 2172.1479 8.1919 0 0 0 0
1706670346.559999976 989.4825 2172.1479 8.1919 0 0 0 0
1706670346.879999875 989.4241 2172.4977 8.1409 0 0 0 0
1706670347.229999863 989.4744 2173.1279 8.1318 0 0 0 0
1706670347.579999850 989.4062 2173.7154 8.1394 0 0 0 0
1706670347.940000286 989.4266 2174.1183 8.1405 0 0 0 0
1706670348.410000000 989.5928 2174.7661 8.0963 0 0 0 0
1706670348.809999716 989.6875 2175.3413 8.1021 0 0 0 0
1706670349.280000059 989.7773 2175.8572 8.0960 0 0 0 0
1706670349.649999687 989.6874 2176.5420 8.1033 0 0 0 0
1706670350.040000211 989.5850 2177.0992 8.0818 0 0 0 0
1706670350.439999928 989.5072 2177.5431 8.0784 0 0 0 0
1706670350.939999730 989.4123 2178.0613 8.0602 0 0 0 0
1706670351.249999809 989.3010 2178.8666 8.0297 0 0 0 0
1706670351.599999797 989.1708 2179.5548 8.0025 0 0 0 0
1706670351.979999873 989.1353 2180.2711 7.9960 0 0 0 0
1706670352.320000040 989.1136 2181.3213 7.8630 0 0 0 0
1706670352.550000302 989.1136 2181.3213 7.8630 0 0 0 0
1706670352.889999840 989.1162 2181.8748 7.8812 0 0 0 0
1706670353.139999742 989.0893 2182.1968 7.8836 0 0 0 0
1706670353.500000178 989.0409 2182.5390 7.9810 0 0 0 0
1706670353.820000077 988.9991 2183.0688 7.9749 0 0 0 0
1706670354.200000153 989.0108 2183.5766 7.9630 0 0 0 0
1706670354.629999958 988.9596 2184.4109 8.0272 0 0 0 0
1706670354.949999857 988.9596 2184.4109 8.0272 0 0 0 0
1706670355.350000202 988.9784 2185.0736 7.9572 0 0 0 0
1706670355.670000101 988.9354 2185.9217 7.9138 0 0 0 0
1706670355.989999999 988.9551 2186.4980 7.9348 0 0 0 0
1706670356.190000172 988.9569 2186.7126 7.8831 0 0 0 0
1706670356.400000164 988.9856 2187.2023 7.9223 0 0 0 0
1706670356.829999969 989.0098 2187.5503 7.9099 0 0 0 0
1706670357.300000312 988.9617 2188.1455 7.8651 0 0 0 0
1706670357.749999757 988.7938 2188.6689 7.9007 0 0 0 0
1706670358.180000191 988.6778 2189.2588 7.9101 0 0 0 0
1706670358.589999727 988.6179 2190.0917 7.8232 0 0 0 0
1706670359.090000158 988.6265 2191.2989 7.8310 0 0 0 0
1706670359.319999791 988.6265 2191.2989 7.8310 0 0 0 0
1706670359.589999961 988.5670 2191.7254 7.8491 0 0 0 0
1706670360.060000303 988.4714 2192.6544 7.8422 0 0 0 0
1706670360.439999751 988.4714 2192.6544 7.8422 0 0 0 0
1706670360.929999733 988.3605 2193.3955 7.8327 0 0 0 0
1706670361.180000263 988.3762 2194.0345 7.7764 0 0 0 0
1706670361.610000068 988.3300 2194.7834 7.7481 0 0 0 0
1706670361.950000236 988.3025 2195.2486 7.7534 0 0 0 0
1706670362.240000046 988.2627 2195.6409 7.7094 0 0 0 0
1706670362.590000033 988.1928 2196.0748 7.7877 0 0 0 0
1706670362.970000110 988.1867 2196.5045 7.8208 0 0 0 0
1706670363.360000006 988.1984 2197.1652 7.7820 0 0 0 0
1706670363.889999897 988.1322 2197.8763 7.7405 0 0 0 0
1706670364.319999702 988.0925 2199.0742 7.7603 0 0 0 0
1706670364.619999961 988.0925 2199.0742 7.7603 0 0 0 0
1706670365.179999941 988.0756 2199.7640 7.7682 0 0 0 0
1706670365.529999929 988.1263 2200.3034 7.7160 0 0 0 0
1706670365.819999739 987.9191 2201.0073 7.7005 0 0 0 0
1706670366.269999812 987.9110 2201.5496 7.7118 0 0 0 0
1706670366.710000066 987.7358 2202.2618 7.6804 0 0 0 0
1706670367.179999780 987.8464 2202.9434 7.7065 0 0 0 0
1706670367.620000034 987.8324 2203.5893 7.7056 0 0 0 0
1706670368.110000016 987.8110 2204.2247 7.7086 0 0 0 0
1706670368.579999730 987.7506 2205.0131 7.6977 0 0 0 0
1706670369.029999804 987.7518 2205.7012 7.6842 0 0 0 0
1706670369.369999971 987.6918 2206.2829 7.6187 0 0 0 0
1706670369.699999690 987.4656 2206.7916 7.5893 0 0 0 0
1706670370.170000033 987.4838 2207.4167 7.6483 0 0 0 0
1706670370.559999929 987.3518 2208.0566 7.6471 0 0 0 0
1706670370.979999914 987.3017 2208.5800 7.6127 0 0 0 0
1706670371.420000168 987.4424 2209.2004 7.5613 0 0 0 0
1706670371.810000064 987.4041 2210.2821 7.6011 0 0 0 0
1706670372.129999963 987.4041 2210.2821 7.6011 0 0 0 0
1706670372.570000216 987.4360 2210.9282 7.5355 0 0 0 0
1706670372.950000293 987.1778 2211.6590 7.4975 0 0 0 0
1706670373.289999831 987.1737 2212.2905 7.4418 0 0 0 0
1706670373.590000090 987.0865 2212.6298 7.5484 0 0 0 0
1706670374.059999804 986.9978 2212.9960 7.5511 0 0 0 0
1706670374.449999700 987.0041 2213.5151 7.5428 0 0 0 0
1706670374.850000045 987.0704 2214.9028 7.5310 0 0 0 0
1706670375.139999855 987.0704 2214.9028 7.5310 0 0 0 0
1706670375.510000112 987.1192 2215.5486 7.4735 0 0 0 0
1706670375.909999828 987.0457 2216.0858 7.4938 0 0 0 0
1706670376.249999995 987.0366 2216.5400 7.6088 0 0 0 0
1706670376.550000254 986.9976 2216.8971 7.5844 0 0 0 0
1706670376.959999790 986.9346 2217.2668 7.5236 0 0 0 0
1706670377.409999864 986.8990 2217.8440 7.5316 0 0 0 0
1706670377.700000303 986.7817 2218.7112 7.5010 0 0 0 0
1706670378.069999930 986.7696 2219.2386 7.5219 0 0 0 0
1706670378.330000280 986.7961 2219.6694 7.4667 0 0 0 0
1706670378.699999908 986.7338 2220.1276 7.5092 0 0 0 0
1706670379.100000253 986.6831 2220.7153 7.4968 0 0 0 0
1706670379.439999792 986.6442 2221.2693 7.4523 0 0 0 0
1706670379.849999957 986.5558 2221.7992 7.4374 0 0 0 0
1706670380.230000033 986.5642 2222.4938 7.4622 0 0 0 0
1706670380.659999838 986.4702 2223.7161 7.3574 0 0 0 0
1706670380.990000186 986.4702 2223.7161 7.3574 0 0 0 0
1706670381.469999719 986.4801 2224.3020 7.4169 0 0 0 0
1706670381.860000244 986.3183 2224.9250 7.4414 0 0 0 0
1706670382.220000052 986.3300 2225.5272 7.4764 0 0 0 0
1706670382.640000037 986.2647 2226.4635 7.3983 0 0 0 0
1706670382.899999758 986.1946 2226.8320 7.4273 0 0 0 0
1706670383.169999928 986.1946 2226.8320 7.4273 0 0 0 0
1706670383.669999731 986.2916 2227.7642 7.4391 0 0 0 0
1706670384.030000167 986.3945 2228.5485 7.4346 0 0 0 0
1706670384.329999797 986.3945 2228.5485 7.4346 0 0 0 0
1706670384.590000147 986.2887 2229.2012 7.3962 0 0 0 0
1706670384.959999775 986.1591 2230.0939 7.4132 0 0 0 0
1706670385.280000302 986.1591 2230.0939 7.4132 0 0 0 0
1706670385.780000105 986.2298 2230.6944 7.3607 0 0 0 0
1706670386.100000003 986.1771 2231.5027 7.3628 0 0 0 0
1706670386.449999991 986.0941 2231.9251 7.3282 0 0 0 0
1706670386.739999801 985.9056 2232.5667 7.3563 0 0 0 0
1706670386.970000062 985.8320 2232.9841 7.3865 0 0 0 0
1706670387.170000235 985.8320 2232.9841 7.3865 0 0 0 0
1706670387.520000222 985.8066 2233.4560 7.3136 0 0 0 0
1706670387.859999761 985.7624 2233.9690 7.3260 0 0 0 0
1706670388.290000195 985.7273 2234.6650 7.3181 0 0 0 0
1706670388.680000091 985.7025 2235.1500 7.2852 0 0 0 0
1706670389.009999810 985.6510 2235.9544 7.3426 0 0 0 0
1706670389.340000157 985.6510 2235.9544 7.3426 0 0 0 0
1706670389.590000059 985.6801 2236.7195 7.3029 0 0 0 0
1706670390.110000130 985.6366 2237.4217 7.2629 0 0 0 0
1706670390.549999755 985.6460 2238.0025 7.2315 0 0 0 0
1706670390.789999836 985.5886 2238.5891 7.2532 0 0 0 0
1706670390.950000100 985.5414 2238.9047 7.2029 0 0 0 0
1706670391.179999732 985.5390 2239.1848 7.2935 0 0 0 0
1706670391.409999994 985.5624 2239.7280 7.3897 0 0 0 0
1706670391.680000164 985.5624 2239.7280 7.3897 0 0 0 0
1706670391.899999976 985.5064 2240.1539 7.3549 0 0 0 0
1706670392.210000055 985.4511 2240.5877 7.3546 0 0 0 0
1706670392.709999857 985.4508 2241.0033 7.2954 0 0 0 0
1706670393.089999934 985.3671 2241.7254 7.2931 0 0 0 0
1706670393.470000010 985.4485 2242.3614 7.2970 0 0 0 0
1706670393.750000000 985.4114 2242.8232 7.2926 0 0 0 0
1706670393.969999813 985.3441 2243.2386 7.2567 0 0 0 0
1706670394.209999894 985.4352 2243.8223 7.2955 0 0 0 0
1706670394.400000246 985.4352 2243.8223 7.2955 0 0 0 0
1706670394.620000059 985.4043 2244.3419 7.2890 0 0 0 0
1706670395.030000224 985.3065 2244.7573 7.2460 0 0 0 0
1706670395.299999765 985.2768 2245.1484 7.3108 0 0 0 0
1706670395.630000113 985.2149 2245.5578 7.2620 0 0 0 0
1706670395.840000105 985.1525 2245.9812 7.2806 0 0 0 0
1706670396.150000184 985.1019 2246.4344 7.2882 0 0 0 0
1706670396.600000258 985.0821 2246.8696 7.2439 0 0 0 0
1706670396.869999799 985.0250 2247.4673 7.2729 0 0 0 0
1706670397.079999791 985.0215 2247.9303 7.2858 0 0 0 0
1706670397.259999695 985.0443 2248.2124 7.2763 0 0 0 0
1706670397.550000134 984.9963 2248.5122 7.2402 0 0 0 0
1706670397.809999855 984.8580 2249.0469 7.2322 0 0 0 0
1706670398.080000025 984.8580 2249.0469 7.2322 0 0 0 0
1706670398.360000015 984.9102 2249.5760 7.2759 0 0 0 0
1706670398.819999909 984.9623 2250.1019 7.2525 0 0 0 0
1706670399.330000160 984.7421 2250.7304 7.2466 0 0 0 0
1706670399.689999968 984.7133 2251.4917 7.2464 0 0 0 0
1706670400.119999773 984.6514 2252.1045 7.2786 0 0 0 0
1706670400.580000295 984.6763 2252.7301 7.2547 0 0 0 0
1706670401.040000189 984.6561 2253.2935 7.2941 0 0 0 0
1706670401.469999994 984.6396 2253.8042 7.2810 0 0 0 0
1706670401.889999979 984.6191 2254.5677 7.3020 0 0 0 0
1706670402.249999787 984.5682 2255.1095 7.3768 0 0 0 0
1706670402.659999952 984.5243 2255.7079 7.3378 0 0 0 0
1706670403.210000112 984.4075 2256.2037 7.3592 0 0 0 0
1706670403.630000097 984.4375 2257.0105 7.3607 0 0 0 0
1706670404.129999899 984.4205 2257.7192 7.3675 0 0 0 0
1706670404.449999798 984.3313 2258.2928 7.3515 0 0 0 0
1706670404.950000229 984.4758 2258.9304 7.3078 0 0 0 0
1706670405.410000123 984.3813 2259.4995 7.2936 0 0 0 0
1706670405.809999839 984.4071 2260.2565 7.2959 0 0 0 0
1706670406.320000091 984.3036 2260.8469 7.3157 0 0 0 0
1706670406.730000256 984.2290 2261.5290 7.3092 0 0 0 0
1706670407.029999886 984.2182 2262.0343 7.2746 0 0 0 0
1706670407.349999784 984.1899 2262.4540 7.2557 0 0 0 0
1706670407.599999686 984.1889 2262.8242 7.3144 0 0 0 0
1706670407.820000127 984.2569 2263.3017 7.2635 0 0 0 0
1706670408.179999935 984.2261 2263.6310 7.3069 0 0 0 0
1706670408.510000282 984.1787 2264.0188 7.2644 0 0 0 0
1706670408.870000090 984.1529 2264.5329 7.2561 0 0 0 0
1706670409.180000168 984.0782 2264.9818 7.2751 0 0 0 0
1706670409.649999882 984.0195 2265.8375 7.2659 0 0 0 0
1706670409.899999783 983.9927 2266.3140 7.2572 0 0 0 0
1706670410.290000308 983.9927 2266.3140 7.2572 0 0 0 0
1706670410.750000202 983.9119 2266.9165 7.2176 0 0 0 0
1706670411.200000276 983.9310 2267.5272 7.2729 0 0 0 0
1706670411.579999723 983.8019 2268.1548 7.3396 0 0 0 0
1706670412.089999975 983.7447 2268.5693 7.3846 0 0 0 0
1706670412.439999962 983.7406 2269.2941 7.4237 0 0 0 0
1706670412.899999856 983.6739 2269.7330 7.4217 0 0 0 0
1706670413.359999750 983.6155 2270.0992 7.4662 0 0 0 0
1706670413.809999824 983.5282 2270.4350 7.4928 0 0 0 0
1706670414.259999897 983.4472 2270.7647 7.5141 0 0 0 0
1706670414.630000154 983.3836 2270.9791 7.5403 0 0 0 0
1706670415.129999956 983.2753 2271.2459 7.6515 0 0 0 0
1706670415.589999850 983.2421 2271.6380 7.7054 0 0 0 0
1706670415.850000200 983.2421 2271.6380 7.7054 0 0 0 0
1706670416.319999914 983.4130 2271.9621 7.6962 0 0 0 0
1706670416.879999894 983.3816 2272.4242 7.6499 0 0 0 0
1706670417.409999785 983.3796 2272.9370 7.5921 0 0 0 0
1706670417.749999953 983.2763 2273.4357 7.5499 0 0 0 0
1706670418.060000031 983.3782 2273.8609 7.5715 0 0 0 0
1706670418.500000285 983.4670 2274.3107 7.5807 0 0 0 0
1706670418.879999733 983.2734 2274.6127 7.5692 0 0 0 0
1706670419.210000080 983.0865 2275.1317 7.5368 0 0 0 0
1706670419.679999794 983.2396 2275.6075 7.5210 0 0 0 0
1706670420.159999956 983.3898 2276.0235 7.5474 0 0 0 0
1706670420.630000299 983.3877 2276.4663 7.5800 0 0 0 0
1706670420.929999929 983.1510 2277.1259 7.5780 0 0 0 0
1706670421.289999736 983.0432 2277.4479 7.5223 0 0 0 0
1706670421.690000081 983.1068 2277.9225 7.5730 0 0 0 0
1706670422.100000246 983.2259 2278.4806 7.5771 0 0 0 0
1706670422.429999965 983.0350 2278.9436 7.5408 0 0 0 0
1706670422.880000039 983.0190 2279.4528 7.5409 0 0 0 0
1706670423.250000295 983.1936 2279.9800 7.5794 0 0 0 0
1706670423.670000280 983.1109 2280.5252 7.5461 0 0 0 0
1706670424.030000088 982.9573 2280.8727 7.5729 0 0 0 0
1706670424.510000250 982.8402 2281.2531 7.5514 0 0 0 0
1706670424.919999787 982.7918 2281.9102 7.5232 0 0 0 0
1706670425.380000309 982.8965 2282.4027 7.5708 0 0 0 0
1706670425.740000117 982.9604 2282.9393 7.6399 0 0 0 0
1706670426.120000193 982.7531 2283.4300 7.6099 0 0 0 0
1706670426.449999912 982.7025 2283.7979 7.5948 0 0 0 0
1706670426.879999717 982.8225 2284.3149 7.6362 0 0 0 0
1706670427.219999884 982.7877 2284.8831 7.5996 0 0 0 0
1706670427.649999689 982.6254 2285.3603 7.6047 0 0 0 0
1706670427.949999948 982.4696 2285.6740 7.6177 0 0 0 0
1706670428.250000207 982.3073 2286.0407 7.5746 0 0 0 0
1706670428.850000096 982.3633 2286.5469 7.6142 0 0 0 0
1706670429.359999718 982.4911 2287.0690 7.6150 0 0 0 0
1706670429.799999972 982.3389 2287.6579 7.5763 0 0 0 0
1706670430.159999779 982.2821 2288.2217 7.5578 0 0 0 0
1706670430.460000038 982.2598 2288.7229 7.5738 0 0 0 0
1706670430.889999843 982.2358 2289.1821 7.5696 0 0 0 0
1706670431.269999919 982.3393 2289.5192 7.5742 0 0 0 0
1706670431.659999816 982.3995 2289.9672 7.6068 0 0 0 0
1706670432.049999712 982.2477 2290.4207 7.5935 0 0 0 0
1706670432.440000237 982.3719 2290.8406 7.5829 0 0 0 0
1706670432.839999953 982.4127 2291.3386 7.6208 0 0 0 0
1706670433.159999852 982.2724 2291.7568 7.5691 0 0 0 0
1706670433.469999931 982.2956 2292.1000 7.5880 0 0 0 0
1706670433.810000098 982.3518 2292.4525 7.5992 0 0 0 0
1706670434.169999906 982.2427 2292.7993 7.5825 0 0 0 0
1706670434.489999805 982.0380 2293.0865 7.6017 0 0 0 0
1706670434.909999790 981.9527 2293.5046 7.6023 0 0 0 0
1706670435.359999863 982.0145 2294.0859 7.6132 0 0 0 0
1706670435.790000297 982.0801 2294.6268 7.6291 0 0 0 0
1706670436.220000102 982.1027 2295.0867 7.6068 0 0 0 0
1706670436.609999998 981.9320 2295.5850 7.6034 0 0 0 0
1706670436.880000168 981.8530 2296.0216 7.6312 0 0 0 0
1706670437.330000242 981.9428 2296.4051 7.6364 0 0 0 0
1706670437.739999779 981.9509 2296.7612 7.6901 0 0 0 0
1706670438.149999944 981.9349 2297.7571 7.6685 0 0 0 0
1706670438.369999756 982.0076 2297.9632 7.7280 0 0 0 0
1706670438.730000192 982.0076 2297.9632 7.7280 0 0 0 0
1706670439.190000086 981.9129 2298.6200 7.6851 0 0 0 0
1706670439.579999982 981.8973 2299.1836 7.6659 0 0 0 0
1706670439.780000155 981.9193 2299.5373 7.6938 0 0 0 0
1706670439.950000239 981.8570 2299.7423 7.6974 0 0 0 0
1706670440.170000051 981.7608 2299.9435 7.6541 0 0 0 0
1706670440.419999952 981.6087 2300.4680 7.6830 0 0 0 0
1706670440.590000036 981.6087 2300.4680 7.6830 0 0 0 0
1706670440.879999846 981.6026 2300.7376 7.6850 0 0 0 0
1706670441.210000194 981.5960 2301.0793 7.7065 0 0 0 0
1706670441.479999735 981.5765 2301.4956 7.6787 0 0 0 0
1706670441.880000080 981.7084 2302.1714 7.6930 0 0 0 0
1706670442.090000072 981.7084 2302.1714 7.6930 0 0 0 0
1706670442.459999700 981.5368 2302.9352 7.6802 0 0 0 0
1706670442.739999690 981.5368 2302.9352 7.6802 0 0 0 0
1706670443.140000035 981.5789 2303.3861 7.6621 0 0 0 0
1706670443.440000294 981.5692 2303.7947 7.7057 0 0 0 0
1706670443.770000013 981.4716 2304.1466 7.6572 0 0 0 0
1706670444.050000003 981.4283 2304.4308 7.6871 0 0 0 0
1706670444.490000256 981.5157 2304.7678 7.6520 0 0 0 0
1706670444.910000241 981.4876 2305.3144 7.6981 0 0 0 0
1706670445.330000226 981.4325 2305.7068 7.7035 0 0 0 0
1706670445.729999943 981.5037 2306.3339 7.7038 0 0 0 0
1706670446.200000285 981.3997 2306.7644 7.6795 0 0 0 0
1706670446.679999819 981.3309 2307.1995 7.7042 0 0 0 0
1706670447.029999807 981.3659 2307.6498 7.6956 0 0 0 0
1706670447.409999883 981.2312 2308.1171 7.6839 0 0 0 0
1706670447.939999774 981.2307 2308.6420 7.7102 0 0 0 0
1706670448.419999937 981.2077 2309.2322 7.7461 0 0 0 0
1706670448.820000282 981.1247 2309.8242 7.7589 0 0 0 0
1706670449.210000178 981.1634 2310.1718 7.7401 0 0 0 0
1706670449.499999988 981.1755 2310.6917 7.7598 0 0 0 0
1706670449.880000064 981.0851 2311.0616 7.7268 0 0 0 0
1706670450.150000234 981.0748 2311.3714 7.7773 0 0 0 0
1706670450.510000042 981.1563 2311.8019 7.7790 0 0 0 0
1706670451.049999753 981.0863 2312.4185 7.7394 0 0 0 0
1706670451.359999832 981.0272 2312.9128 7.7419 0 0 0 0
1706670451.699999999 981.0830 2313.2608 7.7650 0 0 0 0
1706670452.019999898 981.0647 2313.5360 7.8132 0 0 0 0
1706670452.259999979 980.9867 2313.8866 7.7756 0 0 0 0
1706670452.640000056 980.9938 2314.1896 7.7959 0 0 0 0
1706670452.999999863 981.0597 2314.6292 7.8034 0 0 0 0
1706670453.340000031 980.9228 2315.0376 7.7849 0 0 0 0
1706670453.739999747 980.8435 2315.4742 7.8098 0 0 0 0
1706670454.019999737 980.8458 2315.8469 7.7775 0 0 0 0
1706670454.340000264 980.7836 2316.1513 7.8095 0 0 0 0
1706670454.569999897 980.6965 2316.3750 7.7639 0 0 0 0
1706670454.809999978 980.6455 2316.6178 7.7608 0 0 0 0
1706670455.129999877 980.6988 2316.9949 7.7761 0 0 0 0
1706670455.610000039 980.7000 2317.3036 7.7928 0 0 0 0
1706670456.009999756 980.5243 2317.7798 7.7797 0 0 0 0
1706670456.389999832 980.5447 2318.6141 7.8298 0 0 0 0
1706670456.580000184 980.5447 2318.6141 7.8298 0 0 0 0
1706670456.879999815 980.4890 2318.9181 7.8235 0 0 0 0
1706670457.250000071 980.4234 2319.3216 7.8202 0 0 0 0
1706670457.539999881 980.4793 2319.6424 7.8188 0 0 0 0
1706670457.810000051 980.5323 2319.9527 7.8283 0 0 0 0
1706670458.129999950 980.4214 2320.3099 7.8255 0 0 0 0
1706670458.610000112 980.3638 2320.5867 7.8361 0 0 0 0
1706670459.039999917 980.4446 2321.1013 7.8290 0 0 0 0
1706670459.410000173 980.3548 2321.7250 7.8297 0 0 0 0
1706670459.769999981 980.2633 2322.0385 7.8624 0 0 0 0
1706670460.059999791 980.3178 2322.3819 7.8352 0 0 0 0
1706670460.390000138 980.4073 2322.8888 7.8919 0 0 0 0
1706670460.730000306 980.2990 2323.3223 7.8699 0 0 0 0
1706670460.999999847 980.3176 2323.5480 7.8976 0 0 0 0
1706670461.260000197 980.4049 2323.8636 7.8521 0 0 0 0
1706670461.620000005 980.4377 2324.2595 7.9160 0 0 0 0
1706670461.890000175 980.3130 2324.8199 7.8913 0 0 0 0
1706670462.109999987 980.3130 2324.8199 7.8913 0 0 0 0
1706670462.609999790 980.4032 2325.1937 7.8684 0 0 0 0
1706670463.019999955 980.3770 2325.6536 7.9187 0 0 0 0
1706670463.330000034 980.2151 2326.0902 7.8971 0 0 0 0
1706670463.799999747 980.1317 2326.8979 7.9181 0 0 0 0
1706670464.240000001 980.1317 2326.8979 7.9181 0 0 0 0
1706670464.629999897 979.9293 2327.4965 7.9108 0 0 0 0
1706670465.229999786 980.0565 2328.1084 7.9222 0 0 0 0
1706670465.539999865 980.0267 2328.4998 7.9298 0 0 0 0
1706670465.900000301 979.9615 2328.9387 7.9332 0 0 0 0
1706670466.309999838 980.0377 2329.2576 7.9094 0 0 0 0
1706670466.629999736 980.0344 2329.7282 7.9603 0 0 0 0
1706670467.060000170 979.9014 2330.0876 7.9530 0 0 0 0
1706670467.450000066 979.8930 2330.4469 7.9612 0 0 0 0
1706670467.839999963 979.9513 2330.8197 8.0510 0 0 0 0
1706670468.240000308 979.8339 2331.1923 7.9904 0 0 0 0
1706670468.630000204 979.8075 2331.7410 7.9980 0 0 0 0
1706670468.990000011 979.8855 2332.1195 8.0077 0 0 0 0
1706670469.360000268 979.8135 2332.5774 7.9968 0 0 0 0
1706670469.759999984 979.6739 2332.9974 8.0126 0 0 0 0
1706670470.109999971 979.6962 2333.3862 7.9993 0 0 0 0
1706670470.499999868 979.6688 2333.7083 8.0336 0 0 0 0
1706670470.900000213 979.5571 2334.2787 8.0139 0 0 0 0
1706670471.299999929 979.5849 2334.6626 7.9922 0 0 0 0
1706670471.659999737 979.5580 2335.0389 8.0489 0 0 0 0
1706670471.990000084 979.4636 2335.5216 8.0158 0 0 0 0
1706670472.340000072 979.5148 2335.8957 8.0394 0 0 0 0
1706670472.869999963 979.5729 2336.3823 8.0996 0 0 0 0
1706670473.180000042 979.5178 2336.7612 8.0679 0 0 0 0
1706670473.550000298 979.4761 2337.0928 8.0810 0 0 0 0
1706670473.859999748 979.4913 2337.5147 8.0829 0 0 0 0
1706670474.110000278 979.4173 2337.9439 8.0695 0 0 0 0
1706670474.390000268 979.3723 2338.0904 8.0570 0 0 0 0
1706670474.680000078 979.3574 2338.3094 8.0981 0 0 0 0
1706670474.969999888 979.3985 2338.6055 8.0710 0 0 0 0
1706670475.249999878 979.3663 2338.9964 8.1198 0 0 0 0
1706670475.569999777 979.2869 2339.3146 8.0695 0 0 0 0
1706670475.909999944 979.2699 2339.7627 8.0971 0 0 0 0
1706670476.310000289 979.3549 2340.3261 8.0833 0 0 0 0
1706670476.700000186 979.3121 2340.6167 8.1007 0 0 0 0
1706670477.080000262 979.2221 2341.3734 8.0762 0 0 0 0
1706670477.339999983 979.2221 2341.3734 8.0762 0 0 0 0
1706670477.680000151 979.1682 2341.8303 8.1283 0 0 0 0
1706670478.000000049 979.0418 2342.1777 8.0731 0 0 0 0
1706670478.210000042 978.9748 2342.5145 8.1186 0 0 0 0
1706670478.499999852 979.0171 2342.7591 8.0956 0 0 0 0
1706670478.849999839 979.0418 2343.0818 8.1315 0 0 0 0
1706670479.290000093 978.9098 2343.5510 8.0946 0 0 0 0
1706670479.719999898 978.9634 2343.9967 8.1396 0 0 0 0
1706670480.029999977 979.1079 2344.5433 8.1699 0 0 0 0
1706670480.480000051 979.0726 2344.9249 8.1803 0 0 0 0
1706670480.799999950 978.9943 2345.3965 8.1995 0 0 0 0
1706670481.130000297 979.0243 2345.6657 8.1851 0 0 0 0
1706670481.399999838 978.9922 2345.9412 8.2267 0 0 0 0
1706670481.840000092 978.8815 2346.3199 8.1918 0 0 0 0
1706670482.129999902 978.7511 2346.7149 8.1996 0 0 0 0
1706670482.470000070 978.7430 2347.0677 8.2009 0 0 0 0
1706670482.850000146 978.7213 2347.5523 8.1784 0 0 0 0
1706670483.240000042 978.6540 2348.0808 8.2591 0 0 0 0
1706670483.590000030 978.6589 2348.3867 8.2692 0 0 0 0
1706670483.940000017 978.6360 2348.8153 8.2566 0 0 0 0
1706670484.310000273 978.4939 2349.2275 8.2628 0 0 0 0
1706670484.749999898 978.5533 2349.8434 8.2736 0 0 0 0
1706670485.080000246 978.5533 2349.8434 8.2736 0 0 0 0
1706670485.409999965 978.5558 2350.2791 8.2723 0 0 0 0
1706670485.720000044 978.5558 2350.2791 8.2723 0 0 0 0
1706670486.060000211 978.5919 2350.5019 8.2818 0 0 0 0
1706670486.459999927 978.5473 2350.6551 8.2632 0 0 0 0
1706670486.970000179 978.4390 2350.7287 8.2540 0 0 0 0
1706670487.269999809 978.3786 2350.7469 8.2368 0 0 0 0
1706670487.500000070 978.3835 2350.7136 8.2392 0 0 0 0
1706670487.789999880 978.3891 2350.6127 8.2660 0 0 0 0
1706670487.999999872 978.3872 2350.5040 8.2776 0 0 0 0
1706670488.410000037 978.4169 2350.3800 8.2824 0 0 0 0
1706670488.850000291 978.4728 2350.1161 8.2699 0 0 0 0
1706670489.259999827 978.5441 2349.7907 8.2657 0 0 0 0
1706670489.590000175 978.6740 2349.3641 8.2408 0 0 0 0
1706670489.980000071 978.7433 2348.9964 8.2374 0 0 0 0
1706670490.400000056 978.7689 2348.6867 8.2829 0 0 0 0
1706670490.969999856 978.7110 2348.3583 8.2797 0 0 0 0
1706670491.389999841 978.7277 2348.0182 8.2162 0 0 0 0
1706670491.839999915 978.7989 2347.6599 8.2195 0 0 0 0
1706670492.310000258 978.7264 2347.1033 8.2110 0 0 0 0
1706670492.700000154 978.6959 2346.6520 8.1735 0 0 0 0
1706670493.120000139 978.6348 2346.3153 8.1884 0 0 0 0
1706670493.419999769 978.5610 2345.9609 8.1942 0 0 0 0
1706670493.759999936 978.5835 2345.5656 8.1888 0 0 0 0
1706670494.090000284 978.6241 2345.2628 8.1848 0 0 0 0
1706670494.539999729 978.5436 2344.8973 8.1527 0 0 0 0
1706670494.879999897 978.5320 2344.4889 8.1781 0 0 0 0
1706670495.309999702 978.6822 2344.0179 8.1317 0 0 0 0
1706670495.679999958 978.6641 2343.6579 8.1461 0 0 0 0
1706670495.999999857 978.5689 2343.2868 8.1724 0 0 0 0
1706670496.220000298 978.5827 2342.9153 8.1766 0 0 0 0
1706670496.680000192 978.6116 2342.6425 8.1814 0 0 0 0
1706670497.039999999 978.6297 2342.2585 8.1580 0 0 0 0
1706670497.450000164 978.7352 2341.6642 8.1363 0 0 0 0
1706670497.819999792 978.8057 2341.2921 8.1395 0 0 0 0
1706670498.269999865 978.7873 2340.9983 8.1189 0 0 0 0
1706670498.750000028 978.8438 2340.4638 8.1279 0 0 0 0
1706670499.230000190 978.8785 2339.9376 8.1195 0 0 0 0
1706670499.769999902 978.9133 2338.9761 8.0712 0 0 0 0
1706670500.089999801 978.9133 2338.9761 8.0712 0 0 0 0
1706670500.569999963 978.9421 2338.4847 8.0804 0 0 0 0
1706670500.929999771 978.9593 2338.0949 8.0981 0 0 0 0
1706670501.230000029 979.0618 2337.7825 8.0690 0 0 0 0
1706670501.600000286 979.1462 2337.2612 8.0717 0 0 0 0
1706670501.939999824 979.1274 2336.8321 8.1185 0 0 0 0
1706670502.279999992 979.1449 2336.6005 8.1426 0 0 0 0
1706670502.629999979 979.1544 2336.0122 8.0882 0 0 0 0
1706670502.860000241 979.1544 2336.0122 8.0882 0 0 0 0
1706670503.239999688 979.1605 2335.1375 8.0378 0 0 0 0
1706670503.570000036 979.1605 2335.1375 8.0378 0 0 0 0
1706670503.950000112 979.2147 2334.6607 8.0451 0 0 0 0
1706670504.360000277 979.2779 2334.2812 8.0590 0 0 0 0
1706670504.699999816 979.3885 2333.8261 8.0313 0 0 0 0
1706670505.049999803 979.3372 2333.1431 8.0110 0 0 0 0
1706670505.229999707 979.3372 2333.1431 8.0110 0 0 0 0
1706670505.669999961 979.4330 2332.5998 8.0121 0 0 0 0
1706670505.910000042 979.4838 2332.1962 8.0240 0 0 0 0
1706670506.169999763 979.4838 2332.1962 8.0240 0 0 0 0
1706670506.460000202 979.4253 2331.7779 7.9926 0 0 0 0
1706670506.999999913 979.5241 2331.3252 7.9936 0 0 0 0
1706670507.379999990 979.6618 2330.9612 8.0145 0 0 0 0
1706670507.830000063 979.6395 2330.5113 7.9919 0 0 0 0
1706670508.129999693 979.6906 2330.0285 7.9753 0 0 0 0
1706670508.600000036 979.7395 2329.5892 7.9843 0 0 0 0
1706670508.989999932 979.5737 2329.0277 7.9501 0 0 0 0
1706670509.379999829 979.6312 2328.5607 7.9487 0 0 0 0
1706670509.839999722 979.6678 2328.1511 7.9674 0 0 0 0
1706670510.179999890 979.5932 2327.6247 7.9447 0 0 0 0
1706670510.709999781 979.8214 2326.6177 7.9342 0 0 0 0
1706670511.049999949 979.8214 2326.6177 7.9342 0 0 0 0
1706670511.409999756 979.8052 2326.2175 7.9054 0 0 0 0
1706670511.800000281 979.9429 2325.7523 7.9042 0 0 0 0
1706670512.260000175 980.0003 2325.1370 7.9050 0 0 0 0
1706670512.680000160 979.9465 2324.6337 7.9270 0 0 0 0
1706670513.210000051 980.0204 2324.1457 7.8986 0 0 0 0
1706670513.630000036 979.9138 2323.5949 7.8851 0 0 0 0
1706670514.129999839 979.9454 2323.0479 7.8973 0 0 0 0
1706670514.600000181 980.0236 2322.5469 7.9012 0 0 0 0
1706670515.029999986 980.0105 2322.0658 7.8787 0 0 0 0
1706670515.449999971 980.1172 2321.5264 7.8590 0 0 0 0
1706670515.790000139 980.1400 2320.8770 7.8450 0 0 0 0
1706670516.189999855 980.1992 2320.5613 7.8817 0 0 0 0
1706670516.579999751 980.3702 2320.0620 7.8428 0 0 0 0
1706670517.040000274 980.4252 2319.1734 7.8657 0 0 0 0
1706670517.339999904 980.4252 2319.1734 7.8657 0 0 0 0
1706670517.780000158 980.5276 2318.7373 7.8520 0 0 0 0
1706670518.249999871 980.3935 2318.3382 7.8261 0 0 0 0
1706670518.720000214 980.4152 2317.9052 7.8637 0 0 0 0
1706670519.119999930 980.4239 2317.3498 7.8390 0 0 0 0
1706670519.509999827 980.3315 2316.8470 7.8064 0 0 0 0
1706670519.779999997 980.4515 2316.3876 7.7918 0 0 0 0
1706670520.029999898 980.5587 2315.9681 7.8068 0 0 0 0
1706670520.379999885 980.5377 2315.6491 7.7614 0 0 0 0
1706670520.689999964 980.6373 2315.0904 7.7801 0 0 0 0
1706670520.809999690 980.6373 2315.0904 7.7801 0 0 0 0
1706670521.079999860 980.6978 2314.8679 7.7875 0 0 0 0
1706670521.370000299 980.6903 2314.5549 7.7929 0 0 0 0
1706670521.739999927 980.6565 2314.1672 7.7916 0 0 0 0
1706670522.150000092 980.7175 2313.4526 7.7848 0 0 0 0
1706670522.390000173 980.7175 2313.4526 7.7848 0 0 0 0
1706670522.799999709 980.6911 2312.9746 7.7559 0 0 0 0
1706670523.139999877 980.7221 2312.5410 7.7853 0 0 0 0
1706670523.429999687 980.8129 2312.0271 7.7642 0 0 0 0
1706670523.589999950 980.8129 2312.0271 7.7642 0 0 0 0
1706670523.830000032 980.7563 2311.6300 7.7339 0 0 0 0
1706670524.070000113 980.7300 2311.3415 7.7518 0 0 0 0
1706670524.660000182 980.7987 2310.9621 7.7395 0 0 0 0
1706670524.980000081 980.7659 2310.3631 7.7389 0 0 0 0
1706670525.400000066 980.7245 2310.0589 7.7565 0 0 0 0
1706670525.750000053 980.7754 2309.6109 7.7147 0 0 0 0
1706670526.170000038 980.7554 2309.0880 7.7141 0 0 0 0
1706670526.669999841 980.8036 2308.6315 7.7531 0 0 0 0
1706670527.049999917 980.9604 2308.1723 7.7033 0 0 0 0
1706670527.450000262 980.9195 2307.6852 7.7058 0 0 0 0
1706670527.849999978 980.8772 2307.2195 7.7767 0 0 0 0
1706670528.249999695 980.9706 2306.6474 7.7423 0 0 0 0
1706670528.670000308 980.8764 2306.0640 7.7209 0 0 0 0
1706670529.020000296 980.9508 2305.5835 7.7204 0 0 0 0
1706670529.499999830 981.0738 2305.1917 7.7353 0 0 0 0
1706670529.959999723 981.1647 2304.3302 7.7149 0 0 0 0
1706670530.180000165 981.1647 2304.3302 7.7149 0 0 0 0
1706670530.549999792 981.2139 2303.9180 7.7293 0 0 0 0
1706670530.840000231 981.1398 2303.5220 7.6937 0 0 0 0
1706670531.099999952 981.1933 2303.1330 7.7160 0 0 0 0
1706670531.410000031 981.2811 2302.9163 7.6769 0 0 0 0
1706670531.650000112 981.3696 2302.5697 7.7019 0 0 0 0
1706670531.979999831 981.3254 2302.2067 7.6744 0 0 0 0
1706670532.350000087 981.3030 2301.9072 7.7032 0 0 0 0
1706670532.739999983 981.3861 2301.3539 7.6539 0 0 0 0
1706670533.099999791 981.3064 2300.9075 7.6705 0 0 0 0
1706670533.540000045 981.2818 2300.4586 7.6967 0 0 0 0
1706670533.829999855 981.3942 2299.9490 7.6496 0 0 0 0
1706670534.100000025 981.4043 2299.6653 7.6743 0 0 0 0
1706670534.419999924 981.4055 2299.2828 7.6506 0 0 0 0
1706670534.750000271 981.4755 2298.8834 7.6732 0 0 0 0
1706670535.359999980 981.4747 2298.0118 7.6277 0 0 0 0
1706670535.560000152 981.4338 2297.6228 7.6692 0 0 0 0
1706670535.819999874 981.4338 2297.6228 7.6692 0 0 0 0
1706670536.190000130 981.5231 2297.1723 7.6285 0 0 0 0
1706670536.629999755 981.4934 2296.6524 7.6227 0 0 0 0
1706670536.960000102 981.5437 2296.1505 7.6435 0 0 0 0
1706670537.319999910 981.6950 2295.6673 7.6188 0 0 0 0
1706670537.660000077 981.7142 2295.2999 7.6390 0 0 0 0
1706670538.040000154 981.8371 2294.6701 7.6288 0 0 0 0
1706670538.350000232 981.8371 2294.6701 7.6288 0 0 0 0
1706670538.859999855 981.9346 2294.0176 7.6217 0 0 0 0
1706670539.340000018 981.9464 2293.4847 7.6157 0 0 0 0
1706670539.790000091 982.0651 2293.0466 7.5843 0 0 0 0
1706670540.149999899 982.0772 2292.5283 7.6562 0 0 0 0
1706670540.560000064 982.0684 2292.1735 7.6626 0 0 0 0
1706670540.999999689 982.1948 2291.7110 7.6286 0 0 0 0
1706670541.339999856 982.2035 2291.1701 7.6035 0 0 0 0
1706670541.840000288 982.2633 2290.6779 7.6515 0 0 0 0
1706670542.270000093 982.3490 2290.1127 7.6418 0 0 0 0
1706670542.599999812 982.2558 2289.6275 7.5899 0 0 0 0
1706670543.000000156 982.2752 2289.0754 7.6362 0 0 0 0
1706670543.549999688 982.2974 2288.4681 7.6393 0 0 0 0
1706670543.889999855 982.2108 2288.0466 7.6167 0 0 0 0
1706670544.430000195 982.2080 2287.5734 7.6173 0 0 0 0
1706670544.899999909 982.1751 2286.9243 7.5949 0 0 0 0
1706670545.380000072 982.2808 2286.3926 7.6086 0 0 0 0
1706670545.790000237 982.3714 2285.9054 7.6245 0 0 0 0
1706670546.220000042 982.3270 2285.5241 7.5855 0 0 0 0
1706670546.560000209 982.3905 2285.0631 7.6009 0 0 0 0
1706670547.099999920 982.3938 2284.5811 7.6007 0 0 0 0
1706670547.389999731 982.3187 2284.0153 7.5936 0 0 0 0
1706670547.809999716 982.3714 2283.6584 7.5590 0 0 0 0
1706670548.049999797 982.4659 2283.2126 7.5717 0 0 0 0
1706670548.340000235 982.4391 2282.8985 7.5449 0 0 0 0
1706670548.800000129 982.4781 2282.5771 7.5888 0 0 0 0
1706670549.110000208 982.5829 2282.0490 7.5472 0 0 0 0
1706670549.560000282 982.6636 2281.2668 7.5777 0 0 0 0
1706670549.820000003 982.6636 2281.2668 7.5777 0 0 0 0
1706670550.130000082 982.7739 2280.8735 7.5149 0 0 0 0
1706670550.410000072 982.8722 2280.4815 7.5292 0 0 0 0
1706670550.779999699 982.8420 2280.1465 7.5177 0 0 0 0
1706670551.089999778 982.8333 2279.7115 7.5705 0 0 0 0
1706670551.480000303 982.7901 2278.8901 7.5420 0 0 0 0
1706670551.690000296 982.7901 2278.8901 7.5420 0 0 0 0
1706670552.059999923 982.7794 2278.5612 7.5650 0 0 0 0
1706670552.370000002 982.8445 2278.2184 7.5245 0 0 0 0
1706670552.759999898 982.8974 2277.9006 7.5693 0 0 0 0
1706670553.139999975 982.9334 2277.4407 7.5600 0 0 0 0
1706670553.459999873 982.9810 2277.0038 7.5928 0 0 0 0
1706670553.720000223 983.0770 2276.7614 7.5792 0 0 0 0
1706670554.030000302 983.1262 2276.4630 7.5763 0 0 0 0
1706670554.350000201 983.1417 2276.0154 7.6030 0 0 0 0
1706670554.740000097 983.2063 2275.6257 7.5647 0 0 0 0
1706670555.279999808 983.1806 2275.1366 7.5863 0 0 0 0
1706670555.619999976 983.0930 2274.6731 7.5819 0 0 0 0
1706670555.949999695 983.1012 2274.2525 7.5474 0 0 0 0
1706670556.529999943 983.0698 2273.7787 7.5648 0 0 0 0
1706670556.910000020 983.0194 2273.1372 7.5687 0 0 0 0
1706670557.439999911 983.0804 2272.7509 7.5439 0 0 0 0
1706670557.859999896 983.0524 2272.1859 7.5362 0 0 0 0
1706670558.160000155 983.1090 2271.6686 7.5390 0 0 0 0
1706670558.559999871 983.1309 2271.3377 7.5682 0 0 0 0
1706670558.890000219 983.1211 2270.8789 7.5403 0 0 0 0
1706670559.250000026 983.1881 2270.4716 7.5649 0 0 0 0
1706670559.630000102 983.2792 2269.9452 7.5429 0 0 0 0
1706670560.069999727 983.2826 2269.3979 7.4996 0 0 0 0
1706670560.530000250 983.3444 2268.8114 7.5189 0 0 0 0
1706670560.990000144 983.3584 2268.2112 7.5318 0 0 0 0
1706670561.380000040 983.2902 2267.6781 7.5387 0 0 0 0
1706670561.599999852 983.2634 2267.1561 7.5010 0 0 0 0
1706670561.900000111 983.2390 2266.8740 7.5288 0 0 0 0
1706670562.210000190 983.2458 2266.5328 7.4919 0 0 0 0
1706670562.579999818 983.3268 2266.1546 7.5165 0 0 0 0
1706670562.929999805 983.4011 2265.7413 7.5147 0 0 0 0
1706670563.400000148 983.3673 2265.2303 7.5113 0 0 0 0
1706670563.899999950 983.4427 2264.7487 7.5110 0 0 0 0
1706670564.300000295 983.5560 2264.0077 7.5281 0 0 0 0
1706670564.840000006 983.5602 2263.5615 7.5357 0 0 0 0
1706670565.259999991 983.7327 2263.0393 7.5298 0 0 0 0
1706670565.679999976 983.7375 2262.6368 7.5543 0 0 0 0
1706670566.050000233 983.7354 2262.1095 7.5722 0 0 0 0
1706670566.529999766 983.7891 2261.5373 7.5468 0 0 0 0
1706670566.939999931 983.7720 2260.9638 7.5313 0 0 0 0
1706670567.369999737 983.8091 2260.5368 7.5200 0 0 0 0
1706670567.749999813 983.8254 2260.0140 7.5616 0 0 0 0
1706670568.129999889 983.8331 2259.6036 7.5750 0 0 0 0
1706670568.629999692 983.9162 2259.1197 7.6067 0 0 0 0
1706670569.170000032 984.0590 2258.5027 7.5981 0 0 0 0
1706670569.639999745 984.0474 2257.7818 7.6306 0 0 0 0
1706670570.010000002 984.1250 2257.3644 7.6352 0 0 0 0
1706670570.439999807 984.1267 2256.9385 7.6022 0 0 0 0
1706670570.880000060 984.1803 2256.3873 7.6073 0 0 0 0
1706670571.230000048 984.2459 2255.9289 7.6331 0 0 0 0
1706670571.530000307 984.2437 2255.5149 7.6179 0 0 0 0
1706670571.850000205 984.3197 2255.1732 7.6256 0 0 0 0
1706670572.149999836 984.4021 2254.8620 7.6024 0 0 0 0
1706670572.450000094 984.4838 2254.4983 7.6138 0 0 0 0
1706670573.049999983 984.5974 2253.9196 7.6179 0 0 0 0
1706670573.530000146 984.6536 2253.5065 7.6057 0 0 0 0
1706670573.910000222 984.6890 2253.0285 7.5651 0 0 0 0
1706670574.370000116 984.6903 2252.5929 7.6177 0 0 0 0
1706670574.769999832 984.7372 2252.0802 7.6347 0 0 0 0
1706670575.340000261 984.7142 2251.6476 7.6119 0 0 0 0
1706670575.819999794 984.5981 2250.3626 7.5703 0 0 0 0
1706670576.099999784 984.5981 2250.3626 7.5703 0 0 0 0
1706670576.710000122 984.5334 2249.7143 7.5874 0 0 0 0
1706670577.190000284 984.5884 2249.2259 7.5950 0 0 0 0
1706670577.499999735 984.5660 2248.7195 7.5882 0 0 0 0
1706670577.869999991 984.5977 2248.2829 7.6251 0 0 0 0
1706670578.159999801 984.6008 2247.7913 7.6033 0 0 0 0
1706670578.609999875 984.5203 2247.2924 7.5543 0 0 0 0
1706670579.069999768 984.5964 2246.8015 7.5508 0 0 0 0
1706670579.549999931 984.6522 2246.3703 7.5876 0 0 0 0
1706670580.000000005 984.6148 2245.9084 7.6074 0 0 0 0
1706670580.419999990 984.7074 2245.3834 7.5947 0 0 0 0
1706670580.919999792 984.7651 2244.8436 7.6006 0 0 0 0
1706670581.479999772 984.8196 2244.2360 7.5951 0 0 0 0
1706670581.950000115 984.9816 2243.6569 7.6051 0 0 0 0
1706670582.290000282 984.9813 2243.1875 7.6037 0 0 0 0
1706670582.640000270 985.0474 2242.6909 7.5643 0 0 0 0
1706670583.089999715 985.0267 2242.2068 7.5821 0 0 0 0
1706670583.529999969 984.9729 2241.5590 7.5980 0 0 0 0
1706670583.889999776 985.0199 2241.1113 7.5730 0 0 0 0
1706670584.250000212 984.9978 2240.7868 7.5944 0 0 0 0
1706670584.579999931 984.9539 2240.4247 7.5769 0 0 0 0
1706670584.850000101 985.0613 2239.9467 7.5822 0 0 0 0
1706670585.190000269 985.0893 2239.6454 7.6096 0 0 0 0
1706670585.629999894 985.0966 2239.3208 7.5531 0 0 0 0
1706670585.979999881 985.1862 2238.8311 7.6060 0 0 0 0
1706670586.310000229 985.3251 2238.2882 7.5748 0 0 0 0
1706670586.730000214 985.3105 2237.9489 7.5393 0 0 0 0
1706670587.080000201 985.3564 2237.5225 7.6041 0 0 0 0
1706670587.440000009 985.4398 2237.0592 7.6006 0 0 0 0
1706670587.880000263 985.4080 2236.6363 7.5739 0 0 0 0
1706670588.399999705 985.4816 2236.0967 7.6066 0 0 0 0
1706670588.730000053 985.5877 2235.4787 7.5865 0 0 0 0
1706670589.089999860 985.5493 2235.0964 7.5631 0 0 0 0
1706670589.380000299 985.5920 2234.6553 7.6285 0 0 0 0
1706670589.829999744 985.7308 2234.1692 7.6275 0 0 0 0
1706670590.209999820 985.7078 2233.6864 7.5896 0 0 0 0
1706670590.750000160 985.7040 2233.2344 7.6059 0 0 0 0
1706670591.089999699 985.7938 2232.7270 7.5972 0 0 0 0
1706670591.560000041 985.7428 2231.7998 7.5959 0 0 0 0
1706670591.930000298 985.7428 2231.7998 7.5959 0 0 0 0
1706670592.330000014 985.8368 2230.9273 7.5975 0 0 0 0
1706670592.610000004 985.8368 2230.9273 7.5975 0 0 0 0
1706670593.039999809 985.8761 2230.4283 7.6430 0 0 0 0
1706670593.379999977 986.0254 2229.9711 7.6517 0 0 0 0
1706670593.650000147 985.9693 2229.6228 7.6197 0 0 0 0
1706670593.909999868 985.9050 2229.3167 7.6529 0 0 0 0
1706670594.189999858 985.9374 2229.0558 7.6496 0 0 0 0
1706670594.429999939 985.9894 2228.7544 7.6381 0 0 0 0
1706670594.760000287 985.9628 2228.3875 7.6579 0 0 0 0
1706670594.959999830 985.8944 2228.0256 7.6489 0 0 0 0
1706670595.330000087 985.9837 2227.4521 7.6304 0 0 0 0
1706670595.579999988 985.9837 2227.4521 7.6304 0 0 0 0
1706670595.869999798 985.9958 2227.1587 7.6641 0 0 0 0
1706670596.300000232 985.9458 2226.6959 7.6476 0 0 0 0
1706670596.750000305 985.9986 2226.2973 7.6719 0 0 0 0
1706670597.059999756 986.1315 2225.8069 7.6713 0 0 0 0
1706670597.430000012 986.1247 2225.3262 7.6299 0 0 0 0
1706670597.919999994 986.1438 2224.8546 7.6763 0 0 0 0
1706670598.319999711 986.2079 2224.3775 7.6695 0 0 0 0
1706670598.640000238 986.1297 2223.8847 7.6294 0 0 0 0
1706670599.090000312 986.1827 2223.4266 7.6904 0 0 0 0
1706670599.539999757 986.2572 2222.9157 7.6741 0 0 0 0
1706670600.019999919 986.1972 2222.3368 7.6397 0 0 0 0
1706670600.379999727 986.3280 2221.7939 7.6592 0 0 0 0
1706670600.859999890 986.3492 2221.1915 7.6598 0 0 0 0
1706670601.260000234 986.3187 2220.7519 7.6797 0 0 0 0
1706670601.669999771 986.4136 2220.2780 7.7045 0 0 0 0
1706670602.130000293 986.3965 2219.8152 7.7430 0 0 0 0
1706670602.590000187 986.4496 2219.3013 7.7675 0 0 0 0
1706670602.980000083 986.5698 2218.7615 7.7627 0 0 0 0
1706670603.309999802 986.5571 2218.0414 7.7529 0 0 0 0
1706670603.570000152 986.5571 2218.0414 7.7529 0 0 0 0
1706670603.869999782 986.6599 2217.5352 7.7176 0 0 0 0
1706670604.209999950 986.6759 2217.1552 7.7624 0 0 0 0
1706670604.510000208 986.6415 2216.8585 7.7381 0 0 0 0
1706670604.890000285 986.7007 2216.4295 7.7731 0 0 0 0
1706670605.259999912 986.7682 2216.0612 7.7581 0 0 0 0
1706670605.520000262 986.7564 2215.6348 7.7719 0 0 0 0
1706670605.889999890 986.8160 2215.1499 7.7829 0 0 0 0
1706670606.290000235 986.8910 2214.8086 7.7434 0 0 0 0
1706670606.570000225 986.8042 2214.4307 7.7900 0 0 0 0
1706670606.860000035 986.7099 2214.0877 7.7453 0 0 0 0
1706670607.170000114 986.8150 2213.6845 7.8027 0 0 0 0
1706670607.410000195 986.9483 2213.3500 7.7617 0 0 0 0
1706670607.779999822 986.9356 2213.0549 7.7898 0 0 0 0
1706670608.029999724 986.9227 2212.7378 7.7721 0 0 0 0
1706670608.390000160 986.9986 2212.3684 7.8087 0 0 0 0
1706670608.889999962 987.0860 2211.8938 7.7711 0 0 0 0
1706670609.300000127 987.0081 2211.4531 7.7730 0 0 0 0
1706670609.640000295 987.0188 2210.9934 7.8200 0 0 0 0
1706670610.159999738 987.1192 2210.5229 7.8349 0 0 0 0
1706670610.439999728 987.0981 2210.2205 7.8140 0 0 0 0
1706670610.910000070 987.0747 2209.8774 7.8223 0 0 0 0
1706670611.379999784 987.1665 2209.2497 7.7992 0 0 0 0
1706670611.929999944 987.2079 2208.6683 7.7932 0 0 0 0
1706670612.219999754 987.2562 2207.9934 7.7973 0 0 0 0
1706670612.699999916 987.2639 2207.1839 7.8256 0 0 0 0
1706670613.040000084 987.2639 2207.1839 7.8256 0 0 0 0
1706670613.539999886 987.2882 2206.7227 7.8741 0 0 0 0
1706670613.929999783 987.1459 2205.6920 7.7593 0 0 0 0
1706670614.150000224 987.1459 2205.6920 7.7593 0 0 0 0
1706670614.460000303 987.1719 2204.9059 7.7198 0 0 0 0
1706670614.710000204 987.1719 2204.9059 7.7198 0 0 0 0
1706670615.289999824 987.4086 2204.4312 7.8007 0 0 0 0
1706670615.650000260 987.3680 2204.0789 7.8893 0 0 0 0
1706670616.110000154 987.3261 2203.7021 7.8753 0 0 0 0
1706670616.500000050 987.4357 2203.3389 7.9133 0 0 0 0
1706670616.810000129 987.6152 2202.5145 7.9214 0 0 0 0
1706670617.069999850 987.6152 2202.5145 7.9214 0 0 0 0
1706670617.309999932 987.7933 2202.0643 7.8839 0 0 0 0
1706670617.510000104 987.7494 2201.7583 7.8816 0 0 0 0
1706670617.809999734 987.6528 2201.3737 7.8733 0 0 0 0
1706670618.039999995 987.7101 2201.0989 7.8880 0 0 0 0
1706670618.229999719 987.7101 2201.0989 7.8880 0 0 0 0
1706670618.550000247 987.8151 2200.7882 7.8827 0 0 0 0
1706670618.889999785 987.7752 2200.4662 7.9378 0 0 0 0
1706670619.260000042 987.6690 2200.2185 7.9059 0 0 0 0
1706670619.649999938 987.6915 2199.6868 7.9086 0 0 0 0
1706670620.060000103 987.7463 2199.1852 7.9084 0 0 0 0
1706670620.330000273 987.8247 2198.8557 7.9027 0 0 0 0
1706670620.540000265 987.8328 2198.5467 7.9496 0 0 0 0
1706670620.809999807 987.9138 2198.2446 7.9373 0 0 0 0
1706670621.089999797 987.9722 2197.9248 7.9664 0 0 0 0
1706670621.639999957 987.8272 2197.2732 7.9574 0 0 0 0
1706670621.929999767 987.8272 2197.2732 7.9574 0 0 0 0
1706670622.250000294 987.8787 2196.8007 7.9241 0 0 0 0
1706670622.629999742 987.9131 2196.4440 7.9517 0 0 0 0
1706670623.079999816 987.9672 2195.7554 7.9382 0 0 0 0
1706670623.440000252 988.0029 2195.2848 7.9292 0 0 0 0
1706670623.830000148 987.9567 2195.0000 7.9826 0 0 0 0
1706670624.220000044 987.9606 2194.7751 7.9713 0 0 0 0
1706670624.539999943 988.0979 2194.2251 8.0190 0 0 0 0
1706670624.929999840 988.2508 2193.6870 7.9996 0 0 0 0
1706670625.400000182 988.2145 2193.2059 8.0240 0 0 0 0
1706670625.850000256 988.1142 2192.8956 8.0331 0 0 0 0
1706670626.240000152 988.1628 2192.5464 8.0145 0 0 0 0
1706670626.700000046 988.2170 2191.5889 8.0635 0 0 0 0
1706670627.099999762 988.2170 2191.5889 8.0635 0 0 0 0
1706670627.500000107 988.2566 2191.0885 8.0405 0 0 0 0
1706670627.829999826 988.2194 2190.5151 8.0242 0 0 0 0
1706670628.160000173 988.2311 2190.1798 8.0853 0 0 0 0
1706670628.419999895 988.2979 2189.7647 8.0555 0 0 0 0
1706670628.729999973 988.2316 2189.2276 8.0491 0 0 0 0
1706670629.079999961 988.2316 2189.2276 8.0491 0 0 0 0
1706670629.520000215 988.4050 2188.7438 8.1331 0 0 0 0
1706670629.830000293 988.5866 2188.2937 8.1684 0 0 0 0
1706670630.309999827 988.5687 2187.9612 8.1675 0 0 0 0
1706670630.850000167 988.5589 2187.3623 8.1335 0 0 0 0
1706670631.289999792 988.6246 2186.7554 8.1511 0 0 0 0
1706670631.699999957 988.4665 2186.3586 8.1012 0 0 0 0
1706670632.080000034 988.5356 2185.7293 8.1008 0 0 0 0
1706670632.469999930 988.5938 2185.2993 8.1678 0 0 0 0
1706670632.789999829 988.5131 2184.8998 8.1243 0 0 0 0
1706670633.269999991 988.5542 2184.4210 8.1844 0 0 0 0
1706670633.580000070 988.5391 2183.9930 8.1925 0 0 0 0
1706670633.939999877 988.4768 2183.7471 8.1279 0 0 0 0
1706670634.280000045 988.4692 2183.2486 8.1788 0 0 0 0
1706670634.679999761 988.5776 2182.8297 8.1589 0 0 0 0
1706670635.059999838 988.6950 2182.1596 8.1587 0 0 0 0
1706670635.560000269 988.7368 2181.6235 8.1948 0 0 0 0
1706670636.060000071 988.8025 2181.0484 8.2190 0 0 0 0
1706670636.499999696 988.6816 2180.4191 8.1862 0 0 0 0
1706670636.860000133 988.7531 2179.9196 8.2333 0 0 0 0
1706670637.210000120 988.9645 2179.5329 8.2290 0 0 0 0
1706670637.490000110 988.9961 2179.1860 8.2475 0 0 0 0
1706670637.889999826 988.9775 2178.8711 8.2525 0 0 0 0
1706670638.269999903 988.9967 2178.4638 8.2160 0 0 0 0
1706670638.780000154 989.0953 2177.9613 8.2735 0 0 0 0
1706670639.209999959 989.1931 2177.2573 8.2929 0 0 0 0
1706670639.569999767 989.2439 2176.6007 8.3074 0 0 0 0
1706670639.860000205 989.2439 2176.6007 8.3074 0 0 0 0
1706670640.240000281 989.1636 2176.0793 8.3055 0 0 0 0
1706670640.600000089 989.1955 2175.5891 8.3355 0 0 0 0
1706670641.059999983 989.2759 2175.2519 8.3301 0 0 0 0
1706670641.529999697 989.2376 2174.6703 8.2922 0 0 0 0
1706670641.939999862 989.2051 2173.8322 8.2666 0 0 0 0
1706670642.319999938 989.3159 2173.0870 8.3124 0 0 0 0
1706670642.639999837 989.3159 2173.0870 8.3124 0 0 0 0
1706670643.119999999 989.2552 2172.6358 8.3717 0 0 0 0
1706670643.430000078 989.3140 2172.1426 8.3886 0 0 0 0
1706670643.829999794 989.3018 2171.5739 8.3250 0 0 0 0
1706670644.179999782 989.3183 2171.1617 8.4248 0 0 0 0
1706670644.620000036 989.3402 2170.8641 8.4246 0 0 0 0
1706670644.900000026 989.3059 2170.4823 8.4018 0 0 0 0
1706670645.350000099 989.3401 2169.9663 8.4194 0 0 0 0
1706670645.789999724 989.4624 2169.6200 8.3991 0 0 0 0
1706670646.099999803 989.5347 2169.3069 8.4111 0 0 0 0
1706670646.400000062 989.5523 2168.8560 8.4430 0 0 0 0
1706670646.789999958 989.6508 2168.4269 8.4093 0 0 0 0
1706670647.209999943 989.6643 2168.0419 8.4544 0 0 0 0
1706670647.510000202 989.5455 2167.5754 8.4192 0 0 0 0
1706670647.949999827 989.5070 2167.1748 8.5138 0 0 0 0
1706670648.390000081 989.6112 2166.7135 8.4783 0 0 0 0
1706670648.810000066 989.6232 2166.0816 8.4432 0 0 0 0
1706670649.309999868 989.7568 2165.4977 8.5154 0 0 0 0
1706670649.729999853 989.8728 2164.9374 8.5235 0 0 0 0
1706670650.100000110 989.8497 2164.4588 8.5372 0 0 0 0
1706670650.529999915 989.8956 2164.0681 8.5183 0 0 0 0
1706670650.989999808 989.9314 2163.6578 8.5686 0 0 0 0
1706670651.409999793 989.8449 2163.0535 8.5726 0 0 0 0
1706670652.020000131 989.8517 2162.4674 8.5704 0 0 0 0
1706670652.599999751 989.8811 2161.6140 8.6047 0 0 0 0
1706670653.119999822 990.0825 2160.6622 8.5955 0 0 0 0
1706670653.509999719 990.0825 2160.6622 8.5955 0 0 0 0
1706670653.849999886 990.0859 2160.1103 8.6630 0 0 0 0
1706670654.250000231 990.2028 2159.7359 8.6490 0 0 0 0
1706670654.759999854 990.2394 2159.1846 8.6278 0 0 0 0
1706670655.149999750 990.3470 2158.5155 8.6433 0 0 0 0
1706670655.590000004 990.3750 2158.1720 8.6993 0 0 0 0
1706670656.119999895 990.2801 2157.7548 8.6510 0 0 0 0
1706670656.420000154 990.3655 2157.0502 8.6702 0 0 0 0
1706670656.910000136 990.4442 2156.5450 8.7114 0 0 0 0
1706670657.339999941 990.4055 2155.5527 8.7103 0 0 0 0
1706670657.619999931 990.4055 2155.5527 8.7103 0 0 0 0
1706670658.140000002 990.5757 2154.8897 8.7196 0 0 0 0
1706670658.450000081 990.6168 2154.3541 8.6832 0 0 0 0
1706670658.849999798 990.6050 2153.8324 8.7130 0 0 0 0
1706670659.229999874 990.6101 2153.6390 8.7985 0 0 0 0
1706670659.700000216 990.5479 2153.1875 8.7663 0 0 0 0
1706670660.230000108 990.6749 2152.6996 8.7811 0 0 0 0
1706670660.640000273 990.7920 2152.0887 8.8125 0 0 0 0
1706670661.089999718 990.6334 2151.5299 8.8667 0 0 0 0
1706670661.389999976 990.7293 2151.1076 8.8676 0 0 0 0
1706670661.889999779 990.7484 2150.6440 8.9051 0 0 0 0
1706670662.360000121 990.7360 2150.2526 8.9244 0 0 0 0
1706670662.750000018 990.7108 2149.4381 8.9508 0 0 0 0
1706670663.060000096 990.7108 2149.4381 8.9508 0 0 0 0
1706670663.480000081 990.6080 2149.0479 8.9539 0 0 0 0
1706670663.900000066 990.6660 2148.4551 8.9272 0 0 0 0
1706670664.439999778 990.8659 2147.9417 8.9857 0 0 0 0
1706670664.950000029 990.9253 2146.8229 8.9249 0 0 0 0
1706670665.260000108 990.9064 2146.2651 8.9415 0 0 0 0
1706670665.549999918 990.9064 2146.2651 8.9415 0 0 0 0
1706670666.009999812 990.8090 2145.8347 8.9649 0 0 0 0
1706670666.489999974 990.8880 2145.4765 8.9606 0 0 0 0
1706670666.979999957 990.9689 2144.8926 8.9778 0 0 0 0
1706670667.509999848 991.0831 2143.9619 8.9703 0 0 0 0
1706670667.999999830 991.1603 2143.4676 8.9950 0 0 0 0
1706670668.430000264 990.8459 2142.8420 8.9582 0 0 0 0
1706670668.949999707 990.9671 2142.2841 8.9722 0 0 0 0
1706670669.399999781 991.1227 2141.7810 9.0309 0 0 0 0
1706670669.849999854 991.1190 2141.0708 9.0490 0 0 0 0
1706670670.299999928 991.2875 2140.1730 9.0690 0 0 0 0
1706670670.470000012 991.2875 2140.1730 9.0690 0 0 0 0
1706670670.869999728 991.3210 2139.7035 9.1199 0 0 0 0
1706670671.260000253 991.3873 2139.4497 9.1076 0 0 0 0
1706670671.650000149 991.5126 2138.9951 9.1163 0 0 0 0
1706670672.119999863 991.5782 2138.4905 9.1330 0 0 0 0
1706670672.579999757 991.6038 2138.0383 9.0923 0 0 0 0
1706670673.080000188 991.6815 2137.5006 9.1098 0 0 0 0
1706670673.549999902 991.6735 2136.8509 9.1612 0 0 0 0
1706670673.950000247 991.6523 2136.4812 9.1544 0 0 0 0
1706670674.370000232 991.6361 2135.9223 9.1271 0 0 0 0
1706670674.769999948 991.6629 2135.3812 9.1754 0 0 0 0
1706670675.119999936 991.7159 2134.9958 9.2063 0 0 0 0
1706670675.520000281 991.7304 2134.7143 9.1714 0 0 0 0
1706670675.989999995 991.7277 2134.1016 9.2209 0 0 0 0
1706670676.409999980 991.8152 2133.4516 9.1620 0 0 0 0
1706670676.930000051 991.7795 2133.0993 9.2151 0 0 0 0
1706670677.510000300 991.7995 2132.1267 9.1717 0 0 0 0
1706670677.959999745 991.8760 2131.5931 9.2519 0 0 0 0
1706670678.390000178 991.8488 2131.0630 9.2479 0 0 0 0
1706670678.939999710 991.9096 2130.3748 9.2035 0 0 0 0
1706670679.429999692 991.8922 2129.8730 9.2404 0 0 0 0
1706670679.939999944 991.9217 2129.2778 9.2513 0 0 0 0
1706670680.350000109 991.9525 2128.6550 9.2715 0 0 0 0
1706670680.760000274 991.9551 2128.0069 9.3264 0 0 0 0
1706670681.199999899 991.9849 2127.5252 9.3277 0 0 0 0
1706670681.689999881 991.9573 2127.1016 9.2814 0 0 0 0
1706670682.160000224 991.9922 2125.9252 9.2629 0 0 0 0
1706670682.440000214 991.9922 2125.9252 9.2629 0 0 0 0
1706670682.879999839 992.0219 2125.4521 9.2865 0 0 0 0
1706670683.339999733 992.0351 2125.1340 9.3775 0 0 0 0
1706670683.700000169 992.1594 2124.7324 9.3503 0 0 0 0
1706670683.950000070 992.2413 2124.1730 9.3413 0 0 0 0
1706670684.269999969 992.2903 2123.7504 9.4053 0 0 0 0
1706670684.670000314 992.3891 2123.3414 9.3667 0 0 0 0
1706670684.979999764 992.4486 2122.9256 9.4238 0 0 0 0
1706670685.630000010 992.3891 2122.4477 9.4110 0 0 0 0
1706670685.949999909 992.4276 2121.7683 9.3880 0 0 0 0
1706670686.390000163 992.4854 2121.2925 9.4283 0 0 0 0
1706670686.899999785 992.4445 2120.6871 9.4836 0 0 0 0
1706670687.309999950 992.5103 2120.2029 9.4449 0 0 0 0
1706670687.739999755 992.5674 2119.3082 9.4883 0 0 0 0
1706670688.149999920 992.5674 2119.3082 9.4883 0 0 0 0
1706670688.499999908 992.6380 2118.7178 9.4607 0 0 0 0
1706670688.940000162 992.6744 2118.2514 9.4767 0 0 0 0
1706670689.339999878 992.6625 2117.6384 9.5154 0 0 0 0
1706670689.710000134 992.8253 2117.1405 9.5131 0 0 0 0
1706670690.139999939 992.8042 2116.6138 9.5006 0 0 0 0
1706670690.580000193 992.8208 2116.2367 9.5710 0 0 0 0
1706670690.940000000 992.9179 2115.8233 9.5599 0 0 0 0
1706670691.329999897 992.9068 2115.2837 9.5257 0 0 0 0
1706670691.740000062 992.8701 2114.5736 9.5555 0 0 0 0
1706670692.220000224 993.0007 2114.0352 9.5603 0 0 0 0
1706670692.570000212 992.9909 2113.6166 9.5558 0 0 0 0
1706670692.950000288 992.9057 2113.2161 9.6313 0 0 0 0
1706670693.350000004 992.9122 2112.8402 9.5977 0 0 0 0
1706670693.690000172 992.9506 2112.3068 9.5733 0 0 0 0
1706670693.940000073 992.9619 2111.9266 9.6425 0 0 0 0
1706670694.250000152 993.0547 2111.6001 9.5980 0 0 0 0
1706670694.549999782 993.1431 2111.3669 9.6374 0 0 0 0
1706670694.880000129 993.2078 2110.9198 9.6248 0 0 0 0
1706670695.319999754 993.2361 2110.4352 9.6698 0 0 0 0
1706670695.830000006 993.3806 2109.8672 9.6433 0 0 0 0
1706670696.329999808 993.3904 2109.2655 9.6290 0 0 0 0
1706670696.749999793 993.4613 2108.6895 9.6696 0 0 0 0
1706670697.250000224 993.4883 2108.2582 9.7100 0 0 0 0
1706670697.610000032 993.4127 2107.8055 9.6992 0 0 0 0
1706670697.980000288 993.4560 2107.3079 9.6906 0 0 0 0
1706670698.450000002 993.5276 2106.8526 9.7247 0 0 0 0
1706670698.869999987 993.4895 2106.2999 9.7227 0 0 0 0
1706670699.299999792 993.5287 2105.8860 9.7266 0 0 0 0
1706670699.749999866 993.5345 2105.3089 9.7524 0 0 0 0
1706670700.120000122 993.5069 2104.7419 9.7645 0 0 0 0
1706670700.559999747 993.5056 2104.3637 9.7489 0 0 0 0
1706670700.890000095 993.4855 2103.9581 9.7894 0 0 0 0
1706670701.179999905 993.4519 2103.5938 9.7628 0 0 0 0
1706670701.580000250 993.5481 2102.8144 9.7664 0 0 0 0
1706670701.830000151 993.5481 2102.8144 9.7664 0 0 0 0
1706670702.199999779 993.6021 2102.2893 9.7827 0 0 0 0
1706670702.649999852 993.5527 2101.4664 9.7859 0 0 0 0
1706670702.880000114 993.6256 2101.1099 9.7942 0 0 0 0
1706670703.160000104 993.6256 2101.1099 9.7942 0 0 0 0
1706670703.589999909 993.5826 2100.7072 9.7866 0 0 0 0
1706670703.839999810 993.5959 2100.2079 9.8674 0 0 0 0
1706670704.130000249 993.6562 2099.9530 9.8361 0 0 0 0
1706670704.340000241 993.6889 2099.5878 9.8715 0 0 0 0
1706670704.739999957 993.6643 2099.2950 9.8365 0 0 0 0
1706670705.140000302 993.5922 2098.8399 9.8904 0 0 0 0
1706670705.509999930 993.6522 2098.3323 9.8584 0 0 0 0
1706670705.980000272 993.7493 2097.8886 9.8697 0 0 0 0
1706670706.489999895 993.7665 2097.3826 9.9048 0 0 0 0
1706670706.970000057 993.9213 2096.7029 9.8773 0 0 0 0
1706670707.380000222 993.9636 2096.1749 9.8695 0 0 0 0
1706670707.800000207 994.0693 2095.6204 9.9150 0 0 0 0
1706670708.010000200 994.1594 2095.1509 9.9288 0 0 0 0
1706670708.379999828 994.1366 2094.9043 9.9023 0 0 0 0
1706670708.820000081 994.1807 2094.4063 9.9749 0 0 0 0
1706670709.259999706 994.2514 2093.8817 9.9586 0 0 0 0
1706670709.690000140 994.2293 2093.4364 9.9480 0 0 0 0
1706670710.170000303 994.2031 2093.0019 10.0228 0 0 0 0
1706670710.640000016 994.2856 2092.0577 9.9887 0 0 0 0
1706670710.929999826 994.1844 2091.5613 10.0065 0 0 0 0
1706670711.129999999 994.1844 2091.5613 10.0065 0 0 0 0
1706670711.449999898 994.2651 2091.0894 9.9918 0 0 0 0
1706670711.799999885 994.3028 2090.7482 10.0515 0 0 0 0
1706670712.229999690 994.1777 2090.3086 10.0128 0 0 0 0
1706670712.700000033 994.2401 2089.8200 10.0569 0 0 0 0
1706670713.070000289 994.2028 2089.5087 10.0443 0 0 0 0
1706670713.470000005 994.1882 2089.0415 10.0108 0 0 0 0
1706670713.950000168 994.3398 2088.3536 10.0824 0 0 0 0
1706670714.319999795 994.3660 2087.9970 10.1069 0 0 0 0
1706670714.599999785 994.3249 2087.5823 10.0556 0 0 0 0
1706670714.939999953 994.3622 2087.2243 10.1085 0 0 0 0
1706670715.250000032 994.4731 2086.7045 10.0707 0 0 0 0
1706670715.530000022 994.4879 2086.1431 10.0834 0 0 0 0
1706670715.870000189 994.5107 2085.5793 10.1564 0 0 0 0
1706670716.239999817 994.5107 2085.5793 10.1564 0 0 0 0
1706670716.699999711 994.6711 2084.8923 10.1435 0 0 0 0
1706670717.119999696 994.5623 2084.4032 10.1067 0 0 0 0
1706670717.599999858 994.6607 2083.7775 10.1123 0 0 0 0
1706670717.919999757 994.7381 2083.3692 10.1750 0 0 0 0
1706670718.339999742 994.7872 2083.0295 10.1375 0 0 0 0
1706670718.829999724 994.9601 2082.4723 10.2245 0 0 0 0
1706670719.239999889 994.9933 2081.9365 10.2242 0 0 0 0
1706670719.629999786 995.0248 2081.2644 10.2067 0 0 0 0
1706670719.979999773 995.0663 2080.6943 10.1709 0 0 0 0
1706670720.469999756 995.1707 2080.3004 10.2479 0 0 0 0
1706670721.050000004 995.1042 2079.6548 10.2380 0 0 0 0
1706670721.530000167 995.1515 2078.9995 10.2393 0 0 0 0
1706670721.929999883 995.1419 2078.6182 10.2429 0 0 0 0
1706670722.330000228 995.1247 2078.1470 10.2986 0 0 0 0
1706670722.570000309 995.2117 2077.6192 10.2877 0 0 0 0
1706670722.949999757 995.1884 2077.2260 10.2612 0 0 0 0
1706670723.310000193 995.1232 2076.7047 10.3067 0 0 0 0
1706670723.739999998 995.2350 2076.1378 10.2819 0 0 0 0
1706670723.999999720 995.2110 2075.6284 10.2904 0 0 0 0
1706670724.360000156 995.1479 2075.2533 10.3164 0 0 0 0
1706670724.829999870 995.1651 2074.9072 10.3184 0 0 0 0
1706670725.279999943 995.1979 2074.5118 10.3524 0 0 0 0
1706670725.620000111 995.2551 2073.7948 10.3468 0 0 0 0
1706670726.110000093 995.4850 2073.2684 10.3325 0 0 0 0
1706670726.490000170 995.6200 2072.8584 10.3999 0 0 0 0
1706670726.800000248 995.6235 2072.2661 10.4023 0 0 0 0
1706670727.209999785 995.6178 2071.8290 10.3650 0 0 0 0
1706670727.449999866 995.6067 2071.3573 10.4270 0 0 0 0
1706670727.689999947 995.5393 2070.9974 10.3760 0 0 0 0
1706670727.979999757 995.5016 2070.7191 10.4223 0 0 0 0
1706670728.259999747 995.5461 2070.3348 10.3897 0 0 0 0
1706670728.639999824 995.6018 2069.8999 10.4257 0 0 0 0
1706670728.959999722 995.5100 2069.5499 10.3812 0 0 0 0
1706670729.229999892 995.4502 2069.1654 10.4198 0 0 0 0
1706670729.469999974 995.5318 2068.7911 10.4019 0 0 0 0
1706670729.850000050 995.6385 2068.4697 10.4474 0 0 0 0
1706670730.260000215 995.7791 2067.5016 10.4805 0 0 0 0
1706670730.580000114 995.7791 2067.5016 10.4805 0 0 0 0
1706670730.990000279 995.9300 2067.0474 10.4450 0 0 0 0
1706670731.270000269 995.8976 2066.5794 10.4495 0 0 0 0
1706670731.529999990 995.8185 2066.1936 10.4844 0 0 0 0
1706670731.819999800 995.8125 2065.8556 10.4775 0 0 0 0
1706670732.180000236 995.8349 2065.5223 10.4728 0 0 0 0
1706670732.570000133 995.8387 2065.1181 10.4743 0 0 0 0
1706670732.969999849 995.8395 2064.5612 10.5053 0 0 0 0
1706670733.380000014 995.9609 2064.0735 10.4705 0 0 0 0
1706670733.690000093 995.9419 2063.5326 10.5060 0 0 0 0
1706670734.119999898 995.8643 2063.0120 10.5182 0 0 0 0
1706670734.469999885 996.0645 2062.4059 10.4897 0 0 0 0
1706670735.010000225 996.0721 2061.9214 10.5221 0 0 0 0
1706670735.530000296 996.1015 2061.2669 10.5875 0 0 0 0
1706670736.000000010 996.2384 2060.7398 10.6058 0 0 0 0
1706670736.399999727 996.2036 2060.3252 10.5663 0 0 0 0
1706670736.879999889 996.2248 2059.6214 10.5559 0 0 0 0
1706670737.379999692 996.2107 2058.6611 10.6150 0 0 0 0
1706670737.679999950 996.2107 2058.6611 10.6150 0 0 0 0
1706670738.029999938 996.3019 2058.1114 10.6054 0 0 0 0
1706670738.500000280 996.3629 2057.4860 10.6098 0 0 0 0
1706670738.960000174 996.3354 2056.9583 10.6239 0 0 0 0
1706670739.350000070 996.6259 2056.0991 10.6672 0 0 0 0
1706670739.639999880 996.6259 2056.0991 10.6672 0 0 0 0
1706670739.989999868 996.6348 2055.5842 10.6345 0 0 0 0
1706670740.500000119 996.7659 2055.0164 10.6101 0 0 0 0
1706670740.929999924 996.7828 2054.0965 10.6076 0 0 0 0
1706670741.289999732 996.8121 2053.5863 10.6525 0 0 0 0
1706670741.650000168 996.8121 2053.5863 10.6525 0 0 0 0
1706670742.159999791 996.9192 2052.9472 10.6738 0 0 0 0
1706670742.600000044 996.8870 2052.2559 10.6992 0 0 0 0
1706670742.989999941 997.0029 2051.6106 10.6953 0 0 0 0
1706670743.449999834 996.9744 2051.1732 10.6695 0 0 0 0
1706670743.810000271 996.9176 2050.7393 10.7219 0 0 0 0
1706670744.189999718 997.0304 2050.1587 10.7139 0 0 0 0
1706670744.599999883 997.0709 2049.4523 10.6706 0 0 0 0
1706670745.150000043 997.0093 2048.8330 10.7192 0 0 0 0
1706670745.549999760 997.0111 2048.3153 10.7356 0 0 0 0
1706670745.929999836 996.9238 2047.9317 10.6987 0 0 0 0
1706670746.309999912 996.9459 2047.3576 10.7503 0 0 0 0
1706670746.720000077 997.1195 2046.8033 10.7563 0 0 0 0
1706670747.179999971 997.0575 2046.1849 10.7458 0 0 0 0
1706670747.579999687 997.1202 2045.6671 10.7319 0 0 0 0
1706670747.879999946 997.1996 2045.0536 10.7507 0 0 0 0
1706670748.250000202 997.1358 2044.4791 10.7090 0 0 0 0
1706670748.570000101 997.1061 2044.1522 10.7401 0 0 0 0
1706670748.859999911 997.1563 2043.8114 10.7481 0 0 0 0
1706670749.300000165 997.1741 2043.3204 10.7428 0 0 0 0
1706670749.669999792 997.2258 2042.8342 10.7981 0 0 0 0
1706670750.070000137 997.3248 2042.3978 10.7517 0 0 0 0
1706670750.429999945 997.3053 2041.9132 10.7747 0 0 0 0
1706670750.830000290 997.2801 2041.3471 10.7749 0 0 0 0
1706670751.260000095 997.4543 2040.7909 10.7518 0 0 0 0
1706670751.699999720 997.5147 2040.2986 10.7964 0 0 0 0
1706670752.160000242 997.4868 2039.7934 10.7917 0 0 0 0
1706670752.559999959 997.5285 2039.1537 10.7677 0 0 0 0
1706670753.100000299 997.5098 2038.5967 10.7526 0 0 0 0
1706670753.549999744 997.5867 2038.0798 10.7687 0 0 0 0
1706670753.989999997 997.7515 2037.5667 10.7984 0 0 0 0
1706670754.379999894 997.7724 2036.9231 10.7821 0 0 0 0
1706670754.799999879 997.7678 2036.1510 10.8182 0 0 0 0
1706670755.119999778 997.7678 2036.1510 10.8182 0 0 0 0
1706670755.380000127 997.7612 2035.6065 10.7877 0 0 0 0
1706670755.879999930 997.8385 2035.1178 10.7994 0 0 0 0
1706670756.169999740 997.9843 2034.6192 10.8151 0 0 0 0
1706670756.560000265 997.9891 2034.2662 10.7906 0 0 0 0
1706670756.880000164 997.9810 2033.7033 10.8055 0 0 0 0
1706670757.300000149 998.0128 2033.3629 10.7704 0 0 0 0
1706670757.580000139 998.0457 2032.8732 10.8333 0 0 0 0
1706670758.089999761 998.0713 2031.8616 10.8431 0 0 0 0
1706670758.359999931 998.0713 2031.8616 10.8431 0 0 0 0
1706670758.770000096 998.1620 2031.3592 10.8721 0 0 0 0
1706670759.040000266 998.1875 2030.8611 10.8629 0 0 0 0
1706670759.330000076 998.2423 2030.5060 10.8330 0 0 0 0
1706670759.600000246 998.2635 2030.1188 10.8636 0 0 0 0
1706670759.929999965 998.2254 2029.7177 10.8371 0 0 0 0
1706670760.200000135 998.1834 2029.3693 10.8757 0 0 0 0
1706670760.669999849 998.2542 2028.9700 10.8338 0 0 0 0
1706670761.040000105 998.3589 2028.4860 10.8735 0 0 0 0
1706670761.460000090 998.3272 2027.9100 10.8489 0 0 0 0
1706670761.800000258 998.3836 2027.3290 10.8283 0 0 0 0
1706670762.209999794 998.4261 2026.9174 10.8798 0 0 0 0
1706670762.500000233 998.3763 2026.4354 10.8380 0 0 0 0
1706670762.880000309 998.3661 2025.8990 10.8368 0 0 0 0
1706670763.289999845 998.4267 2025.5315 10.8509 0 0 0 0
1706670763.539999747 998.4359 2025.0038 10.8189 0 0 0 0
1706670764.049999998 998.4881 2024.5121 10.8658 0 0 0 0
1706670764.439999894 998.6384 2023.9817 10.8802 0 0 0 0
1706670764.780000062 998.6772 2023.5491 10.8583 0 0 0 0
1706670765.149999689 998.6829 2023.0697 10.8875 0 0 0 0
1706670765.550000034 998.7210 2022.5802 10.8542 0 0 0 0
1706670765.939999931 998.7026 2022.0474 10.8392 0 0 0 0
1706670766.410000273 998.7248 2021.5013 10.8692 0 0 0 0
1706670766.840000078 998.7784 2021.0647 10.8815 0 0 0 0
1706670767.330000061 998.8039 2020.6092 10.8610 0 0 0 0
1706670767.729999777 998.8563 2019.9274 10.8573 0 0 0 0
1706670768.079999764 998.9145 2019.3915 10.8559 0 0 0 0
1706670768.559999927 998.9469 2018.7376 10.8368 0 0 0 0
1706670768.979999912 999.0186 2018.2136 10.8162 0 0 0 0
1706670769.350000168 999.0772 2017.6709 10.8456 0 0 0 0
1706670769.700000156 999.0759 2017.1686 10.8906 0 0 0 0
1706670770.099999872 999.1373 2016.7350 10.8587 0 0 0 0
1706670770.549999946 999.1921 2016.2617 10.8806 0 0 0 0
1706670771.009999840 999.2252 2015.6026 10.8719 0 0 0 0
1706670771.490000002 999.3073 2014.9189 10.8724 0 0 0 0
1706670772.040000162 999.3400 2014.3140 10.8728 0 0 0 0
1706670772.539999965 999.4261 2013.6994 10.8392 0 0 0 0
1706670772.969999770 999.5079 2013.0313 10.8329 0 0 0 0
1706670773.500000290 999.5718 2012.5692 10.8566 0 0 0 0
1706670773.909999826 999.6469 2011.8926 10.8572 0 0 0 0
1706670774.380000168 999.6790 2010.8854 10.8296 0 0 0 0
1706670774.749999796 999.6790 2010.8854 10.8296 0 0 0 0
1706670775.260000047 999.6853 2010.2095 10.8181 0 0 0 0
1706670775.810000207 999.6979 2009.5689 10.8399 0 0 0 0
1706670776.240000012 999.7587 2008.9503 10.8458 0 0 0 0
1706670776.659999997 999.7739 2008.2692 10.8655 0 0 0 0
1706670777.119999891 999.8668 2007.7881 10.8253 0 0 0 0
1706670777.569999965 999.9782 2007.1559 10.8220 0 0 0 0
1706670778.029999859 1000.0408 2006.6879 10.8308 0 0 0 0
1706670778.510000021 1000.1229 2006.0934 10.8406 0 0 0 0
1706670778.979999735 1000.0366 2005.5710 10.8222 0 0 0 0
1706670779.520000075 999.9206 2004.9457 10.8381 0 0 0 0
1706670779.930000240 999.9206 2004.9457 10.8381 0 0 0 0
1706670780.269999779 999.8102 2004.6902 10.9065 0 0 0 0
1706670780.609999946 999.7648 2004.6053 10.8442 0 0 0 0
1706670780.980000203 999.8490 2004.6544 10.6480 0 0 0 0
1706670781.519999914 999.9345 2004.6638 10.2410 0 0 0 0
1706670781.589999911 999.9345 2004.6638 10.2410 0 0 0 0
1706670781.930000079 999.9345 2004.6638 10.2410 0 0 0 0
1706670782.270000246 999.8548 2004.6353 10.1774 0 0 0 0
1706670782.669999963 999.8552 2004.6455 10.1760 0 0 0 0
1706670783.199999854 999.9272 2004.6412 10.1630 0 0 0 0