1706672780.770000024 1000.0000 2002.6425 10.0953 0 0 0 0
1706672780.919999839 1000.0000 2002.6424 10.0953 0 0 0 0
1706672781.120000011 1000.0000 2002.6424 10.0953 0 0 0 0
1706672781.260000006 1000.0000 2002.6426 10.0953 0 0 0 0
1706672781.469999999 1000.0000 2002.6426 10.0953 0 0 0 0
1706672781.640000083 1000.0000 2002.6426 10.0953 0 0 0 0
1706672781.799999718 1000.0000 2002.6424 10.0953 0 0 0 0
1706672782.090000156 1000.0000 2002.6425 10.0953 0 0 0 0
1706672782.289999700 1000.0000 2002.6426 10.0953 0 0 0 0
1706672782.569999690 1000.0000 2002.6427 10.0953 0 0 0 0
1706672782.890000218 999.9999 2002.6426 10.0954 0 0 0 0
1706672783.289999934 1000.0002 2002.7474 10.2789 0 0 0 0
1706672783.550000284 999.9863 2002.9974 10.6396 0 0 0 0
1706672783.859999734 999.9358 2003.1901 10.7856 0 0 0 0
1706672784.110000264 999.8855 2003.4434 10.8208 0 0 0 0
1706672784.460000251 999.8308 2003.8099 10.8288 0 0 0 0
1706672784.979999694 999.7627 2004.4319 10.8349 0 0 0 0
1706672785.270000133 999.7496 2005.1450 10.7962 0 0 0 0
1706672785.680000298 999.7356 2005.6962 10.8072 0 0 0 0
1706672786.129999743 999.6988 2006.2508 10.8297 0 0 0 0
1706672786.579999817 999.6650 2006.8975 10.8325 0 0 0 0
1706672786.910000164 999.5804 2007.6550 10.7968 0 0 0 0
1706672787.179999705 999.5962 2008.1242 10.7468 0 0 0 0
1706672787.449999875 999.5710 2008.5726 10.7745 0 0 0 0
1706672787.750000134 999.5164 2009.0483 10.7799 0 0 0 0
1706672788.009999855 999.4708 2009.7448 10.7674 0 0 0 0
1706672788.189999759 999.4409 2010.1529 10.7566 0 0 0 0
1706672788.440000289 999.4409 2010.1529 10.7566 0 0 0 0
1706672788.790000277 999.3626 2010.8636 10.7569 0 0 0 0
1706672789.199999813 999.3409 2011.6422 10.7541 0 0 0 0
1706672789.519999712 999.3044 2012.2376 10.7464 0 0 0 0
1706672789.889999968 999.3123 2012.7181 10.7210 0 0 0 0
1706672790.260000224 999.3118 2013.3849 10.7144 0 0 0 0
1706672790.710000298 999.2561 2014.0704 10.7172 0 0 0 0
1706672790.979999839 999.2183 2014.7178 10.7292 0 0 0 0
1706672791.299999738 999.1797 2015.0316 10.6894 0 0 0 0
1706672791.569999908 999.1609 2015.5070 10.7075 0 0 0 0
1706672791.809999989 999.1574 2015.9970 10.6944 0 0 0 0
1706672792.059999891 999.1216 2016.3429 10.6838 0 0 0 0
1706672792.360000149 999.0464 2017.2146 10.6724 0 0 0 0
1706672792.659999779 999.0464 2017.2146 10.6724 0 0 0 0
1706672793.020000216 999.0023 2017.8264 10.6715 0 0 0 0
1706672793.400000292 999.0003 2018.4090 10.6818 0 0 0 0
1706672793.620000104 999.0386 2018.8877 10.6490 0 0 0 0
1706672793.870000006 999.0246 2019.2378 10.6758 0 0 0 0
1706672794.189999904 998.9686 2019.6641 10.6551 0 0 0 0
1706672794.560000161 998.9473 2020.1403 10.6259 0 0 0 0
1706672794.810000062 998.8439 2020.7828 10.6295 0 0 0 0
1706672795.059999963 998.7691 2021.2623 10.6638 0 0 0 0
1706672795.379999862 998.7847 2021.9573 10.6468 0 0 0 0
1706672795.589999855 998.7847 2021.9573 10.6468 0 0 0 0
1706672795.890000113 998.7524 2022.4538 10.6189 0 0 0 0
1706672796.310000098 998.6983 2023.1285 10.6419 0 0 0 0
1706672796.769999992 998.6066 2023.7302 10.6433 0 0 0 0
1706672797.150000068 998.5587 2024.3887 10.6439 0 0 0 0
1706672797.449999698 998.5026 2025.3649 10.5991 0 0 0 0
1706672797.740000137 998.5026 2025.3649 10.5991 0 0 0 0
1706672798.029999947 998.4397 2025.8852 10.6342 0 0 0 0
1706672798.270000028 998.4224 2026.4109 10.5920 0 0 0 0
1706672798.589999927 998.3504 2026.9288 10.5964 0 0 0 0
1706672798.920000275 998.2926 2027.5195 10.6197 0 0 0 0
1706672799.219999905 998.2822 2027.9846 10.5721 0 0 0 0
1706672799.499999895 998.2260 2028.6227 10.5740 0 0 0 0
1706672799.840000062 998.2053 2029.2708 10.5735 0 0 0 0
1706672800.299999956 998.1954 2029.7481 10.5969 0 0 0 0
1706672800.750000030 998.1130 2030.4134 10.5805 0 0 0 0
1706672801.130000106 998.0565 2031.1062 10.5353 0 0 0 0
1706672801.540000271 997.9565 2031.8180 10.5284 0 0 0 0
1706672801.809999812 997.9370 2032.4796 10.5127 0 0 0 0
1706672802.040000074 997.9144 2033.0126 10.5328 0 0 0 0
1706672802.229999797 997.8829 2033.4229 10.5201 0 0 0 0
1706672802.649999782 997.8727 2033.8626 10.4986 0 0 0 0
1706672802.980000130 997.7762 2034.9491 10.4895 0 0 0 0
1706672803.290000209 997.7762 2034.9491 10.4895 0 0 0 0
1706672803.619999927 997.7644 2035.6086 10.4699 0 0 0 0
1706672804.039999912 997.7002 2036.2590 10.4697 0 0 0 0
1706672804.429999809 997.6655 2036.9705 10.4616 0 0 0 0
1706672804.839999974 997.6361 2037.6216 10.4794 0 0 0 0
1706672805.070000235 997.6073 2038.1539 10.4876 0 0 0 0
1706672805.360000045 997.6099 2038.6535 10.4314 0 0 0 0
1706672805.689999764 997.5518 2039.1809 10.4277 0 0 0 0
1706672805.969999754 997.5136 2039.6858 10.4526 0 0 0 0
1706672806.220000284 997.5277 2040.2661 10.4040 0 0 0 0
1706672806.650000089 997.4768 2040.7995 10.3983 0 0 0 0
1706672806.949999719 997.4017 2041.2965 10.4123 0 0 0 0
1706672807.299999706 997.3721 2041.9283 10.3792 0 0 0 0
1706672807.749999780 997.3313 2042.6762 10.3706 0 0 0 0
1706672808.019999950 997.3772 2043.5183 10.3458 0 0 0 0
1706672808.180000214 997.3772 2043.5183 10.3458 0 0 0 0
1706672808.439999935 997.3442 2044.0086 10.3103 0 0 0 0
1706672808.770000283 997.3144 2044.3583 10.3431 0 0 0 0
1706672809.139999910 997.2462 2045.0021 10.3102 0 0 0 0
1706672809.480000078 997.1550 2045.4809 10.2921 0 0 0 0
1706672809.790000156 997.1137 2045.9932 10.2979 0 0 0 0
1706672810.219999962 996.9994 2046.7689 10.2805 0 0 0 0
1706672810.560000129 996.9192 2047.3334 10.2943 0 0 0 0
1706672810.880000028 996.8177 2048.3208 10.2535 0 0 0 0
1706672811.029999843 996.8177 2048.3208 10.2535 0 0 0 0
1706672811.390000279 996.7576 2048.7831 10.2638 0 0 0 0
1706672811.699999729 996.7563 2049.2199 10.2062 0 0 0 0
1706672811.999999988 996.7390 2049.6333 10.2462 0 0 0 0
1706672812.249999889 996.7206 2050.1976 10.2225 0 0 0 0
1706672812.569999788 996.7310 2050.4856 10.2043 0 0 0 0
1706672812.960000313 996.6819 2051.1882 10.1804 0 0 0 0
1706672813.299999852 996.6235 2051.8418 10.1627 0 0 0 0
1706672813.649999839 996.6379 2052.4433 10.1102 0 0 0 0
1706672813.940000278 996.5820 2053.0554 10.0788 0 0 0 0
1706672814.419999812 996.5517 2053.7941 10.0548 0 0 0 0
1706672814.699999802 996.5006 2054.2973 10.0828 0 0 0 0
1706672814.939999883 996.4534 2054.7780 10.0385 0 0 0 0
1706672815.130000236 996.4833 2055.1363 10.0582 0 0 0 0
1706672815.340000228 996.4842 2055.4823 10.0153 0 0 0 0
1706672815.630000038 996.4279 2056.1503 10.0034 0 0 0 0
1706672815.849999851 996.4279 2056.1503 10.0034 0 0 0 0
1706672816.129999841 996.4260 2056.5683 10.0305 0 0 0 0
1706672816.420000279 996.4143 2057.0448 9.9935 0 0 0 0
1706672816.869999724 996.3245 2058.2188 10.0173 0 0 0 0
1706672817.239999981 996.3245 2058.2188 10.0173 0 0 0 0
1706672817.650000146 996.2941 2059.0126 9.9926 0 0 0 0
1706672817.979999864 996.2628 2059.6748 10.0111 0 0 0 0
1706672818.299999763 996.2517 2060.2420 9.9862 0 0 0 0
1706672818.679999840 996.1857 2060.7211 9.9357 0 0 0 0
1706672819.080000184 996.1240 2061.4088 9.9264 0 0 0 0
1706672819.470000081 996.0626 2062.2269 9.9102 0 0 0 0
1706672819.839999708 996.0234 2062.8630 9.9175 0 0 0 0
1706672820.230000233 995.8588 2064.0606 9.8773 0 0 0 0
1706672820.580000221 995.8588 2064.0606 9.8773 0 0 0 0
1706672820.860000211 995.8205 2064.6942 9.8470 0 0 0 0
1706672821.049999935 995.7553 2065.1353 9.8753 0 0 0 0
1706672821.369999833 995.7206 2065.4152 9.8373 0 0 0 0
1706672821.730000270 995.7292 2066.1219 9.8186 0 0 0 0
1706672821.959999902 995.6870 2066.6331 9.8368 0 0 0 0
1706672822.179999715 995.6368 2067.3517 9.8253 0 0 0 0
1706672822.409999976 995.6368 2067.3517 9.8253 0 0 0 0
1706672822.689999966 995.6292 2067.8567 9.7756 0 0 0 0
1706672823.020000313 995.5597 2068.3747 9.7826 0 0 0 0
1706672823.380000121 995.5410 2068.8725 9.7963 0 0 0 0
1706672823.749999749 995.5074 2069.6001 9.7559 0 0 0 0
1706672824.099999736 995.4543 2070.2463 9.7205 0 0 0 0
1706672824.360000086 995.4917 2070.8257 9.6737 0 0 0 0
1706672824.589999719 995.4852 2071.3278 9.6943 0 0 0 0
1706672825.109999790 995.4542 2072.1293 9.6728 0 0 0 0
1706672825.510000135 995.4174 2072.5973 9.6554 0 0 0 0
1706672825.890000211 995.2901 2073.5003 9.6549 0 0 0 0
1706672826.250000019 995.2383 2074.0674 9.6045 0 0 0 0
1706672826.679999824 995.1679 2074.6454 9.5902 0 0 0 0
1706672827.099999809 995.2050 2075.5419 9.5688 0 0 0 0
1706672827.390000247 995.1789 2076.0691 9.5591 0 0 0 0
1706672827.780000144 995.1710 2076.5760 9.5638 0 0 0 0
1706672828.130000131 995.1090 2077.4081 9.5288 0 0 0 0
1706672828.450000030 995.0149 2078.0739 9.5108 0 0 0 0
1706672828.760000109 995.0085 2078.4065 9.4805 0 0 0 0
1706672829.040000099 994.9524 2079.1828 9.4630 0 0 0 0
1706672829.490000173 994.9211 2079.9014 9.4431 0 0 0 0
1706672829.940000246 994.8620 2080.6043 9.4386 0 0 0 0
1706672830.360000231 994.8326 2081.2709 9.4381 0 0 0 0
1706672830.799999856 994.8181 2081.8563 9.4163 0 0 0 0
1706672831.149999844 994.7692 2082.6465 9.4039 0 0 0 0
1706672831.469999743 994.7044 2083.3532 9.3790 0 0 0 0
1706672831.730000093 994.6835 2083.6689 9.3567 0 0 0 0
1706672831.959999725 994.6774 2084.1638 9.3608 0 0 0 0
1706672832.239999715 994.7062 2084.4848 9.3066 0 0 0 0
1706672832.589999703 994.7233 2084.9132 9.3146 0 0 0 0
1706672833.020000136 994.5531 2085.5621 9.2991 0 0 0 0
1706672833.400000213 994.4791 2086.3230 9.2638 0 0 0 0
1706672833.739999752 994.3938 2086.8816 9.2399 0 0 0 0
1706672834.060000279 994.3565 2087.4297 9.2402 0 0 0 0
1706672834.320000000 994.3109 2088.0918 9.2359 0 0 0 0
1706672834.609999810 994.2777 2088.3724 9.1906 0 0 0 0
1706672834.849999892 994.2550 2088.7247 9.2163 0 0 0 0
1706672835.019999975 994.2233 2089.1863 9.1530 0 0 0 0
1706672835.299999965 994.1897 2089.5066 9.1822 0 0 0 0
1706672835.570000135 994.1124 2089.8941 9.1366 0 0 0 0
1706672835.829999857 994.0916 2090.3961 9.1530 0 0 0 0
1706672836.249999842 994.0143 2091.0692 9.1438 0 0 0 0
1706672836.650000187 993.9703 2092.1532 9.0602 0 0 0 0
1706672837.040000083 993.9703 2092.1532 9.0602 0 0 0 0
1706672837.329999893 993.8941 2092.7537 9.0558 0 0 0 0
1706672837.539999885 993.8637 2093.2776 9.0844 0 0 0 0
1706672837.770000147 993.8792 2093.5951 9.0229 0 0 0 0
1706672837.999999779 993.8569 2094.1335 9.0519 0 0 0 0
1706672838.199999952 993.8100 2094.6659 9.0245 0 0 0 0
1706672838.339999947 993.8100 2094.6659 9.0245 0 0 0 0
1706672838.710000203 993.8165 2094.9911 9.0036 0 0 0 0
1706672838.969999924 993.7775 2095.6540 8.9961 0 0 0 0
1706672839.230000274 993.7206 2096.0693 8.9506 0 0 0 0
1706672839.450000087 993.6983 2096.5765 8.9619 0 0 0 0
1706672839.790000254 993.6648 2097.0606 8.9542 0 0 0 0
1706672840.159999882 993.6009 2097.5323 8.9036 0 0 0 0
1706672840.369999874 993.5737 2098.0825 8.9203 0 0 0 0
1706672840.609999956 993.5317 2098.6616 8.9176 0 0 0 0
1706672840.859999857 993.5115 2098.9070 8.8851 0 0 0 0
1706672841.209999844 993.4862 2099.4202 8.9010 0 0 0 0
1706672841.669999738 993.4560 2100.1431 8.8679 0 0 0 0
1706672842.000000086 993.3780 2100.8043 8.8387 0 0 0 0
1706672842.329999804 993.3899 2101.3347 8.8046 0 0 0 0
1706672842.669999972 993.3389 2101.9241 8.8241 0 0 0 0
1706672843.019999960 993.2812 2102.4958 8.8304 0 0 0 0
1706672843.420000304 993.2572 2103.1808 8.7972 0 0 0 0
1706672843.789999932 993.1972 2103.7952 8.7452 0 0 0 0
1706672844.219999737 993.2163 2104.5935 8.7067 0 0 0 0
1706672844.540000265 993.1639 2105.2213 8.7013 0 0 0 0
1706672844.809999806 993.1264 2105.8955 8.6999 0 0 0 0
1706672844.970000070 993.0843 2106.3305 8.6928 0 0 0 0
1706672845.280000148 993.0246 2106.6935 8.6739 0 0 0 0
1706672845.649999776 992.9799 2107.6726 8.6177 0 0 0 0
1706672845.889999857 992.9799 2107.6726 8.6177 0 0 0 0
1706672846.190000116 992.9194 2108.2032 8.6377 0 0 0 0
1706672846.449999837 992.8858 2108.7244 8.6403 0 0 0 0
1706672846.860000002 992.8941 2109.4337 8.5966 0 0 0 0
1706672847.170000081 992.8476 2109.9655 8.5679 0 0 0 0
1706672847.419999982 992.8418 2110.4598 8.5920 0 0 0 0
1706672847.720000241 992.8343 2110.8061 8.5374 0 0 0 0
1706672847.909999965 992.7856 2111.2722 8.5573 0 0 0 0
1706672848.080000049 992.7472 2111.6229 8.5258 0 0 0 0
1706672848.299999861 992.7707 2111.9781 8.5538 0 0 0 0
1706672848.590000300 992.7619 2112.3413 8.4966 0 0 0 0
1706672848.929999839 992.6883 2112.8642 8.4988 0 0 0 0
1706672849.379999912 992.6359 2113.5789 8.4867 0 0 0 0
1706672849.799999897 992.5127 2114.7545 8.4332 0 0 0 0
1706672850.149999885 992.5127 2114.7545 8.4332 0 0 0 0
1706672850.469999784 992.5032 2115.4955 8.3991 0 0 0 0
1706672850.770000042 992.4390 2116.1317 8.4004 0 0 0 0
1706672851.229999936 992.4374 2117.1425 8.4208 0 0 0 0
1706672851.540000015 992.4374 2117.1425 8.4208 0 0 0 0
1706672851.910000271 992.3849 2117.7773 8.3773 0 0 0 0
1706672852.309999987 992.3755 2118.5178 8.3505 0 0 0 0
1706672852.659999975 992.3308 2119.1590 8.3383 0 0 0 0
1706672852.979999874 992.3033 2119.9275 8.3145 0 0 0 0
1706672853.420000128 992.2811 2120.5452 8.3157 0 0 0 0
1706672853.779999935 992.2389 2121.2162 8.3141 0 0 0 0
1706672854.230000009 992.1933 2121.9881 8.2982 0 0 0 0
1706672854.659999814 992.1015 2122.6682 8.2773 0 0 0 0
1706672855.139999976 992.0726 2123.4798 8.2591 0 0 0 0
1706672855.520000053 991.9927 2124.1077 8.2454 0 0 0 0
1706672855.870000040 991.9636 2124.6714 8.1854 0 0 0 0
1706672856.250000116 991.8906 2125.3418 8.1692 0 0 0 0
1706672856.689999742 991.8537 2126.0562 8.1456 0 0 0 0
1706672856.990000000 991.8057 2126.6804 8.1572 0 0 0 0
1706672857.379999897 991.7215 2127.7475 8.0923 0 0 0 0
1706672857.599999709 991.7215 2127.7475 8.0923 0 0 0 0
1706672857.960000145 991.6554 2128.4358 8.0822 0 0 0 0
1706672858.259999775 991.6069 2128.9777 8.1043 0 0 0 0
1706672858.760000207 991.5755 2129.6378 8.0903 0 0 0 0
1706672859.199999832 991.5235 2130.3135 8.0671 0 0 0 0
1706672859.549999819 991.5048 2131.0144 8.0253 0 0 0 0
1706672859.869999718 991.4003 2131.8014 8.0105 0 0 0 0
1706672860.230000154 991.3646 2132.2807 7.9858 0 0 0 0
1706672860.569999693 991.3429 2132.9669 7.9737 0 0 0 0
1706672860.769999865 991.2861 2133.4504 7.9816 0 0 0 0
1706672860.949999769 991.2803 2133.8207 7.9413 0 0 0 0
1706672861.310000205 991.2677 2134.2695 7.9636 0 0 0 0
1706672861.770000099 991.1990 2134.9313 7.9425 0 0 0 0
1706672862.299999991 991.1797 2135.8001 7.9244 0 0 0 0
1706672862.719999976 991.0960 2136.6336 7.8934 0 0 0 0
1706672863.149999781 991.0857 2137.1135 7.8335 0 0 0 0
1706672863.489999948 991.0187 2137.8324 7.8152 0 0 0 0
1706672863.970000111 990.9735 2138.3275 7.8522 0 0 0 0
1706672864.339999738 990.9054 2139.2958 7.7883 0 0 0 0
1706672864.549999731 990.8645 2139.8991 7.8004 0 0 0 0
1706672864.840000169 990.8523 2140.1860 7.7452 0 0 0 0
1706672865.209999797 990.7832 2140.8451 7.7400 0 0 0 0
1706672865.710000228 990.7350 2141.6802 7.7163 0 0 0 0
1706672866.090000304 990.7202 2142.3195 7.7128 0 0 0 0
1706672866.370000294 990.6822 2142.7909 7.7234 0 0 0 0
1706672866.870000097 990.6580 2143.2751 7.6642 0 0 0 0
1706672867.220000084 990.5727 2144.0118 7.6512 0 0 0 0
1706672867.460000166 990.4971 2144.7423 7.6348 0 0 0 0
1706672867.840000242 990.4804 2145.0098 7.6536 0 0 0 0
1706672868.069999875 990.4113 2145.6979 7.6225 0 0 0 0
1706672868.449999951 990.4079 2146.2773 7.6024 0 0 0 0
1706672868.799999938 990.4026 2146.8196 7.6251 0 0 0 0
1706672869.060000288 990.3892 2147.3763 7.5913 0 0 0 0
1706672869.429999916 990.4070 2147.8427 7.5676 0 0 0 0
1706672869.760000263 990.4006 2148.5615 7.5548 0 0 0 0
1706672870.209999708 990.3517 2149.2457 7.5438 0 0 0 0
1706672870.470000058 990.3317 2149.7374 7.5592 0 0 0 0
1706672870.820000046 990.2664 2150.2573 7.5087 0 0 0 0
1706672871.079999767 990.2253 2150.7454 7.5088 0 0 0 0
1706672871.550000110 990.2019 2151.3313 7.5114 0 0 0 0
1706672871.900000097 990.1253 2152.0889 7.4945 0 0 0 0
1706672872.199999727 990.1180 2152.5950 7.4590 0 0 0 0
1706672872.549999715 990.1067 2152.9143 7.4636 0 0 0 0
1706672872.929999791 990.0658 2153.7544 7.4413 0 0 0 0
1706672873.400000134 990.0533 2154.2541 7.4449 0 0 0 0
1706672873.820000119 989.9987 2155.1089 7.4233 0 0 0 0
1706672874.340000190 989.9836 2155.7194 7.3973 0 0 0 0
1706672874.660000089 989.8957 2156.5560 7.3866 0 0 0 0
1706672875.040000165 989.8144 2157.2895 7.3614 0 0 0 0
1706672875.490000239 989.7249 2157.8341 7.3231 0 0 0 0
1706672875.940000312 989.6914 2158.4825 7.2862 0 0 0 0
1706672876.330000209 989.6286 2159.3961 7.2668 0 0 0 0
1706672876.690000016 989.6076 2160.0611 7.2377 0 0 0 0
1706672877.149999910 989.5386 2161.0306 7.2296 0 0 0 0
1706672877.560000075 989.5334 2161.5645 7.2078 0 0 0 0
1706672877.949999971 989.5095 2162.2689 7.1975 0 0 0 0
1706672878.369999956 989.4549 2162.8462 7.2064 0 0 0 0
1706672878.850000119 989.4030 2163.5094 7.1635 0 0 0 0
1706672879.270000104 989.2609 2165.0330 7.1254 0 0 0 0
1706672879.569999734 989.2609 2165.0330 7.1254 0 0 0 0
1706672879.930000170 989.1755 2165.6842 7.0974 0 0 0 0
1706672880.180000071 989.1401 2166.2187 7.0732 0 0 0 0
1706672880.499999970 989.1091 2166.6696 7.1034 0 0 0 0
1706672880.800000229 989.0276 2167.2163 7.0592 0 0 0 0
1706672881.129999948 988.9930 2167.7519 7.0274 0 0 0 0
1706672881.510000024 989.0009 2168.1851 7.0518 0 0 0 0
1706672881.750000105 988.9511 2168.8167 7.0329 0 0 0 0
1706672882.009999827 988.9448 2169.4036 6.9760 0 0 0 0
1706672882.189999730 988.9346 2169.7679 7.0067 0 0 0 0
1706672882.440000260 988.9161 2170.1167 6.9601 0 0 0 0
1706672882.660000073 988.8823 2170.4753 6.9710 0 0 0 0
1706672882.940000063 988.8578 2171.0333 6.9320 0 0 0 0
1706672883.220000053 988.8416 2171.4494 6.9693 0 0 0 0
1706672883.600000129 988.7680 2172.2655 6.9295 0 0 0 0
1706672883.880000119 988.7680 2172.2655 6.9295 0 0 0 0
1706672884.239999927 988.7679 2172.6868 6.9380 0 0 0 0
1706672884.580000094 988.7364 2173.3379 6.9123 0 0 0 0
1706672884.869999904 988.7041 2173.9626 6.8949 0 0 0 0
1706672885.359999887 988.6666 2174.5706 6.9036 0 0 0 0
1706672885.630000057 988.6362 2175.2115 6.8941 0 0 0 0
1706672885.959999776 988.6607 2175.7730 6.8822 0 0 0 0
1706672886.420000298 988.6325 2176.4195 6.8478 0 0 0 0
1706672886.939999741 988.5412 2177.7011 6.7827 0 0 0 0
1706672887.239999999 988.5412 2177.7011 6.7827 0 0 0 0
1706672887.589999987 988.4985 2178.1370 6.7949 0 0 0 0
1706672887.869999977 988.4602 2178.7542 6.7738 0 0 0 0
1706672888.289999962 988.3628 2179.3781 6.7463 0 0 0 0
1706672888.660000218 988.3102 2180.0360 6.7074 0 0 0 0
1706672889.069999754 988.2525 2180.6873 6.6857 0 0 0 0
1706672889.460000279 988.2297 2181.3530 6.6707 0 0 0 0
1706672889.869999816 988.1907 2181.8892 6.6830 0 0 0 0
1706672890.289999801 988.1099 2182.4425 6.6723 0 0 0 0
1706672890.669999877 988.0790 2183.1422 6.6268 0 0 0 0
1706672891.080000042 988.0358 2183.8295 6.5910 0 0 0 0
1706672891.430000030 988.0317 2184.4868 6.5577 0 0 0 0
1706672891.819999926 988.0276 2185.0558 6.5696 0 0 0 0
1706672892.150000273 987.9749 2185.5878 6.5963 0 0 0 0
1706672892.489999812 987.9494 2186.0006 6.5338 0 0 0 0
1706672892.820000160 987.8828 2186.6873 6.5260 0 0 0 0
1706672893.119999790 987.8398 2187.1208 6.5397 0 0 0 0
1706672893.499999866 987.8165 2187.8052 6.5281 0 0 0 0
1706672893.879999942 987.7548 2188.2732 6.4744 0 0 0 0
1706672894.250000198 987.7054 2188.9707 6.4443 0 0 0 0
1706672894.600000186 987.6885 2189.4352 6.4772 0 0 0 0
1706672894.899999816 987.6386 2190.0994 6.4570 0 0 0 0
1706672895.239999983 987.6343 2190.5545 6.3966 0 0 0 0
1706672895.529999794 987.6309 2191.0101 6.4229 0 0 0 0
1706672895.769999875 987.5813 2191.5607 6.4143 0 0 0 0
1706672896.070000133 987.5756 2191.9115 6.3728 0 0 0 0
1706672896.380000212 987.5418 2192.4604 6.3869 0 0 0 0
1706672896.679999842 987.4888 2192.9237 6.3637 0 0 0 0
1706672897.250000271 987.4292 2193.7573 6.3480 0 0 0 0
1706672897.619999899 987.3406 2194.4359 6.3356 0 0 0 0
1706672897.939999797 987.3246 2195.0260 6.2945 0 0 0 0
1706672898.249999876 987.3054 2195.6041 6.2927 0 0 0 0
1706672898.559999955 987.2737 2196.0890 6.2988 0 0 0 0
1706672898.979999940 987.2600 2196.6866 6.2541 0 0 0 0
1706672899.450000282 987.2016 2197.4120 6.2411 0 0 0 0
1706672899.759999732 987.1792 2197.9976 6.2116 0 0 0 0
1706672900.309999892 987.1224 2198.6916 6.2054 0 0 0 0
1706672900.750000146 987.0805 2199.3027 6.1988 0 0 0 0
1706672901.049999776 987.0402 2200.0023 6.1814 0 0 0 0
1706672901.329999766 986.9940 2200.4679 6.1675 0 0 0 0
1706672901.679999754 986.9696 2201.0493 6.1166 0 0 0 0
1706672901.980000013 986.9334 2201.5001 6.1350 0 0 0 0
1706672902.199999825 986.8814 2201.9835 6.1236 0 0 0 0
1706672902.649999899 986.8729 2202.4861 6.0617 0 0 0 0
1706672903.020000155 986.8540 2202.9822 6.0904 0 0 0 0
1706672903.349999874 986.7928 2203.6880 6.0823 0 0 0 0
1706672903.869999945 986.7321 2204.8856 6.0153 0 0 0 0
1706672904.259999841 986.7321 2204.8856 6.0153 0 0 0 0
1706672904.630000098 986.6585 2205.7505 5.9971 0 0 0 0
1706672904.830000270 986.6164 2206.2258 5.9629 0 0 0 0
1706672905.129999900 986.5888 2206.7216 5.9913 0 0 0 0
1706672905.360000161 986.5879 2207.0938 5.9388 0 0 0 0
1706672905.699999700 986.5768 2207.3350 5.9725 0 0 0 0
1706672906.079999777 986.5017 2208.0699 5.9534 0 0 0 0
1706672906.459999853 986.4658 2208.6768 5.8915 0 0 0 0
1706672906.909999927 986.3396 2209.7800 5.8917 0 0 0 0
1706672907.199999737 986.3396 2209.7800 5.8917 0 0 0 0
1706672907.509999815 986.3184 2210.3814 5.8943 0 0 0 0
1706672907.919999980 986.2815 2211.0024 5.8604 0 0 0 0
1706672908.239999879 986.2694 2211.5518 5.8109 0 0 0 0
1706672908.449999872 986.2487 2212.0256 5.8387 0 0 0 0
1706672908.880000305 986.1647 2212.6614 5.8397 0 0 0 0
1706672909.300000290 986.1178 2213.1186 5.7964 0 0 0 0
1706672909.609999740 986.0329 2213.6032 5.7824 0 0 0 0
1706672910.059999814 985.9263 2214.2118 5.7725 0 0 0 0
1706672910.509999888 985.8448 2214.8373 5.7661 0 0 0 0
1706672910.899999784 985.7994 2215.5023 5.7601 0 0 0 0
1706672911.209999863 985.8177 2216.0690 5.7361 0 0 0 0
1706672911.370000127 985.7833 2216.5971 5.7047 0 0 0 0
1706672911.809999752 985.7789 2217.0974 5.7192 0 0 0 0
1706672912.049999833 985.7786 2217.4965 5.6734 0 0 0 0
1706672912.329999823 985.7723 2217.8056 5.6772 0 0 0 0
1706672912.660000171 985.7431 2218.3057 5.6677 0 0 0 0
1706672913.120000064 985.6871 2219.4219 5.6130 0 0 0 0
1706672913.460000232 985.6871 2219.4219 5.6130 0 0 0 0
1706672913.890000037 985.6134 2220.0291 5.6135 0 0 0 0
1706672914.289999753 985.5696 2220.6310 5.6049 0 0 0 0
1706672914.599999832 985.4954 2221.3675 5.5925 0 0 0 0
1706672914.900000091 985.4920 2221.9313 5.5417 0 0 0 0
1706672915.149999992 985.4758 2222.4542 5.5295 0 0 0 0
1706672915.380000253 985.4382 2223.0624 5.5310 0 0 0 0
1706672915.520000248 985.4382 2223.0624 5.5310 0 0 0 0
1706672915.770000149 985.4262 2223.3144 5.4915 0 0 0 0
1706672915.999999782 985.3718 2223.7865 5.5107 0 0 0 0
1706672916.400000127 985.3027 2224.2588 5.5135 0 0 0 0
1706672916.729999846 985.2908 2224.7702 5.4526 0 0 0 0
1706672917.149999831 985.2351 2225.6941 5.4510 0 0 0 0
1706672917.380000092 985.2351 2225.6941 5.4510 0 0 0 0
1706672917.609999725 985.2298 2226.2088 5.4012 0 0 0 0
1706672917.839999986 985.2267 2226.5908 5.4325 0 0 0 0
1706672918.180000153 985.2051 2227.1161 5.3751 0 0 0 0
1706672918.479999783 985.1929 2227.9335 5.3490 0 0 0 0
1706672918.649999867 985.1929 2227.9335 5.3490 0 0 0 0
1706672919.029999943 985.1647 2228.4758 5.3393 0 0 0 0
1706672919.400000200 985.1013 2228.9920 5.3528 0 0 0 0
1706672919.620000012 985.0281 2229.6394 5.3318 0 0 0 0
1706672920.030000177 984.9536 2230.0591 5.2801 0 0 0 0
1706672920.429999894 984.8836 2230.4823 5.3092 0 0 0 0
1706672920.849999879 984.8428 2231.3151 5.2636 0 0 0 0
1706672921.190000046 984.8201 2231.8417 5.2822 0 0 0 0
1706672921.619999851 984.8420 2232.3784 5.2482 0 0 0 0
1706672921.920000110 984.8239 2233.0251 5.2039 0 0 0 0
1706672922.200000100 984.8110 2233.5337 5.1964 0 0 0 0
1706672922.529999819 984.7940 2234.1485 5.1995 0 0 0 0
1706672922.919999715 984.7284 2234.6899 5.1705 0 0 0 0
1706672923.280000151 984.6893 2235.1498 5.1384 0 0 0 0
1706672923.600000050 984.6567 2235.7163 5.1499 0 0 0 0
1706672923.840000131 984.6076 2236.1834 5.1082 0 0 0 0
1706672924.050000124 984.5854 2236.6330 5.0864 0 0 0 0
1706672924.379999842 984.5740 2237.0553 5.1107 0 0 0 0
1706672924.769999739 984.5261 2237.5739 5.0732 0 0 0 0
1706672925.109999906 984.4923 2238.1251 5.0498 0 0 0 0
1706672925.459999894 984.4303 2238.6899 5.0477 0 0 0 0
1706672925.650000246 984.3834 2239.0047 5.0422 0 0 0 0
1706672926.019999874 984.3487 2239.4981 5.0235 0 0 0 0
1706672926.579999854 984.3163 2240.3987 4.9872 0 0 0 0
1706672927.160000103 984.2951 2241.2045 4.9617 0 0 0 0
1706672927.599999728 984.2487 2241.9568 4.9490 0 0 0 0
1706672927.909999806 984.2486 2242.5523 4.9602 0 0 0 0
1706672928.149999888 984.2615 2242.9336 4.9584 0 0 0 0
1706672928.380000149 984.2048 2243.3583 4.9352 0 0 0 0
1706672928.569999873 984.1650 2243.6205 4.9603 0 0 0 0
1706672928.849999863 984.1536 2243.9128 4.9057 0 0 0 0
1706672929.169999762 984.1212 2244.3576 4.9327 0 0 0 0
1706672929.430000111 984.0782 2244.8293 4.8861 0 0 0 0
1706672929.829999828 984.0445 2245.3012 4.8856 0 0 0 0
1706672930.090000178 984.0201 2245.7542 4.8763 0 0 0 0
1706672930.480000074 983.9619 2246.2264 4.8337 0 0 0 0
1706672930.690000067 983.9093 2246.7825 4.8445 0 0 0 0
1706672930.900000059 983.8933 2247.0854 4.8001 0 0 0 0
1706672931.170000229 983.8597 2247.4729 4.8292 0 0 0 0
1706672931.399999862 983.7989 2247.9091 4.7998 0 0 0 0
1706672931.719999760 983.7462 2248.5669 4.7693 0 0 0 0
1706672931.929999753 983.7462 2248.5669 4.7693 0 0 0 0
1706672932.220000192 983.7051 2248.9486 4.7731 0 0 0 0
1706672932.460000273 983.6352 2249.3214 4.7543 0 0 0 0
1706672932.769999723 983.6000 2249.6206 4.7620 0 0 0 0
1706672933.049999713 983.5732 2250.2272 4.7493 0 0 0 0
1706672933.279999974 983.5294 2250.6913 4.7033 0 0 0 0
1706672933.690000139 983.5042 2251.0612 4.7348 0 0 0 0
1706672934.129999764 983.4994 2251.5812 4.7041 0 0 0 0
1706672934.549999749 983.4418 2252.3055 4.6888 0 0 0 0
1706672934.870000277 983.4541 2252.8415 4.6421 0 0 0 0
1706672935.199999996 983.5084 2253.1722 4.6795 0 0 0 0
1706672935.559999803 983.5391 2253.5320 4.6669 0 0 0 0
1706672935.949999699 983.5521 2253.8190 4.6277 0 0 0 0
1706672936.389999953 983.5443 2254.1349 4.6278 0 0 0 0
1706672936.660000123 983.4118 2254.2421 4.6289 0 0 0 0
1706672936.949999933 983.2859 2254.2612 4.6267 0 0 0 0
1706672937.239999743 983.1616 2254.2505 4.6265 0 0 0 0
1706672937.439999916 983.1465 2254.2162 4.6178 0 0 0 0
1706672937.719999906 983.1742 2254.0893 4.6075 0 0 0 0
1706672938.069999893 983.2647 2253.8408 4.6298 0 0 0 0
1706672938.519999967 983.3311 2253.3719 4.5975 0 0 0 0
1706672938.809999777 983.3303 2252.9789 4.6480 0 0 0 0
1706672939.140000124 983.3765 2252.5394 4.6173 0 0 0 0
1706672939.679999836 983.4547 2251.8330 4.6291 0 0 0 0
1706672940.029999823 983.4893 2251.2654 4.6677 0 0 0 0
1706672940.430000168 983.5926 2250.6953 4.7258 0 0 0 0
1706672940.839999705 983.6106 2250.1541 4.7380 0 0 0 0
1706672941.240000050 983.6285 2249.5717 4.7250 0 0 0 0
1706672941.629999946 983.6371 2249.1116 4.7581 0 0 0 0
1706672941.890000296 983.6525 2248.4812 4.7962 0 0 0 0
1706672942.240000283 983.6920 2247.9850 4.7879 0 0 0 0
1706672942.689999728 983.6958 2247.4491 4.7816 0 0 0 0
1706672943.010000256 983.6747 2246.8242 4.8164 0 0 0 0
1706672943.449999881 983.6948 2246.1755 4.8465 0 0 0 0
1706672943.829999957 983.7006 2245.4976 4.8619 0 0 0 0
1706672944.259999762 983.7802 2244.7296 4.8984 0 0 0 0
1706672944.590000110 983.8511 2244.2843 4.8712 0 0 0 0
1706672944.910000009 983.9470 2243.3757 4.9212 0 0 0 0
1706672945.059999824 983.9470 2243.3757 4.9212 0 0 0 0
1706672945.339999814 983.9731 2242.7082 4.9093 0 0 0 0
1706672945.609999984 983.9731 2242.7082 4.9093 0 0 0 0
1706672945.929999882 984.0391 2242.2189 4.9200 0 0 0 0
1706672946.209999872 984.1178 2241.7554 4.9705 0 0 0 0
1706672946.430000314 984.1585 2241.2066 4.9522 0 0 0 0
1706672946.900000027 984.2398 2240.5626 4.9653 0 0 0 0
1706672947.149999929 984.2921 2240.0738 5.0105 0 0 0 0
1706672947.420000099 984.3009 2239.5571 5.0099 0 0 0 0
1706672947.700000089 984.3505 2239.0251 5.0009 0 0 0 0
1706672947.980000079 984.3929 2238.5192 5.0542 0 0 0 0
1706672948.180000251 984.3968 2238.1986 5.0122 0 0 0 0
1706672948.610000056 984.4060 2237.8688 5.0685 0 0 0 0
1706672948.920000135 984.4294 2237.2007 5.0663 0 0 0 0
1706672949.249999854 984.4303 2236.6056 5.0413 0 0 0 0
1706672949.450000026 984.4322 2236.1735 5.1080 0 0 0 0
1706672949.720000196 984.4724 2235.6012 5.1034 0 0 0 0
1706672950.080000004 984.4917 2235.1639 5.1191 0 0 0 0
1706672950.369999814 984.4972 2234.8900 5.1369 0 0 0 0
1706672950.740000070 984.5189 2234.3556 5.1371 0 0 0 0
1706672950.980000151 984.5506 2233.6680 5.1712 0 0 0 0
1706672951.379999868 984.5527 2233.1863 5.1826 0 0 0 0
1706672951.810000301 984.5834 2232.5541 5.1845 0 0 0 0
1706672952.200000198 984.5865 2231.7562 5.2130 0 0 0 0
1706672952.560000005 984.6387 2231.1135 5.2173 0 0 0 0
1706672952.830000175 984.6962 2230.2328 5.2357 0 0 0 0
1706672952.940000081 984.6962 2230.2328 5.2357 0 0 0 0
1706672953.360000066 984.7583 2229.5470 5.2536 0 0 0 0
1706672953.829999780 984.8360 2228.8645 5.2746 0 0 0 0
1706672954.160000128 984.8933 2228.1801 5.3095 0 0 0 0
1706672954.580000113 984.9645 2227.6574 5.3533 0 0 0 0
1706672954.809999745 985.0185 2226.8161 5.3807 0 0 0 0
1706672955.019999738 985.0270 2226.7412 5.3818 0 0 0 0
1706672955.170000182 985.0847 2226.2085 5.3760 0 0 0 0
1706672955.420000083 985.0847 2226.2085 5.3760 0 0 0 0
1706672955.859999708 985.1197 2225.5247 5.3710 0 0 0 0
1706672956.209999695 985.1983 2224.8440 5.3914 0 0 0 0
1706672956.509999954 985.2370 2224.4535 5.4461 0 0 0 0
1706672956.990000117 985.2760 2223.6759 5.4675 0 0 0 0
1706672957.330000284 985.3535 2223.0150 5.4768 0 0 0 0
1706672957.650000183 985.3686 2222.4766 5.4452 0 0 0 0
1706672957.860000175 985.3925 2221.9541 5.4954 0 0 0 0
1706672958.129999717 985.4743 2221.4528 5.5199 0 0 0 0
1706672958.429999975 985.4984 2221.1030 5.4971 0 0 0 0
1706672958.759999694 985.5340 2220.5148 5.5512 0 0 0 0
1706672959.010000224 985.5869 2220.0015 5.5460 0 0 0 0
1706672959.320000303 985.5847 2219.6444 5.5522 0 0 0 0
1706672959.580000024 985.5558 2219.1114 5.5777 0 0 0 0
1706672959.839999746 985.5596 2218.7229 5.5645 0 0 0 0
1706672960.109999916 985.5901 2218.3635 5.5853 0 0 0 0
1706672960.380000086 985.6257 2217.8536 5.5699 0 0 0 0
1706672960.669999896 985.6555 2217.3778 5.6255 0 0 0 0
1706672960.959999706 985.7115 2216.9530 5.6334 0 0 0 0
1706672961.239999696 985.7256 2216.4938 5.6144 0 0 0 0
1706672961.670000129 985.7566 2215.7739 5.6459 0 0 0 0
1706672962.020000117 985.7920 2215.2523 5.6872 0 0 0 0
1706672962.459999742 985.7786 2214.6062 5.6707 0 0 0 0
1706672962.930000084 985.8271 2213.3025 5.6834 0 0 0 0
1706672963.329999801 985.8271 2213.3025 5.6834 0 0 0 0
1706672963.660000148 985.8773 2212.6047 5.7219 0 0 0 0
1706672964.059999865 985.9125 2211.9052 5.7513 0 0 0 0
1706672964.360000123 985.9411 2211.1790 5.7886 0 0 0 0
1706672964.729999751 986.0545 2210.4641 5.8129 0 0 0 0
1706672965.020000190 986.0545 2210.4641 5.8129 0 0 0 0
1706672965.330000268 986.1155 2209.7116 5.8306 0 0 0 0
1706672965.769999893 986.1850 2209.0892 5.8590 0 0 0 0
1706672966.129999701 986.2046 2208.4629 5.8579 0 0 0 0
1706672966.429999960 986.2493 2207.9536 5.8498 0 0 0 0
1706672966.819999856 986.3315 2207.3296 5.8901 0 0 0 0
1706672967.160000023 986.4008 2206.2959 5.8882 0 0 0 0
1706672967.409999925 986.4008 2206.2959 5.8882 0 0 0 0
1706672967.759999912 986.4570 2205.8191 5.9619 0 0 0 0
1706672968.200000166 986.5365 2204.9913 5.9744 0 0 0 0
1706672968.790000235 986.6838 2203.6449 6.0322 0 0 0 0
1706672969.080000045 986.6838 2203.6449 6.0322 0 0 0 0
1706672969.469999941 986.7136 2203.0326 6.0399 0 0 0 0
1706672969.829999749 986.7203 2202.3791 6.0291 0 0 0 0
1706672970.290000271 986.7751 2201.7135 6.0401 0 0 0 0
1706672970.720000076 986.8014 2201.0914 6.0594 0 0 0 0
1706672971.079999884 986.9096 2199.7744 6.1242 0 0 0 0
1706672971.270000236 986.9096 2199.7744 6.1242 0 0 0 0
1706672971.669999952 986.9315 2199.1766 6.1148 0 0 0 0
1706672972.210000292 987.0136 2198.4580 6.1359 0 0 0 0
1706672972.649999917 987.0472 2198.0522 6.1801 0 0 0 0
1706672973.060000082 987.0893 2197.1434 6.1685 0 0 0 0
1706672973.489999888 987.1223 2196.3373 6.1849 0 0 0 0
1706672973.909999873 987.1842 2195.5879 6.2102 0 0 0 0
1706672974.089999776 987.2327 2195.0979 6.2654 0 0 0 0
1706672974.329999858 987.2454 2194.7227 6.2219 0 0 0 0
1706672974.620000296 987.2615 2194.3375 6.2748 0 0 0 0
1706672974.989999924 987.3260 2193.7809 6.2671 0 0 0 0
1706672975.379999820 987.3575 2193.3103 6.2746 0 0 0 0
1706672975.810000254 987.3975 2192.7971 6.3284 0 0 0 0
1706672976.189999701 987.4989 2191.9616 6.3641 0 0 0 0
1706672976.520000049 987.4772 2191.2699 6.3645 0 0 0 0
1706672976.890000305 987.4926 2190.5973 6.3903 0 0 0 0
1706672977.220000024 987.4955 2190.1547 6.3882 0 0 0 0
1706672977.450000285 987.5245 2189.6903 6.4598 0 0 0 0
1706672977.889999910 987.5549 2188.7153 6.4433 0 0 0 0
1706672978.209999809 987.5549 2188.7153 6.4433 0 0 0 0
1706672978.739999700 987.5932 2188.1000 6.4909 0 0 0 0
1706672979.160000314 987.6810 2187.2772 6.5174 0 0 0 0
1706672979.569999850 987.7030 2186.4312 6.5252 0 0 0 0
1706672979.989999835 987.7498 2185.7923 6.5731 0 0 0 0
1706672980.360000092 987.8218 2184.5896 6.5586 0 0 0 0
1706672980.670000170 987.8218 2184.5896 6.5586 0 0 0 0
1706672981.099999975 987.8905 2184.0347 6.5708 0 0 0 0
1706672981.559999869 987.9427 2183.3282 6.6041 0 0 0 0
1706672982.000000123 988.0190 2182.5895 6.6319 0 0 0 0
1706672982.270000293 988.0469 2181.8999 6.6546 0 0 0 0
1706672982.539999834 988.0923 2181.4146 6.6312 0 0 0 0
1706672982.889999822 988.0984 2180.9622 6.6738 0 0 0 0
1706672983.369999984 988.1193 2180.2901 6.7105 0 0 0 0
1706672983.759999881 988.1795 2179.4503 6.7227 0 0 0 0
1706672984.109999868 988.2452 2178.7441 6.7470 0 0 0 0
1706672984.370000218 988.3054 2178.3200 6.7423 0 0 0 0
1706672984.860000201 988.3396 2177.6675 6.7401 0 0 0 0
1706672985.350000183 988.4014 2176.9814 6.7558 0 0 0 0
1706672985.700000171 988.4844 2176.1651 6.7735 0 0 0 0
1706672985.969999712 988.5234 2175.5586 6.8167 0 0 0 0
1706672986.349999788 988.5488 2175.1242 6.8276 0 0 0 0
1706672986.790000042 988.5271 2174.6957 6.8253 0 0 0 0
1706672987.109999941 988.5357 2174.0028 6.8699 0 0 0 0
1706672987.370000291 988.5405 2173.3493 6.9023 0 0 0 0
1706672987.690000189 988.5375 2172.8816 6.8820 0 0 0 0
1706672988.099999726 988.6088 2171.8661 6.9450 0 0 0 0
1706672988.399999985 988.6088 2171.8661 6.9450 0 0 0 0
1706672988.959999965 988.6701 2170.9880 6.9607 0 0 0 0
1706672989.360000310 988.7922 2170.2086 6.9932 0 0 0 0
1706672989.780000295 988.8527 2169.5420 6.9975 0 0 0 0
1706672990.259999828 988.9972 2168.6769 7.0337 0 0 0 0
1706672990.639999905 989.0779 2168.0366 7.0197 0 0 0 0
1706672991.110000247 989.1843 2167.3538 7.0169 0 0 0 0
1706672991.600000230 989.2272 2166.7067 7.0279 0 0 0 0
1706672991.890000040 989.2454 2165.8550 7.0617 0 0 0 0
1706672992.170000030 989.2564 2165.3229 7.0819 0 0 0 0
1706672992.419999931 989.2674 2164.8735 7.1118 0 0 0 0
1706672992.870000005 989.3218 2164.2129 7.1053 0 0 0 0
1706672993.199999724 989.3377 2163.6944 7.1165 0 0 0 0
1706672993.549999711 989.3689 2163.0112 7.1578 0 0 0 0
1706672993.899999699 989.3985 2162.6943 7.1384 0 0 0 0
1706672994.220000226 989.4373 2162.0268 7.1577 0 0 0 0
1706672994.619999942 989.4537 2161.3563 7.1832 0 0 0 0
1706672995.000000019 989.4710 2160.7174 7.2314 0 0 0 0
1706672995.289999829 989.4880 2160.1549 7.2404 0 0 0 0
1706672995.539999730 989.5434 2159.7333 7.2281 0 0 0 0
1706672995.819999720 989.6091 2159.2681 7.2944 0 0 0 0
1706672996.070000250 989.6356 2158.9925 7.2574 0 0 0 0
1706672996.309999702 989.6672 2158.7034 7.3039 0 0 0 0
1706672996.679999959 989.7448 2158.1889 7.2867 0 0 0 0
1706672997.090000124 989.7789 2157.5875 7.3454 0 0 0 0
1706672997.480000020 989.8206 2157.0420 7.3843 0 0 0 0
1706672997.869999916 989.8254 2156.3425 7.4030 0 0 0 0
1706672998.289999901 989.8161 2155.6842 7.3784 0 0 0 0
1706672998.679999798 989.8647 2154.9956 7.3869 0 0 0 0
1706672999.110000231 989.8813 2154.3949 7.3934 0 0 0 0
1706672999.549999856 989.9212 2153.6038 7.4076 0 0 0 0
1706672999.880000204 989.9589 2152.9155 7.4405 0 0 0 0
1706673000.359999738 990.0017 2152.3351 7.4890 0 0 0 0
1706673000.750000263 990.0467 2151.6654 7.5208 0 0 0 0
1706673001.180000068 990.0716 2150.9432 7.5261 0 0 0 0
1706673001.660000230 990.1523 2150.3512 7.5149 0 0 0 0
1706673002.059999947 990.2313 2149.4848 7.5464 0 0 0 0
1706673002.349999757 990.3017 2148.7842 7.5423 0 0 0 0
1706673002.699999744 990.3226 2148.1922 7.5650 0 0 0 0
1706673003.149999818 990.3189 2147.7558 7.6146 0 0 0 0
1706673003.489999985 990.4365 2146.9441 7.6439 0 0 0 0
1706673003.989999788 990.4887 2146.2213 7.6540 0 0 0 0
1706673004.409999773 990.5382 2145.5875 7.6435 0 0 0 0
1706673004.759999760 990.5583 2144.9023 7.6569 0 0 0 0
1706673005.090000108 990.5848 2144.3391 7.7034 0 0 0 0
1706673005.400000187 990.6327 2143.7002 7.7389 0 0 0 0
1706673005.850000260 990.6300 2142.9957 7.7361 0 0 0 0
1706673006.450000149 990.6973 2142.1117 7.7602 0 0 0 0
1706673006.809999957 990.7163 2141.2404 7.8023 0 0 0 0
1706673007.190000033 990.7832 2140.6326 7.8028 0 0 0 0
1706673007.610000018 990.8236 2139.9606 7.8138 0 0 0 0
1706673008.060000092 990.8693 2139.4579 7.8240 0 0 0 0
1706673008.410000079 990.9461 2138.6919 7.8340 0 0 0 0
1706673008.820000244 990.9869 2138.2023 7.8935 0 0 0 0
1706673009.189999872 991.1024 2137.5551 7.8932 0 0 0 0
1706673009.590000217 991.1177 2136.8989 7.8935 0 0 0 0
1706673009.959999844 991.1529 2136.1897 7.9010 0 0 0 0
1706673010.360000189 991.1590 2135.6198 7.9176 0 0 0 0
1706673010.839999723 991.1364 2134.9276 7.9601 0 0 0 0
1706673011.170000071 991.2145 2134.3349 7.9923 0 0 0 0
1706673011.590000056 991.2472 2133.6920 7.9957 0 0 0 0
1706673011.879999866 991.3484 2133.0492 8.0009 0 0 0 0
1706673012.150000036 991.3735 2132.6121 8.0050 0 0 0 0
1706673012.439999846 991.4123 2132.0850 8.0519 0 0 0 0
1706673012.910000188 991.5363 2131.4503 8.0613 0 0 0 0
1706673013.279999816 991.5927 2130.5738 8.1100 0 0 0 0
1706673013.559999806 991.5927 2130.5738 8.1100 0 0 0 0
1706673014.009999880 991.6401 2129.9474 8.1090 0 0 0 0
1706673014.450000133 991.6622 2129.1278 8.1358 0 0 0 0
1706673014.800000121 991.6813 2128.5722 8.1116 0 0 0 0
1706673015.019999933 991.6946 2127.9347 8.1347 0 0 0 0
1706673015.269999835 991.6579 2127.5087 8.1911 0 0 0 0
1706673015.479999827 991.6792 2127.1535 8.1566 0 0 0 0
1706673015.740000177 991.7135 2126.9060 8.1943 0 0 0 0
1706673016.179999802 991.7485 2126.3019 8.1809 0 0 0 0
1706673016.739999782 991.7935 2125.6054 8.1957 0 0 0 0
1706673017.060000310 991.8538 2124.9427 8.2130 0 0 0 0
1706673017.609999841 991.9449 2124.1521 8.2378 0 0 0 0
1706673017.940000189 992.0083 2123.5018 8.2728 0 0 0 0
1706673018.309999816 992.0105 2123.0536 8.2942 0 0 0 0
1706673018.680000072 992.0692 2122.4234 8.2869 0 0 0 0
1706673018.979999702 992.0697 2121.7215 8.2892 0 0 0 0
1706673019.300000230 992.0942 2121.2396 8.3508 0 0 0 0
1706673019.709999766 992.1501 2120.6207 8.3706 0 0 0 0
1706673020.070000202 992.1809 2120.2111 8.3375 0 0 0 0
1706673020.460000099 992.2650 2119.5567 8.3630 0 0 0 0
1706673020.999999810 992.3367 2118.7243 8.3784 0 0 0 0
1706673021.470000152 992.3716 2117.9844 8.4122 0 0 0 0
1706673021.839999780 992.3751 2117.3609 8.4642 0 0 0 0
1706673022.100000130 992.3961 2116.7246 8.4656 0 0 0 0
1706673022.389999940 992.4384 2116.2234 8.4419 0 0 0 0
1706673022.749999748 992.4708 2115.5651 8.4727 0 0 0 0
1706673023.159999913 992.5114 2114.9038 8.5076 0 0 0 0
1706673023.600000166 992.5873 2114.3326 8.5695 0 0 0 0
1706673023.899999796 992.6017 2113.7810 8.5426 0 0 0 0
1706673024.300000141 992.6485 2113.1419 8.5350 0 0 0 0
1706673024.699999858 992.6765 2112.6229 8.5877 0 0 0 0
1706673025.019999756 992.7073 2112.0269 8.6242 0 0 0 0
1706673025.359999924 992.7531 2111.4536 8.6005 0 0 0 0
1706673025.530000008 992.7512 2111.0259 8.6325 0 0 0 0
1706673025.800000178 992.7866 2110.3276 8.6604 0 0 0 0
1706673026.040000259 992.7866 2110.3276 8.6604 0 0 0 0
1706673026.369999978 992.8153 2110.0604 8.6209 0 0 0 0
1706673026.789999963 992.8625 2109.0315 8.6672 0 0 0 0
1706673027.200000128 992.8863 2108.3651 8.6740 0 0 0 0
1706673027.540000295 992.9227 2107.7249 8.6913 0 0 0 0
1706673027.940000012 992.9420 2107.0610 8.7268 0 0 0 0
1706673028.189999913 992.9771 2106.5835 8.7796 0 0 0 0
1706673028.429999994 992.9844 2106.3196 8.7433 0 0 0 0
1706673028.789999802 992.9884 2105.9768 8.7620 0 0 0 0
1706673029.220000235 993.0211 2105.3016 8.7580 0 0 0 0
1706673029.580000043 993.0760 2104.5732 8.7796 0 0 0 0
1706673030.079999845 993.1560 2103.7943 8.8009 0 0 0 0
1706673030.510000279 993.1974 2103.0989 8.8255 0 0 0 0
1706673030.930000264 993.2630 2102.2951 8.8516 0 0 0 0
1706673031.280000252 993.3200 2101.7803 8.9186 0 0 0 0
1706673031.560000242 993.3228 2101.3666 8.8773 0 0 0 0
1706673031.859999872 993.3422 2100.6229 8.8820 0 0 0 0
1706673032.190000219 993.3456 2100.0985 8.9376 0 0 0 0
1706673032.620000024 993.3442 2099.6116 8.9364 0 0 0 0
1706673033.030000189 993.4255 2098.8853 8.9526 0 0 0 0
1706673033.520000172 993.4737 2098.0854 8.9695 0 0 0 0
1706673033.849999891 993.5597 2097.4732 8.9850 0 0 0 0
1706673034.209999698 993.6085 2096.8075 8.9951 0 0 0 0
1706673034.649999952 993.6436 2096.1839 9.0418 0 0 0 0
1706673034.960000031 993.7419 2095.0104 9.0567 0 0 0 0
1706673035.200000112 993.7419 2095.0104 9.0567 0 0 0 0
1706673035.499999742 993.7938 2094.5051 9.0641 0 0 0 0
1706673035.879999818 993.8907 2093.8580 9.1148 0 0 0 0
1706673036.229999806 993.9200 2093.3734 9.1153 0 0 0 0
1706673036.730000237 993.9571 2092.8745 9.0983 0 0 0 0
1706673037.190000131 994.0049 2092.0263 9.1216 0 0 0 0
1706673037.559999758 994.1016 2091.1447 9.1528 0 0 0 0
1706673037.930000015 994.1367 2090.5898 9.1780 0 0 0 0
1706673038.160000276 994.1904 2090.1372 9.2133 0 0 0 0
1706673038.450000086 994.2639 2089.7035 9.1878 0 0 0 0
1706673038.839999982 994.3023 2089.2800 9.2580 0 0 0 0
1706673039.180000150 994.3083 2088.5516 9.2733 0 0 0 0
1706673039.549999777 994.3499 2087.9344 9.2700 0 0 0 0
1706673039.950000122 994.3000 2087.2385 9.2659 0 0 0 0
1706673040.279999841 994.3064 2086.7385 9.2903 0 0 0 0
1706673040.529999742 994.3512 2086.2031 9.3249 0 0 0 0
1706673040.760000004 994.3508 2085.7319 9.2906 0 0 0 0
1706673041.009999905 994.4059 2085.1421 9.3192 0 0 0 0
1706673041.350000072 994.4503 2084.7676 9.3581 0 0 0 0
1706673041.599999974 994.4577 2084.4505 9.3752 0 0 0 0
1706673041.840000055 994.4965 2083.9148 9.4007 0 0 0 0
1706673042.110000225 994.5681 2083.3276 9.3784 0 0 0 0
1706673042.409999855 994.5918 2083.0351 9.4336 0 0 0 0
1706673042.719999934 994.5950 2082.4235 9.4232 0 0 0 0
1706673043.160000187 994.6682 2081.8014 9.4172 0 0 0 0
1706673043.440000177 994.6965 2081.3819 9.4663 0 0 0 0
1706673043.760000076 994.7091 2080.6974 9.4878 0 0 0 0
1706673044.110000064 994.7799 2079.7974 9.5023 0 0 0 0
1706673044.320000056 994.7799 2079.7974 9.5023 0 0 0 0
1706673044.670000044 994.7862 2079.3086 9.4826 0 0 0 0
1706673044.900000305 994.8295 2078.8415 9.4837 0 0 0 0
1706673045.120000117 994.8916 2078.3784 9.5418 0 0 0 0
1706673045.339999930 994.8902 2078.0065 9.5166 0 0 0 0
1706673045.799999824 994.9379 2077.3109 9.5483 0 0 0 0
1706673046.200000169 995.0011 2076.5684 9.5799 0 0 0 0
1706673046.590000065 995.0526 2076.0160 9.5978 0 0 0 0
1706673047.019999870 995.1260 2075.4123 9.6023 0 0 0 0
1706673047.399999946 995.1587 2074.6539 9.6114 0 0 0 0
1706673047.730000294 995.1938 2074.1911 9.6327 0 0 0 0
1706673048.029999924 995.2488 2073.5680 9.6900 0 0 0 0
1706673048.419999820 995.2521 2072.8760 9.6896 0 0 0 0
1706673048.909999803 995.3384 2072.2223 9.6903 0 0 0 0
1706673049.289999879 995.3310 2071.5517 9.6813 0 0 0 0
1706673049.649999687 995.3245 2071.0057 9.7047 0 0 0 0
1706673049.980000034 995.3298 2070.3581 9.7554 0 0 0 0
1706673050.500000105 995.3033 2069.6787 9.7718 0 0 0 0
1706673050.910000270 995.3522 2068.9570 9.8117 0 0 0 0
1706673051.279999898 995.3799 2068.2426 9.8238 0 0 0 0
1706673051.629999885 995.4661 2067.2928 9.8200 0 0 0 0
1706673051.879999787 995.4661 2067.2928 9.8200 0 0 0 0
1706673052.219999954 995.4780 2066.6565 9.8611 0 0 0 0
1706673052.709999937 995.4994 2065.9796 9.8865 0 0 0 0
1706673052.980000107 995.4759 2065.4131 9.8618 0 0 0 0
1706673053.260000097 995.5640 2064.6585 9.8836 0 0 0 0
1706673053.530000267 995.5640 2064.6585 9.8836 0 0 0 0
1706673053.909999714 995.6513 2064.0113 9.8869 0 0 0 0
1706673054.230000242 995.7362 2063.4466 9.9099 0 0 0 0
1706673054.410000145 995.8736 2062.9135 9.9686 0 0 0 0
1706673054.709999776 995.9437 2062.5617 9.9154 0 0 0 0
1706673055.059999763 996.0984 2061.7669 9.9160 0 0 0 0
1706673055.399999931 996.0984 2061.7669 9.9160 0 0 0 0
1706673055.880000093 996.1101 2060.9186 9.9264 0 0 0 0
1706673056.190000172 996.0914 2060.4482 9.9783 0 0 0 0
1706673056.459999713 996.1252 2059.7301 10.0123 0 0 0 0
1706673056.869999878 996.1102 2059.2184 9.9943 0 0 0 0
1706673057.219999866 996.1421 2058.6195 9.9879 0 0 0 0
1706673057.560000033 996.1606 2057.7695 10.0382 0 0 0 0
1706673057.779999846 996.1606 2057.7695 10.0382 0 0 0 0
1706673058.050000016 996.2242 2057.2035 10.0332 0 0 0 0
1706673058.299999917 996.2692 2056.7921 10.0949 0 0 0 0
1706673058.539999998 996.2970 2056.3747 10.0427 0 0 0 0
1706673058.950000163 996.3417 2055.9362 10.0984 0 0 0 0
1706673059.330000239 996.4508 2055.2533 10.1239 0 0 0 0
1706673059.669999778 996.4861 2054.6936 10.0885 0 0 0 0
1706673060.060000303 996.5460 2054.1980 10.1180 0 0 0 0
1706673060.550000286 996.5912 2053.5608 10.1547 0 0 0 0
1706673060.819999827 996.6442 2052.7848 10.1601 0 0 0 0
1706673061.139999726 996.6882 2052.3034 10.1854 0 0 0 0
1706673061.369999987 996.6885 2051.7893 10.1581 0 0 0 0
1706673061.610000068 996.6762 2051.3235 10.2055 0 0 0 0
1706673061.850000150 996.6990 2051.0337 10.1782 0 0 0 0
1706673062.170000048 996.7185 2050.6862 10.2302 0 0 0 0
1706673062.429999770 996.7144 2050.2440 10.1832 0 0 0 0
1706673062.760000117 996.7563 2049.6484 10.2110 0 0 0 0
1706673063.129999745 996.8139 2048.9893 10.2595 0 0 0 0
1706673063.409999735 996.8288 2048.4056 10.2531 0 0 0 0
1706673063.870000257 996.8683 2047.8957 10.2361 0 0 0 0
1706673064.279999794 996.8889 2047.1128 10.2464 0 0 0 0
1706673064.739999687 996.9283 2046.5150 10.2864 0 0 0 0
1706673065.289999847 997.0012 2045.7930 10.3056 0 0 0 0
1706673065.679999744 997.0522 2044.9946 10.3106 0 0 0 0
1706673066.080000089 997.1348 2044.3370 10.3469 0 0 0 0
1706673066.399999987 997.1606 2043.6837 10.3756 0 0 0 0
1706673066.939999699 997.2610 2042.9385 10.3841 0 0 0 0
1706673067.209999869 997.2841 2042.2954 10.3479 0 0 0 0
1706673067.510000127 997.3612 2041.6797 10.3515 0 0 0 0
1706673067.750000209 997.3966 2041.2814 10.4074 0 0 0 0
1706673067.930000112 997.3835 2040.9523 10.3617 0 0 0 0
1706673068.119999836 997.3766 2040.6844 10.4003 0 0 0 0
1706673068.369999737 997.3968 2040.3222 10.3856 0 0 0 0
1706673068.739999994 997.4354 2039.7332 10.4319 0 0 0 0
1706673069.139999710 997.4274 2039.3796 10.3819 0 0 0 0
1706673069.500000146 997.5780 2038.1563 10.4538 0 0 0 0
1706673069.689999870 997.5980 2037.7960 10.4226 0 0 0 0
1706673069.999999949 997.5980 2037.7960 10.4226 0 0 0 0
1706673070.400000294 997.6918 2037.0210 10.4385 0 0 0 0
1706673070.760000101 997.7190 2036.3781 10.4403 0 0 0 0
1706673071.129999729 997.7567 2035.6856 10.4658 0 0 0 0
1706673071.600000071 997.7686 2035.0841 10.5138 0 0 0 0
1706673071.969999699 997.7486 2034.3969 10.5245 0 0 0 0
1706673072.390000313 997.8071 2033.7055 10.5240 0 0 0 0
1706673072.899999935 997.8449 2032.9239 10.5312 0 0 0 0
1706673073.329999740 997.9656 2032.0514 10.5553 0 0 0 0
1706673073.769999994 998.0129 2031.3206 10.5501 0 0 0 0
1706673074.129999802 998.0826 2030.7009 10.5324 0 0 0 0
1706673074.399999972 998.1251 2030.1209 10.5273 0 0 0 0
1706673074.679999962 998.1278 2029.6837 10.5676 0 0 0 0
1706673074.969999772 998.1255 2029.2311 10.5428 0 0 0 0
1706673075.270000030 998.1142 2028.5598 10.5490 0 0 0 0
1706673075.519999932 998.1142 2028.5598 10.5490 0 0 0 0
1706673075.860000099 998.1543 2028.1668 10.6092 0 0 0 0
1706673076.229999727 998.2581 2027.4749 10.6161 0 0 0 0
1706673076.679999800 998.2909 2026.9580 10.5851 0 0 0 0
1706673077.069999697 998.3515 2026.2636 10.6032 0 0 0 0
1706673077.430000133 998.3871 2025.6050 10.6289 0 0 0 0
1706673077.729999763 998.4621 2024.9835 10.6530 0 0 0 0
1706673078.009999753 998.4972 2024.5649 10.6309 0 0 0 0
1706673078.349999920 998.5245 2023.8699 10.6261 0 0 0 0
1706673078.890000260 998.6052 2023.2070 10.6368 0 0 0 0
1706673079.140000162 998.6525 2022.4712 10.6434 0 0 0 0
1706673079.479999701 998.6725 2022.1077 10.6478 0 0 0 0
1706673079.779999959 998.7645 2021.5510 10.6392 0 0 0 0
1706673080.169999856 998.8061 2020.8403 10.6464 0 0 0 0
1706673080.650000018 998.8522 2020.1571 10.6684 0 0 0 0
1706673080.960000097 998.8945 2019.6160 10.7009 0 0 0 0
1706673081.380000082 998.9784 2018.9428 10.7067 0 0 0 0
1706673081.760000158 999.0816 2018.3470 10.6957 0 0 0 0
1706673082.199999783 999.0980 2017.7372 10.6717 0 0 0 0
1706673082.579999859 999.1748 2017.1664 10.6954 0 0 0 0
1706673082.910000207 999.2209 2016.6918 10.7200 0 0 0 0
1706673083.309999923 999.2323 2016.0985 10.6772 0 0 0 0
1706673083.759999997 999.3178 2015.4976 10.6835 0 0 0 0
1706673084.229999711 999.3651 2014.8539 10.6997 0 0 0 0
1706673084.529999970 999.4237 2014.0578 10.6962 0 0 0 0
1706673085.050000041 999.4322 2013.3411 10.6993 0 0 0 0
1706673085.560000292 999.4565 2012.4913 10.7071 0 0 0 0
1706673085.929999920 999.4967 2011.5383 10.7394 0 0 0 0
1706673086.239999998 999.4967 2011.5383 10.7394 0 0 0 0
1706673086.659999983 999.5755 2010.9884 10.7117 0 0 0 0
1706673087.100000237 999.5840 2010.2929 10.7047 0 0 0 0
1706673087.560000131 999.6311 2009.4298 10.7061 0 0 0 0
1706673087.910000118 999.6596 2008.9707 10.7259 0 0 0 0
1706673088.160000020 999.7042 2008.3874 10.7436 0 0 0 0
1706673088.619999913 999.8165 2007.7632 10.7148 0 0 0 0
1706673089.130000165 999.8931 2007.1154 10.6786 0 0 0 0
1706673089.480000152 999.9976 2006.4169 10.6614 0 0 0 0
1706673089.909999957 1000.0377 2005.9408 10.6804 0 0 0 0
1706673090.380000300 1000.0820 2005.1708 10.6288 0 0 0 0
1706673090.980000189 1000.0241 2004.0852 10.6622 0 0 0 0
1706673091.360000265 1000.0241 2004.0852 10.6622 0 0 0 0
1706673091.729999892 999.9310 2003.6862 10.6529 0 0 0 0
1706673092.000000062 999.7546 2003.3556 10.6457 0 0 0 0
1706673092.299999692 999.6551 2003.2336 10.6541 0 0 0 0
1706673092.510000314 999.5772 2003.1402 10.6533 0 0 0 0
1706673092.809999944 999.5195 2003.0792 10.6489 0 0 0 0
1706673093.260000017 999.5258 2003.0920 10.6507 0 0 0 0
1706673093.700000271 999.6157 2003.1128 10.6486 0 0 0 0
1706673093.759999820 999.6157 2003.1128 10.6486 0 0 0 0
1706673094.219999714 999.6805 2003.1367 10.6125 0 0 0 0
1706673094.610000239 999.7016 2003.0194 10.5629 0 0 0 0
1706673094.930000138 999.8043 2002.8999 10.5678 0 0 0 0
1706673094.989999686 999.8043 2002.8999 10.5678 0 0 0 0
1706673095.329999854 999.8530 2002.6378 10.4799 0 0 0 0