1706675200.380000053 1000.0001 2002.7362 10.0891 0 0 0 0
1706675200.709999772 1000.0001 2002.7360 10.0891 0 0 0 0
1706675201.010000031 1000.0000 2002.7360 10.0891 0 0 0 0
1706675201.350000198 999.9998 2002.7362 10.0889 0 0 0 0
1706675201.630000188 1000.0000 2002.7359 10.0889 0 0 0 0
1706675201.919999998 1000.0000 2002.7355 10.0889 0 0 0 0
1706675202.160000079 1000.0000 2002.7354 10.0889 0 0 0 0
1706675202.409999981 1000.0000 2002.7356 10.0889 0 0 0 0
1706675202.659999882 999.9999 2002.7354 10.0889 0 0 0 0
1706675202.969999961 1000.0000 2002.7357 10.0889 0 0 0 0
1706675203.270000219 1000.0000 2002.7354 10.0889 0 0 0 0
1706675203.599999938 1000.0000 2002.7358 10.0889 0 0 0 0
1706675203.910000017 1000.0000 2002.7356 10.0889 0 0 0 0
1706675204.210000276 1000.0000 2002.7356 10.0889 0 0 0 0
1706675204.449999728 1000.0000 2002.7355 10.0889 0 0 0 0
1706675204.829999804 1000.0000 2002.7356 10.0889 0 0 0 0
1706675205.190000241 1000.0000 2002.7355 10.0889 0 0 0 0
1706675205.489999871 1000.0000 2002.7356 10.0889 0 0 0 0
1706675205.809999770 1000.0000 2002.7354 10.0889 0 0 0 0
1706675206.070000120 1000.0000 2002.7355 10.0889 0 0 0 0
1706675206.270000292 1000.0000 2002.7354 10.0889 0 0 0 0
1706675206.530000013 1000.0000 2002.7355 10.0889 0 0 0 0
1706675206.740000006 1000.0000 2002.7356 10.0889 0 0 0 0
1706675206.970000267 1000.0000 2002.7355 10.0889 0 0 0 0
1706675207.169999811 1000.0000 2002.7354 10.0889 0 0 0 0
1706675207.409999892 1000.0000 2002.7355 10.0889 0 0 0 0
1706675207.640000153 1000.0000 2002.7355 10.0889 0 0 0 0
1706675207.869999786 1000.0000 2002.7355 10.0889 0 0 0 0
1706675208.039999870 1000.0000 2002.7356 10.0889 0 0 0 0
1706675208.289999771 1000.0000 2002.7356 10.0889 0 0 0 0
1706675208.520000032 1000.0000 2002.7355 10.0889 0 0 0 0
1706675208.839999931 1000.0000 2002.7357 10.0889 0 0 0 0
1706675209.110000101 1000.0000 2002.7358 10.0889 0 0 0 0
1706675209.329999913 1000.0000 2002.7355 10.0889 0 0 0 0
1706675209.560000175 1000.0000 2002.7355 10.0889 0 0 0 0
1706675209.709999990 1000.0000 2002.7357 10.0889 0 0 0 0
1706675209.899999714 1000.0000 2002.7355 10.0889 0 0 0 0
1706675210.160000063 1000.0000 2002.7357 10.0889 0 0 0 0
1706675210.379999876 1000.0000 2002.7356 10.0889 0 0 0 0
1706675210.729999864 1000.0000 2002.7355 10.0889 0 0 0 0
1706675210.979999765 1000.0000 2002.7355 10.0889 0 0 0 0
1706675211.249999935 1000.0000 2002.7356 10.0889 0 0 0 0
1706675211.510000285 1000.0000 2002.7356 10.0889 0 0 0 0
1706675211.720000277 1000.0000 2002.7357 10.0889 0 0 0 0
1706675211.910000001 1000.0000 2002.7356 10.0889 0 0 0 0
1706675212.089999905 1000.0000 2002.7357 10.0889 0 0 0 0
1706675212.259999989 1000.0000 2002.7357 10.0889 0 0 0 0
1706675212.479999801 1000.0000 2002.7357 10.0889 0 0 0 0
1706675212.780000060 1000.0000 2002.7357 10.0889 0 0 0 0
1706675213.179999776 1000.0000 2002.7356 10.0889 0 0 0 0
1706675213.510000124 1000.0000 2002.7357 10.0889 0 0 0 0
1706675213.720000116 1000.0000 2002.7356 10.0889 0 0 0 0
1706675213.930000109 1000.0000 2002.7356 10.0889 0 0 0 0
1706675214.140000101 1000.0000 2002.7356 10.0889 0 0 0 0
1706675214.280000096 1000.0000 2002.7357 10.0889 0 0 0 0
1706675214.609999815 1000.0000 2002.7357 10.0889 0 0 0 0
1706675214.919999894 1000.0000 2002.7357 10.0889 0 0 0 0
1706675215.229999973 1000.0000 2002.7355 10.0889 0 0 0 0
1706675215.549999871 1000.0000 2002.7356 10.0889 0 0 0 0
1706675215.719999955 1000.0000 2002.7356 10.0889 0 0 0 0
1706675215.910000307 1000.0000 2002.7355 10.0889 0 0 0 0
1706675216.139999940 1000.0000 2002.7355 10.0889 0 0 0 0
1706675216.349999933 1000.0000 2002.7356 10.0889 0 0 0 0
1706675216.639999743 1000.0000 2002.7356 10.0889 0 0 0 0
1706675216.839999915 1000.0000 2002.7355 10.0889 0 0 0 0
1706675217.000000179 1000.0000 2002.7357 10.0889 0 0 0 0
1706675217.219999991 1000.0000 2002.7357 10.0889 0 0 0 0
1706675217.490000161 1000.0000 2002.7357 10.0889 0 0 0 0
1706675217.679999885 1000.0000 2002.7357 10.0889 0 0 0 0
1706675217.859999789 1000.0000 2002.7358 10.0889 0 0 0 0
1706675218.080000230 1000.0000 2002.7356 10.0889 0 0 0 0
1706675218.309999863 1000.0000 2002.7356 10.0889 0 0 0 0
1706675218.540000124 1000.0000 2002.7356 10.0889 0 0 0 0
1706675218.729999848 1000.0000 2002.7356 10.0889 0 0 0 0
1706675218.939999840 1000.0000 2002.7354 10.0889 0 0 0 0
1706675219.119999744 1000.0000 2002.7356 10.0889 0 0 0 0
1706675219.410000183 1000.0000 2002.7355 10.0889 0 0 0 0
1706675219.629999995 1000.0000 2002.7355 10.0889 0 0 0 0
1706675219.900000165 1000.0000 2002.7358 10.0889 0 0 0 0
1706675220.169999707 1000.0000 2002.7354 10.0889 0 0 0 0
1706675220.449999697 1000.0000 2002.7355 10.0889 0 0 0 0
1706675220.749999955 1000.0000 2002.7356 10.0889 0 0 0 0
1706675220.969999768 1000.0000 2002.7355 10.0889 0 0 0 0
1706675221.190000209 1000.0000 2002.7354 10.0889 0 0 0 0
1706675221.379999933 1000.0000 2002.7356 10.0889 0 0 0 0
1706675221.610000194 1000.0000 2002.7358 10.0889 0 0 0 0
1706675221.830000007 1000.0000 2002.7356 10.0889 0 0 0 0
1706675222.060000268 1000.0000 2002.7357 10.0889 0 0 0 0
1706675222.310000169 1000.0000 2002.7356 10.0889 0 0 0 0
1706675222.620000248 1000.0000 2002.7356 10.0889 0 0 0 0
1706675222.800000152 1000.0000 2002.7356 10.0889 0 0 0 0
1706675223.069999693 1000.0000 2002.7358 10.0889 0 0 0 0
1706675223.339999863 1000.0000 2002.7357 10.0889 0 0 0 0
1706675223.710000119 1000.0000 2002.7356 10.0889 0 0 0 0
1706675224.030000018 1000.0000 2002.7354 10.0889 0 0 0 0
1706675224.249999830 1000.0000 2002.7355 10.0889 0 0 0 0
1706675224.529999821 1000.0000 2002.7358 10.0889 0 0 0 0
1706675224.769999902 1000.0000 2002.7356 10.0889 0 0 0 0
1706675224.960000254 1000.0000 2002.7358 10.0889 0 0 0 0
1706675225.210000155 1000.0000 2002.7356 10.0889 0 0 0 0
1706675225.369999791 1000.0000 2002.7356 10.0889 0 0 0 0
1706675225.700000138 1000.0000 2002.7356 10.0889 0 0 0 0
1706675225.970000308 1000.0000 2002.7356 10.0889 0 0 0 0
1706675226.409999933 999.9981 2002.7352 10.0895 0 0 0 0
1706675226.820000098 1000.0167 2002.8279 10.2692 0 0 0 0
1706675227.130000177 1000.0167 2002.8279 10.2692 0 0 0 0
1706675227.539999713 1000.0265 2002.9471 10.5228 0 0 0 0
1706675227.919999789 1000.0250 2003.0796 10.6633 0 0 0 0
1706675228.259999957 999.9896 2003.2415 10.6941 0 0 0 0
1706675228.469999949 999.9533 2003.4321 10.6867 0 0 0 0
1706675228.819999937 999.9471 2003.7014 10.6870 0 0 0 0
1706675229.139999836 999.9347 2003.9781 10.6666 0 0 0 0
1706675229.440000094 999.9171 2004.2195 10.6768 0 0 0 0
1706675229.759999993 999.9057 2004.4227 10.6753 0 0 0 0
1706675230.039999983 999.9224 2004.6013 10.7052 0 0 0 0
1706675230.459999968 999.9534 2004.9243 10.6960 0 0 0 0
1706675230.919999862 999.9733 2005.3641 10.6769 0 0 0 0
1706675231.379999756 999.9878 2005.7843 10.6779 0 0 0 0
1706675231.829999830 999.9777 2006.1751 10.6671 0 0 0 0
1706675232.179999817 999.9954 2006.6063 10.6739 0 0 0 0
1706675232.540000253 999.9601 2007.1773 10.6686 0 0 0 0
1706675232.830000063 999.9601 2007.1773 10.6686 0 0 0 0
1706675233.189999871 999.9244 2007.5786 10.6473 0 0 0 0
1706675233.480000310 999.8717 2007.8706 10.6487 0 0 0 0
1706675233.740000031 999.8075 2008.1622 10.6204 0 0 0 0
1706675233.919999935 999.7607 2008.4626 10.6269 0 0 0 0
1706675234.199999925 999.7550 2008.6304 10.6131 0 0 0 0
1706675234.610000090 999.7520 2008.9168 10.6365 0 0 0 0
1706675234.909999720 999.7366 2009.2063 10.6315 0 0 0 0
1706675235.219999799 999.7091 2009.4703 10.6438 0 0 0 0
1706675235.569999786 999.6896 2009.8718 10.6452 0 0 0 0
1706675235.970000131 999.6551 2010.2304 10.6320 0 0 0 0
1706675236.399999936 999.6329 2010.5962 10.6311 0 0 0 0
1706675236.840000190 999.6310 2011.1246 10.6170 0 0 0 0
1706675237.279999815 999.5896 2011.5074 10.6000 0 0 0 0
1706675237.549999985 999.5588 2011.7913 10.5949 0 0 0 0
1706675237.839999795 999.5319 2012.0571 10.5989 0 0 0 0
1706675238.179999962 999.4954 2012.2916 10.5992 0 0 0 0
1706675238.459999952 999.4597 2012.5329 10.6136 0 0 0 0
1706675238.949999935 999.4844 2012.9079 10.5985 0 0 0 0
1706675239.390000189 999.5014 2013.2787 10.5893 0 0 0 0
1706675239.729999728 999.4958 2013.6568 10.5636 0 0 0 0
1706675240.130000073 999.5189 2014.0045 10.5191 0 0 0 0
1706675240.580000146 999.5404 2014.3007 10.4870 0 0 0 0
1706675240.990000311 999.5255 2014.5990 10.4848 0 0 0 0
1706675241.469999845 999.5100 2015.0416 10.4677 0 0 0 0
1706675241.859999741 999.4739 2015.4032 10.4455 0 0 0 0
1706675242.160000000 999.4565 2015.7731 10.4346 0 0 0 0
1706675242.460000259 999.4568 2015.9765 10.4158 0 0 0 0
1706675242.750000069 999.4450 2016.3051 10.4221 0 0 0 0
1706675243.069999968 999.4162 2016.5814 10.4167 0 0 0 0
1706675243.389999866 999.4075 2016.8539 10.4320 0 0 0 0
1706675243.699999945 999.4224 2017.1785 10.4211 0 0 0 0
1706675243.960000295 999.4158 2017.4097 10.4157 0 0 0 0
1706675244.229999837 999.3906 2017.6916 10.4169 0 0 0 0
1706675244.469999918 999.3736 2017.9579 10.4119 0 0 0 0
1706675244.679999910 999.3646 2018.2365 10.4107 0 0 0 0
1706675244.950000080 999.3547 2018.4441 10.4092 0 0 0 0
1706675245.239999890 999.3410 2018.6084 10.3984 0 0 0 0
1706675245.489999792 999.3186 2018.8864 10.4060 0 0 0 0
1706675245.739999693 999.3138 2019.0954 10.3897 0 0 0 0
1706675246.079999860 999.3156 2019.3906 10.3973 0 0 0 0
1706675246.459999937 999.3065 2019.7656 10.3826 0 0 0 0
1706675246.889999742 999.3217 2020.1616 10.3812 0 0 0 0
1706675247.280000267 999.3224 2020.4304 10.3873 0 0 0 0
1706675247.640000074 999.2913 2020.7892 10.3656 0 0 0 0
1706675247.939999704 999.2705 2021.1432 10.3687 0 0 0 0
1706675248.079999699 999.2643 2021.3604 10.3593 0 0 0 0
1706675248.279999872 999.2486 2021.5666 10.3679 0 0 0 0
1706675248.710000305 999.2057 2021.8506 10.3471 0 0 0 0
1706675249.009999936 999.1767 2022.0865 10.3474 0 0 0 0
1706675249.329999834 999.1529 2022.5771 10.3690 0 0 0 0
1706675249.649999733 999.1529 2022.5771 10.3690 0 0 0 0
1706675249.970000261 999.1238 2022.9260 10.3753 0 0 0 0
1706675250.379999797 999.1199 2023.2701 10.3622 0 0 0 0
1706675250.670000236 999.1230 2023.5706 10.3692 0 0 0 0
1706675251.069999952 999.1048 2023.9781 10.3563 0 0 0 0
1706675251.470000297 999.1059 2024.2507 10.3547 0 0 0 0
1706675251.879999833 999.1103 2024.6354 10.3589 0 0 0 0
1706675252.320000087 999.0765 2025.0142 10.3432 0 0 0 0
1706675252.840000158 999.0470 2025.5180 10.3387 0 0 0 0
1706675253.249999695 998.9803 2026.0375 10.3097 0 0 0 0
1706675253.589999862 998.9094 2026.4710 10.3073 0 0 0 0
1706675253.909999761 998.9024 2026.7469 10.2938 0 0 0 0
1706675254.289999837 998.8977 2027.0705 10.3141 0 0 0 0
1706675254.620000185 998.9057 2027.3159 10.3271 0 0 0 0
1706675254.860000266 998.9381 2027.5821 10.3147 0 0 0 0
1706675255.250000162 998.9676 2027.8606 10.3283 0 0 0 0
1706675255.670000147 998.9674 2028.2095 10.3158 0 0 0 0
1706675256.090000132 998.9805 2028.5618 10.3100 0 0 0 0
1706675256.449999940 998.9940 2028.9759 10.3125 0 0 0 0
1706675256.820000196 998.9594 2029.3652 10.3066 0 0 0 0
1706675257.229999732 998.9439 2029.7375 10.2944 0 0 0 0
1706675257.630000077 998.9264 2030.0364 10.3088 0 0 0 0
1706675258.120000060 998.8717 2030.5593 10.3055 0 0 0 0
1706675258.519999776 998.8660 2030.9529 10.2813 0 0 0 0
1706675258.810000215 998.8424 2031.3744 10.2809 0 0 0 0
1706675259.090000205 998.8191 2031.6664 10.2796 0 0 0 0
1706675259.520000010 998.8220 2032.0315 10.2642 0 0 0 0
1706675259.849999729 998.8282 2032.2983 10.2689 0 0 0 0
1706675260.289999982 998.8182 2032.6867 10.2575 0 0 0 0
1706675260.789999785 998.8165 2033.0252 10.2487 0 0 0 0
1706675261.269999947 998.7815 2033.5076 10.2458 0 0 0 0
1706675261.689999932 998.7175 2033.9966 10.2378 0 0 0 0
1706675262.009999831 998.6751 2034.3978 10.2342 0 0 0 0
1706675262.280000001 998.6359 2034.6899 10.2182 0 0 0 0
1706675262.639999809 998.5999 2035.1112 10.2117 0 0 0 0
1706675263.029999705 998.5919 2035.5093 10.2198 0 0 0 0
1706675263.329999964 998.5693 2035.8280 10.1917 0 0 0 0
1706675263.649999863 998.5629 2036.1114 10.2095 0 0 0 0
1706675263.959999941 998.5804 2036.4035 10.1981 0 0 0 0
1706675264.190000203 998.5721 2036.6758 10.2127 0 0 0 0
1706675264.610000188 998.5352 2036.9548 10.2050 0 0 0 0
1706675264.979999815 998.5144 2037.2374 10.2129 0 0 0 0
1706675265.310000163 998.4869 2037.6284 10.1921 0 0 0 0
1706675265.679999790 998.4342 2037.9360 10.1755 0 0 0 0
1706675265.949999960 998.3868 2038.3112 10.1935 0 0 0 0
1706675266.369999945 998.3702 2038.8884 10.1806 0 0 0 0
1706675266.659999755 998.3702 2038.8884 10.1806 0 0 0 0
1706675267.079999740 998.3639 2039.3234 10.1800 0 0 0 0
1706675267.400000268 998.3986 2039.7506 10.1628 0 0 0 0
1706675267.909999890 998.3921 2040.2876 10.1695 0 0 0 0
1706675268.329999875 998.4047 2040.6436 10.1677 0 0 0 0
1706675268.609999865 998.4173 2040.9054 10.1679 0 0 0 0
1706675268.910000124 998.4063 2041.1847 10.1440 0 0 0 0
1706675269.139999757 998.3901 2041.4471 10.1488 0 0 0 0
1706675269.379999838 998.3852 2041.7271 10.1262 0 0 0 0
1706675269.729999825 998.3704 2041.9957 10.1421 0 0 0 0
1706675270.119999722 998.3356 2042.2739 10.1224 0 0 0 0
1706675270.499999798 998.3050 2042.6733 10.1240 0 0 0 0
1706675270.889999694 998.3060 2042.9502 10.1216 0 0 0 0
1706675271.210000222 998.2790 2043.3981 10.1024 0 0 0 0
1706675271.490000212 998.2780 2043.7145 10.1195 0 0 0 0
1706675271.740000113 998.2883 2044.0429 10.0896 0 0 0 0
1706675272.039999743 998.2729 2044.3627 10.0919 0 0 0 0
1706675272.300000093 998.2501 2044.6799 10.0857 0 0 0 0
1706675272.500000265 998.2537 2044.8569 10.0942 0 0 0 0
1706675272.780000255 998.2696 2045.0968 10.0623 0 0 0 0
1706675273.210000060 998.2694 2045.5255 10.0752 0 0 0 0
1706675273.469999782 998.2444 2045.8453 10.0518 0 0 0 0
1706675273.910000036 998.2441 2046.2557 10.0434 0 0 0 0
1706675274.250000203 998.2484 2046.5427 10.0573 0 0 0 0
1706675274.610000011 998.2285 2046.8981 10.0415 0 0 0 0
1706675274.969999818 998.2284 2047.1656 10.0582 0 0 0 0
1706675275.260000257 998.2436 2047.5746 10.0558 0 0 0 0
1706675275.449999981 998.2115 2047.9803 10.0228 0 0 0 0
1706675275.620000064 998.2115 2047.9803 10.0228 0 0 0 0
1706675276.000000141 998.1927 2048.3082 10.0348 0 0 0 0
1706675276.320000039 998.1854 2048.6405 10.0096 0 0 0 0
1706675276.520000212 998.1420 2049.0178 9.9921 0 0 0 0
1706675276.789999753 998.1008 2049.2687 9.9735 0 0 0 0
1706675276.999999746 998.0813 2049.4759 9.9781 0 0 0 0
1706675277.209999738 998.0751 2049.6798 9.9578 0 0 0 0
1706675277.460000268 998.0628 2049.8778 9.9691 0 0 0 0
1706675277.810000256 998.0203 2050.1506 9.9486 0 0 0 0
1706675278.160000243 997.9792 2050.4957 9.9647 0 0 0 0
1706675278.569999780 997.9699 2050.8769 9.9328 0 0 0 0
1706675278.979999945 997.9433 2051.2996 9.9299 0 0 0 0
1706675279.299999843 997.9271 2051.5792 9.9451 0 0 0 0
1706675279.570000013 997.9277 2051.8849 9.9320 0 0 0 0
1706675279.880000092 997.9101 2052.1939 9.9344 0 0 0 0
1706675280.129999993 997.8969 2052.5140 9.9301 0 0 0 0
1706675280.309999897 997.9031 2052.7384 9.9337 0 0 0 0
1706675280.659999885 997.9252 2053.0677 9.9106 0 0 0 0
1706675281.109999958 997.9164 2053.4872 9.8938 0 0 0 0
1706675281.480000215 997.9157 2053.8115 9.9037 0 0 0 0
1706675281.849999842 997.9423 2054.3255 9.8664 0 0 0 0
1706675282.229999918 997.9322 2054.7663 9.8507 0 0 0 0
1706675282.619999815 997.9143 2055.1997 9.8669 0 0 0 0
1706675282.999999891 997.9180 2055.5192 9.8426 0 0 0 0
1706675283.309999970 997.8754 2055.9089 9.8312 0 0 0 0
1706675283.489999874 997.8387 2056.2049 9.8338 0 0 0 0
1706675283.699999866 997.8294 2056.4185 9.8204 0 0 0 0
1706675284.070000122 997.8160 2056.7115 9.8173 0 0 0 0
1706675284.320000024 997.7759 2056.9985 9.8092 0 0 0 0
1706675284.620000282 997.7392 2057.1999 9.8148 0 0 0 0
1706675284.889999824 997.7131 2057.4948 9.8143 0 0 0 0
1706675285.290000169 997.6898 2057.8878 9.8128 0 0 0 0
1706675285.699999705 997.6604 2058.2982 9.8030 0 0 0 0
1706675286.170000047 997.6713 2058.6685 9.7820 0 0 0 0
1706675286.580000212 997.6846 2059.1156 9.7767 0 0 0 0
1706675286.960000289 997.6882 2059.4980 9.7659 0 0 0 0
1706675287.320000096 997.7090 2059.8742 9.7428 0 0 0 0
1706675287.609999906 997.7083 2060.1487 9.7518 0 0 0 0
1706675287.880000076 997.6938 2060.4470 9.7331 0 0 0 0
1706675288.290000241 997.6872 2060.8692 9.7308 0 0 0 0
1706675288.729999866 997.6329 2061.5728 9.7243 0 0 0 0
1706675289.060000214 997.6329 2061.5728 9.7243 0 0 0 0
1706675289.410000201 997.5861 2061.9992 9.7057 0 0 0 0
1706675289.949999913 997.5411 2062.4663 9.6976 0 0 0 0
1706675290.350000258 997.5080 2062.8800 9.7066 0 0 0 0
1706675290.780000063 997.4940 2063.2765 9.6871 0 0 0 0
1706675291.149999690 997.4684 2063.6737 9.6650 0 0 0 0
1706675291.400000220 997.4765 2063.9854 9.6643 0 0 0 0
1706675291.739999759 997.4724 2064.5993 9.6429 0 0 0 0
1706675292.060000286 997.4724 2064.5993 9.6429 0 0 0 0
1706675292.539999820 997.4504 2064.9587 9.6490 0 0 0 0
1706675292.900000256 997.4553 2065.3604 9.6251 0 0 0 0
1706675293.260000064 997.4290 2065.7215 9.6089 0 0 0 0
1706675293.589999783 997.4177 2066.3509 9.5856 0 0 0 0
1706675293.840000313 997.4177 2066.3509 9.5856 0 0 0 0
1706675294.120000303 997.4114 2066.6447 9.6053 0 0 0 0
1706675294.529999839 997.3868 2066.9457 9.5774 0 0 0 0
1706675294.900000095 997.3755 2067.3340 9.5759 0 0 0 0
1706675295.240000263 997.3889 2067.7309 9.5788 0 0 0 0
1706675295.600000070 997.3764 2068.0475 9.5406 0 0 0 0
1706675296.109999693 997.3811 2068.5530 9.5342 0 0 0 0
1706675296.619999944 997.3761 2068.9168 9.5508 0 0 0 0
1706675297.140000015 997.3257 2069.4660 9.5417 0 0 0 0
1706675297.620000178 997.2866 2070.0328 9.5171 0 0 0 0
1706675297.879999899 997.2278 2070.4105 9.4839 0 0 0 0
1706675298.159999889 997.1998 2070.9142 9.4607 0 0 0 0
1706675298.320000153 997.1998 2070.9142 9.4607 0 0 0 0
1706675298.589999694 997.1889 2071.1283 9.4827 0 0 0 0
1706675298.819999956 997.1631 2071.4257 9.4520 0 0 0 0
1706675298.969999771 997.1432 2071.5944 9.4662 0 0 0 0
1706675299.190000212 997.1325 2071.8221 9.4662 0 0 0 0
1706675299.410000024 997.1217 2072.0566 9.4397 0 0 0 0
1706675299.589999928 997.1087 2072.2309 9.4472 0 0 0 0
1706675299.799999921 997.0803 2072.4398 9.4389 0 0 0 0
1706675299.990000273 997.0479 2072.6425 9.4272 0 0 0 0
1706675300.179999997 997.0333 2072.8476 9.4376 0 0 0 0
1706675300.380000169 997.0325 2073.0235 9.4182 0 0 0 0
1706675300.639999891 997.0402 2073.2330 9.4105 0 0 0 0
1706675300.859999703 997.0353 2073.4402 9.4242 0 0 0 0
1706675301.120000053 997.0080 2073.8059 9.4043 0 0 0 0
1706675301.229999959 997.0080 2073.8059 9.4043 0 0 0 0
1706675301.449999772 996.9983 2074.0004 9.4143 0 0 0 0
1706675301.719999942 997.0002 2074.2569 9.3864 0 0 0 0
1706675301.939999755 996.9985 2074.4752 9.4018 0 0 0 0
1706675302.160000196 996.9796 2074.6927 9.3805 0 0 0 0
1706675302.419999917 996.9628 2074.9664 9.3782 0 0 0 0
1706675302.720000176 996.9665 2075.3029 9.3541 0 0 0 0
1706675302.960000257 996.9838 2075.6397 9.3504 0 0 0 0
1706675303.219999978 996.9793 2075.8669 9.3386 0 0 0 0
1706675303.460000060 996.9681 2076.0490 9.3187 0 0 0 0
1706675303.740000050 996.9633 2076.3687 9.3251 0 0 0 0
1706675303.940000222 996.9699 2076.6032 9.2924 0 0 0 0
1706675304.150000215 996.9706 2076.7781 9.3050 0 0 0 0
1706675304.339999938 996.9430 2077.1590 9.2853 0 0 0 0
1706675304.489999753 996.9430 2077.1590 9.2853 0 0 0 0
1706675304.680000106 996.9217 2077.3792 9.2962 0 0 0 0
1706675304.890000098 996.9098 2077.6150 9.2719 0 0 0 0
1706675305.100000091 996.9111 2077.8145 9.2564 0 0 0 0
1706675305.319999903 996.9015 2078.1307 9.2704 0 0 0 0
1706675305.489999987 996.9015 2078.1307 9.2704 0 0 0 0
1706675305.720000248 996.8803 2078.4561 9.2630 0 0 0 0
1706675305.930000241 996.8736 2078.6296 9.2765 0 0 0 0
1706675306.159999873 996.8729 2078.8590 9.2547 0 0 0 0
1706675306.450000312 996.8726 2079.1762 9.2723 0 0 0 0
1706675306.759999762 996.8565 2079.5072 9.2329 0 0 0 0
1706675307.069999841 996.8540 2079.7967 9.2419 0 0 0 0
1706675307.340000011 996.8585 2080.1436 9.2033 0 0 0 0
1706675307.629999821 996.8359 2080.4536 9.2148 0 0 0 0
1706675307.860000082 996.8126 2080.6354 9.1850 0 0 0 0
1706675308.089999715 996.7705 2081.0912 9.1799 0 0 0 0
1706675308.210000070 996.7705 2081.0912 9.1799 0 0 0 0
1706675308.410000242 996.7545 2081.2706 9.1586 0 0 0 0
1706675308.609999786 996.7254 2081.4863 9.1780 0 0 0 0
1706675308.830000227 996.7054 2081.6625 9.1670 0 0 0 0
1706675309.040000220 996.6663 2081.8757 9.1466 0 0 0 0
1706675309.220000124 996.6380 2082.0450 9.1572 0 0 0 0
1706675309.479999845 996.6057 2082.3604 9.1192 0 0 0 0
1706675309.710000106 996.5981 2082.5419 9.1307 0 0 0 0
1706675309.899999830 996.5869 2082.7549 9.1306 0 0 0 0
1706675310.120000271 996.5741 2082.9282 9.1149 0 0 0 0
1706675310.370000172 996.5589 2083.2325 9.1303 0 0 0 0
1706675310.629999894 996.5554 2083.4623 9.0913 0 0 0 0
1706675310.860000155 996.5590 2083.6660 9.0893 0 0 0 0
1706675311.129999696 996.5529 2084.0106 9.0906 0 0 0 0
1706675311.339999689 996.5440 2084.2132 9.0633 0 0 0 0
1706675311.600000039 996.5378 2084.5355 9.0723 0 0 0 0
1706675311.789999763 996.5395 2084.7217 9.0552 0 0 0 0
1706675311.919999938 996.5305 2084.9451 9.0653 0 0 0 0
1706675312.040000292 996.5207 2085.0306 9.0722 0 0 0 0
1706675312.250000285 996.4990 2085.2056 9.0537 0 0 0 0
1706675312.510000006 996.4755 2085.4319 9.0550 0 0 0 0
1706675312.729999819 996.4679 2085.6123 9.0586 0 0 0 0
1706675312.950000260 996.4677 2085.7873 9.0364 0 0 0 0
1706675313.200000161 996.4674 2086.0803 9.0623 0 0 0 0
1706675313.389999885 996.4618 2086.2975 9.0418 0 0 0 0
1706675313.629999966 996.4571 2086.4907 9.0447 0 0 0 0
1706675313.919999776 996.4593 2086.8172 9.0357 0 0 0 0
1706675314.129999769 996.4732 2087.0603 9.0260 0 0 0 0
1706675314.439999848 996.4661 2087.3497 9.0230 0 0 0 0
1706675314.730000286 996.4624 2087.6492 9.0080 0 0 0 0
1706675315.039999736 996.4752 2087.9782 8.9952 0 0 0 0
1706675315.200000000 996.4777 2088.1664 8.9873 0 0 0 0
1706675315.400000173 996.4469 2088.4913 8.9893 0 0 0 0
1706675315.589999896 996.4389 2088.5936 8.9759 0 0 0 0
1706675315.799999889 996.4265 2088.7826 8.9835 0 0 0 0
1706675316.060000239 996.4313 2089.0267 8.9813 0 0 0 0
1706675316.459999955 996.4437 2089.3429 8.9500 0 0 0 0
1706675316.879999940 996.4373 2089.7873 8.9292 0 0 0 0
1706675317.260000017 996.4128 2090.1864 8.9365 0 0 0 0
1706675317.619999824 996.4181 2090.5594 8.9080 0 0 0 0
1706675318.060000078 996.3947 2090.9930 8.8943 0 0 0 0
1706675318.459999794 996.3258 2091.7802 8.8835 0 0 0 0
1706675318.830000050 996.3258 2091.7802 8.8835 0 0 0 0
1706675319.270000304 996.3009 2092.1503 8.8708 0 0 0 0
1706675319.760000287 996.3078 2092.6756 8.8529 0 0 0 0
1706675320.209999732 996.2989 2093.5061 8.8285 0 0 0 0
1706675320.449999813 996.2989 2093.5061 8.8285 0 0 0 0
1706675320.909999707 996.2869 2093.8707 8.8090 0 0 0 0
1706675321.209999966 996.2804 2094.2818 8.8190 0 0 0 0
1706675321.610000310 996.2699 2094.5539 8.7925 0 0 0 0
1706675322.019999847 996.2832 2094.9703 8.7799 0 0 0 0
1706675322.380000283 996.2753 2095.3256 8.7883 0 0 0 0
1706675322.730000271 996.2329 2095.7437 8.7671 0 0 0 0
1706675323.029999901 996.2223 2096.0483 8.7447 0 0 0 0
1706675323.349999799 996.2128 2096.3546 8.7320 0 0 0 0
1706675323.750000144 996.1740 2096.7916 8.7076 0 0 0 0
1706675324.119999772 996.1252 2097.2528 8.6997 0 0 0 0
1706675324.420000031 996.1197 2097.5620 8.6890 0 0 0 0
1706675324.709999841 996.1179 2097.8962 8.6929 0 0 0 0
1706675324.989999831 996.1023 2098.1999 8.6901 0 0 0 0
1706675325.269999821 996.1011 2098.4889 8.6821 0 0 0 0
1706675325.549999811 996.1050 2098.7767 8.6864 0 0 0 0
1706675325.799999712 996.0662 2099.2124 8.6611 0 0 0 0
1706675326.139999880 996.0279 2099.6094 8.6527 0 0 0 0
1706675326.359999692 996.0279 2099.6094 8.6527 0 0 0 0
1706675326.960000210 995.9922 2100.1271 8.6425 0 0 0 0
1706675327.429999923 995.9173 2100.6427 8.6336 0 0 0 0
1706675327.779999911 995.8722 2101.0980 8.6274 0 0 0 0
1706675328.059999901 995.8337 2101.4733 8.5942 0 0 0 0
1706675328.570000152 995.8415 2101.9152 8.5820 0 0 0 0
1706675328.929999960 995.8644 2102.3559 8.5767 0 0 0 0
1706675329.359999765 995.8605 2102.8760 8.5592 0 0 0 0
1706675329.830000107 995.8495 2103.2608 8.5498 0 0 0 0
1706675330.110000097 995.8305 2103.5311 8.5586 0 0 0 0
1706675330.469999905 995.8098 2103.7690 8.5547 0 0 0 0
1706675330.899999710 995.7722 2104.0225 8.5811 0 0 0 0
1706675331.169999880 995.8115 2104.2502 8.5787 0 0 0 0
1706675331.449999870 995.8551 2104.3688 8.5789 0 0 0 0
1706675331.689999951 995.8775 2104.4249 8.5788 0 0 0 0
1706675332.090000296 995.9189 2104.4203 8.5686 0 0 0 0
1706675332.520000101 995.9585 2104.3305 8.5705 0 0 0 0
1706675332.909999997 995.9907 2104.2394 8.5602 0 0 0 0
1706675333.290000074 995.9662 2104.1855 8.5474 0 0 0 0
1706675333.649999881 995.9506 2104.1751 8.5336 0 0 0 0
1706675333.980000229 995.9422 2104.1543 8.5240 0 0 0 0
1706675334.389999765 995.9554 2104.1060 8.5069 0 0 0 0
1706675334.739999752 995.9919 2104.0465 8.5010 0 0 0 0
1706675335.119999829 996.0185 2103.8774 8.5067 0 0 0 0
1706675335.499999905 996.0312 2103.6784 8.5260 0 0 0 0
1706675335.989999888 996.0659 2103.5255 8.5329 0 0 0 0
1706675336.589999776 996.0477 2103.1739 8.5284 0 0 0 0
1706675336.990000121 995.9868 2102.7568 8.5710 0 0 0 0
1706675337.429999746 996.0332 2102.4754 8.5945 0 0 0 0
1706675337.890000269 996.0428 2102.1335 8.5778 0 0 0 0
1706675338.240000256 996.0105 2101.7205 8.5810 0 0 0 0
1706675338.590000244 996.0379 2101.4128 8.6093 0 0 0 0
1706675338.989999960 996.0295 2101.1051 8.6034 0 0 0 0
1706675339.349999768 996.0023 2100.7861 8.6139 0 0 0 0
1706675339.650000026 995.9997 2100.4871 8.5990 0 0 0 0
1706675339.909999748 996.0189 2100.1283 8.6018 0 0 0 0
1706675340.340000181 996.0207 2099.8939 8.6175 0 0 0 0
1706675340.819999715 996.0274 2099.5824 8.6340 0 0 0 0
1706675341.299999878 996.0655 2099.2680 8.6829 0 0 0 0
1706675341.679999954 996.0563 2098.7919 8.7061 0 0 0 0
1706675342.139999848 996.0708 2098.3370 8.7017 0 0 0 0
1706675342.510000104 996.0825 2097.8085 8.7271 0 0 0 0
1706675342.739999737 996.0825 2097.8085 8.7271 0 0 0 0
1706675343.219999899 996.1146 2097.3065 8.7180 0 0 0 0
1706675343.539999798 996.1226 2096.9786 8.7390 0 0 0 0
1706675343.929999694 996.1216 2096.6799 8.7374 0 0 0 0
1706675344.220000133 996.1618 2096.3151 8.7418 0 0 0 0
1706675344.649999938 996.2223 2095.5860 8.7471 0 0 0 0
1706675344.960000017 996.2223 2095.5860 8.7471 0 0 0 0
1706675345.319999824 996.2363 2095.2013 8.7613 0 0 0 0
1706675345.729999989 996.2758 2094.8873 8.7812 0 0 0 0
1706675346.089999797 996.2855 2094.5271 8.7861 0 0 0 0
1706675346.539999871 996.3084 2094.1556 8.8134 0 0 0 0
1706675346.849999949 996.3413 2093.7841 8.8292 0 0 0 0
1706675347.269999934 996.3360 2093.3724 8.8107 0 0 0 0
1706675347.799999826 996.3292 2092.8285 8.8191 0 0 0 0
1706675348.219999811 996.3667 2092.4635 8.8686 0 0 0 0
1706675348.660000064 996.3687 2092.0680 8.8773 0 0 0 0
1706675348.940000054 996.3906 2091.5507 8.8799 0 0 0 0
1706675349.360000039 996.3944 2091.2781 8.8979 0 0 0 0
1706675349.740000116 996.3647 2090.8858 8.9070 0 0 0 0
1706675349.990000017 996.3661 2090.6030 8.9065 0 0 0 0
1706675350.260000187 996.3931 2090.3122 8.9084 0 0 0 0
1706675350.629999815 996.4261 2089.9956 8.8966 0 0 0 0
1706675351.039999980 996.4507 2089.6482 8.9102 0 0 0 0
1706675351.369999698 996.4990 2089.2937 8.9136 0 0 0 0
1706675351.749999775 996.5566 2088.9060 8.9317 0 0 0 0
1706675352.040000213 996.5849 2088.3688 8.9562 0 0 0 0
1706675352.199999848 996.5966 2088.1750 8.9577 0 0 0 0
1706675352.570000105 996.5955 2087.7910 8.9738 0 0 0 0
1706675352.880000183 996.5955 2087.7910 8.9738 0 0 0 0
1706675353.330000257 996.5531 2087.2705 9.0066 0 0 0 0
1706675353.860000148 996.5548 2086.5566 9.0177 0 0 0 0
1706675354.119999870 996.5548 2086.5566 9.0177 0 0 0 0
1706675354.569999943 996.5555 2086.1729 9.0470 0 0 0 0
1706675354.929999751 996.5926 2085.6270 9.0603 0 0 0 0
1706675355.199999921 996.5901 2085.3244 9.0469 0 0 0 0
1706675355.540000089 996.6032 2084.8531 9.0560 0 0 0 0
1706675355.780000170 996.6164 2084.4730 9.0830 0 0 0 0
1706675356.079999800 996.6164 2084.4730 9.0830 0 0 0 0
1706675356.419999967 996.6270 2084.0055 9.0814 0 0 0 0
1706675356.860000221 996.6585 2083.5957 9.0768 0 0 0 0
1706675357.320000115 996.7416 2082.7896 9.1053 0 0 0 0
1706675357.630000194 996.7416 2082.7896 9.1053 0 0 0 0
1706675357.980000181 996.7692 2082.4181 9.1193 0 0 0 0
1706675358.319999720 996.8082 2082.0614 9.1414 0 0 0 0
1706675358.750000154 996.8118 2081.7500 9.1278 0 0 0 0
1706675359.219999867 996.8393 2081.2031 9.1381 0 0 0 0
1706675359.660000121 996.8848 2080.7539 9.1644 0 0 0 0
1706675360.059999838 996.8865 2080.2716 9.1966 0 0 0 0
1706675360.560000269 996.8910 2079.8957 9.1982 0 0 0 0
1706675361.009999714 996.8922 2079.3517 9.2090 0 0 0 0
1706675361.389999790 996.8923 2078.9320 9.2204 0 0 0 0
1706675361.750000226 996.9192 2078.4998 9.2472 0 0 0 0
1706675362.170000211 996.9299 2078.0416 9.2397 0 0 0 0
1706675362.609999836 996.9400 2077.6403 9.2527 0 0 0 0
1706675362.910000095 996.9837 2077.2860 9.2851 0 0 0 0
1706675363.159999996 997.0077 2076.9867 9.2726 0 0 0 0
1706675363.549999893 997.0105 2076.5913 9.2983 0 0 0 0
1706675363.759999885 997.0387 2076.2488 9.3221 0 0 0 0
1706675364.079999784 997.0387 2076.2488 9.3221 0 0 0 0
1706675364.389999863 997.0517 2075.8517 9.3167 0 0 0 0
1706675364.870000025 997.0571 2075.4152 9.3270 0 0 0 0
1706675365.229999833 997.0836 2075.0249 9.3485 0 0 0 0
1706675365.530000092 997.0774 2074.7302 9.3353 0 0 0 0
1706675365.889999899 997.0574 2074.3789 9.3674 0 0 0 0
1706675366.220000247 997.0597 2074.0100 9.3655 0 0 0 0
1706675366.529999697 997.0618 2073.7097 9.3918 0 0 0 0
1706675366.739999689 997.0446 2073.3867 9.3867 0 0 0 0
1706675366.930000042 997.0461 2073.1652 9.4066 0 0 0 0
1706675367.100000125 997.0472 2072.9890 9.3976 0 0 0 0
1706675367.359999847 997.0698 2072.7835 9.4198 0 0 0 0
1706675367.690000194 997.0838 2072.4626 9.4335 0 0 0 0
1706675368.089999910 997.0753 2072.1152 9.4557 0 0 0 0
1706675368.439999898 997.0946 2071.7704 9.4334 0 0 0 0
1706675368.789999885 997.1663 2071.1477 9.4435 0 0 0 0
1706675369.039999787 997.1663 2071.1477 9.4435 0 0 0 0
1706675369.379999954 997.1953 2070.7369 9.4729 0 0 0 0
1706675369.780000299 997.2437 2070.3532 9.4812 0 0 0 0
1706675370.119999838 997.2986 2070.0177 9.4672 0 0 0 0
1706675370.429999917 997.3236 2069.7158 9.4737 0 0 0 0
1706675370.639999909 997.3477 2069.3934 9.4532 0 0 0 0
1706675370.910000079 997.3930 2069.0933 9.4809 0 0 0 0
1706675371.159999981 997.4294 2068.8906 9.4789 0 0 0 0
1706675371.509999968 997.4633 2068.5964 9.4872 0 0 0 0
1706675371.789999958 997.4710 2068.3260 9.5169 0 0 0 0
1706675372.139999946 997.5103 2068.0465 9.5355 0 0 0 0
1706675372.569999751 997.5195 2067.6721 9.5285 0 0 0 0
1706675373.010000004 997.5052 2067.2833 9.5610 0 0 0 0
1706675373.359999992 997.4916 2066.8791 9.5790 0 0 0 0
1706675373.660000251 997.4550 2066.4788 9.5678 0 0 0 0
1706675373.880000063 997.4410 2066.0299 9.5754 0 0 0 0
1706675374.129999964 997.4410 2066.0299 9.5754 0 0 0 0
1706675374.479999952 997.4470 2065.7082 9.5831 0 0 0 0
1706675374.909999757 997.4484 2065.1600 9.5824 0 0 0 0
1706675375.300000282 997.4649 2064.7406 9.5966 0 0 0 0
1706675375.679999730 997.5078 2064.4401 9.6159 0 0 0 0
1706675376.080000075 997.5476 2064.0510 9.6116 0 0 0 0
1706675376.430000062 997.5716 2063.6848 9.6296 0 0 0 0
1706675376.780000050 997.6056 2063.3833 9.6492 0 0 0 0
1706675377.239999943 997.6078 2063.0157 9.6366 0 0 0 0
1706675377.659999928 997.6012 2062.6476 9.6626 0 0 0 0
1706675378.149999911 997.6311 2062.1578 9.6837 0 0 0 0
1706675378.569999896 997.6278 2061.6941 9.6957 0 0 0 0
1706675379.089999967 997.6474 2061.1938 9.7136 0 0 0 0
1706675379.530000221 997.6574 2060.7313 9.7242 0 0 0 0
1706675379.820000031 997.6621 2060.3143 9.7358 0 0 0 0
1706675380.100000021 997.6749 2059.9827 9.7563 0 0 0 0
1706675380.410000100 997.6735 2059.6444 9.7419 0 0 0 0
1706675380.779999727 997.6643 2059.3259 9.7783 0 0 0 0
1706675381.159999804 997.6786 2058.8920 9.7682 0 0 0 0
1706675381.469999882 997.6881 2058.4323 9.7819 0 0 0 0
1706675381.929999776 997.7130 2058.0158 9.8066 0 0 0 0
1706675382.220000215 997.7542 2057.7060 9.7911 0 0 0 0
1706675382.559999754 997.7954 2057.4051 9.8099 0 0 0 0
1706675382.909999741 997.8617 2056.9184 9.8092 0 0 0 0
1706675383.210000000 997.9069 2056.6062 9.7978 0 0 0 0
1706675383.539999719 997.9406 2056.3257 9.8377 0 0 0 0
1706675383.989999793 997.9386 2055.9079 9.8374 0 0 0 0
1706675384.379999689 997.9239 2055.5238 9.8265 0 0 0 0
1706675384.730000305 997.9443 2055.1107 9.8553 0 0 0 0
1706675385.029999935 997.9409 2054.5566 9.8703 0 0 0 0
1706675385.249999748 997.9422 2054.3405 9.8661 0 0 0 0
1706675385.470000189 997.9422 2054.3405 9.8661 0 0 0 0
1706675385.839999816 997.9866 2053.9167 9.9101 0 0 0 0
1706675386.189999804 998.0019 2053.4190 9.8958 0 0 0 0
1706675386.450000154 998.0102 2053.0838 9.8995 0 0 0 0
1706675386.859999690 998.0123 2052.7533 9.9047 0 0 0 0
1706675387.320000213 997.9978 2052.3360 9.8931 0 0 0 0
1706675387.740000198 997.9621 2051.8810 9.9245 0 0 0 0
1706675388.160000183 997.9366 2051.3307 9.9388 0 0 0 0
1706675388.459999813 997.9132 2050.6883 9.9484 0 0 0 0
1706675388.839999889 997.9132 2050.6883 9.9484 0 0 0 0
1706675389.289999963 997.9468 2050.2344 9.9465 0 0 0 0
1706675389.789999765 997.9852 2049.7130 9.9447 0 0 0 0
1706675390.290000197 998.0467 2049.2006 9.9642 0 0 0 0
1706675390.699999733 998.0752 2048.6579 9.9610 0 0 0 0
1706675390.979999723 998.0866 2048.2714 9.9869 0 0 0 0
1706675391.380000068 998.1376 2047.8848 10.0222 0 0 0 0
1706675391.830000142 998.1569 2047.4351 10.0084 0 0 0 0
1706675392.119999952 998.1830 2047.1172 10.0341 0 0 0 0
1706675392.539999937 998.2349 2046.8274 10.0446 0 0 0 0
1706675392.999999830 998.2665 2046.3013 10.0516 0 0 0 0
1706675393.330000178 998.2830 2045.8055 10.0406 0 0 0 0
1706675393.619999988 998.2950 2045.5194 10.0603 0 0 0 0
1706675394.070000062 998.2933 2045.0665 10.0535 0 0 0 0
1706675394.520000136 998.2893 2044.6159 10.0645 0 0 0 0
1706675394.919999852 998.3093 2044.1549 10.0938 0 0 0 0
1706675395.269999839 998.3050 2043.7737 10.0992 0 0 0 0
1706675395.659999736 998.3227 2043.3373 10.0742 0 0 0 0
1706675395.969999814 998.3305 2043.0761 10.1051 0 0 0 0
1706675396.389999799 998.3394 2042.6085 10.1027 0 0 0 0
1706675396.739999787 998.3563 2042.1788 10.0900 0 0 0 0
1706675397.049999866 998.3881 2041.7343 10.0987 0 0 0 0
1706675397.399999853 998.3736 2041.3118 10.1037 0 0 0 0
1706675397.690000292 998.3650 2041.0189 10.1044 0 0 0 0
1706675398.120000097 998.3731 2040.6077 10.1328 0 0 0 0
1706675398.470000084 998.3675 2040.2292 10.1233 0 0 0 0
1706675398.789999983 998.3704 2039.8350 10.1467 0 0 0 0
1706675399.060000153 998.3764 2039.5376 10.1717 0 0 0 0
1706675399.349999963 998.3804 2039.2155 10.1619 0 0 0 0
1706675399.660000042 998.3922 2038.8917 10.1938 0 0 0 0
1706675400.000000210 998.4203 2038.5756 10.1664 0 0 0 0
1706675400.310000288 998.4620 2038.2405 10.1875 0 0 0 0
1706675400.740000093 998.4949 2037.7815 10.1832 0 0 0 0
1706675401.109999721 998.5156 2037.4657 10.1804 0 0 0 0
1706675401.489999797 998.5584 2037.0985 10.2086 0 0 0 0
1706675401.869999873 998.5848 2036.5802 10.2145 0 0 0 0
1706675402.289999858 998.6608 2035.7841 10.2063 0 0 0 0
1706675402.660000115 998.6608 2035.7841 10.2063 0 0 0 0
1706675403.110000188 998.6407 2035.1864 10.2136 0 0 0 0
1706675403.439999907 998.6460 2034.8021 10.2191 0 0 0 0
1706675403.749999986 998.6465 2034.5067 10.2494 0 0 0 0
1706675404.079999705 998.6425 2034.1482 10.2539 0 0 0 0
1706675404.489999870 998.6509 2033.7123 10.2422 0 0 0 0
1706675404.869999946 998.6774 2033.2135 10.2425 0 0 0 0
1706675405.320000020 998.6760 2032.7547 10.2624 0 0 0 0
1706675405.690000276 998.7213 2032.3544 10.2584 0 0 0 0
1706675405.959999817 998.7785 2031.9230 10.2595 0 0 0 0
1706675406.419999711 998.8037 2031.4460 10.2851 0 0 0 0
1706675406.759999879 998.8497 2031.0186 10.2874 0 0 0 0
1706675407.079999777 998.8715 2030.8011 10.2816 0 0 0 0
1706675407.389999856 998.9010 2030.3580 10.2991 0 0 0 0
1706675407.680000295 998.9219 2030.0111 10.2849 0 0 0 0
1706675408.129999740 998.9803 2029.5422 10.3079 0 0 0 0
1706675408.530000085 999.0052 2029.2321 10.3115 0 0 0 0
1706675409.050000156 999.0598 2028.6752 10.3211 0 0 0 0
1706675409.409999964 999.0464 2028.2066 10.3215 0 0 0 0
1706675409.720000043 999.0403 2027.8174 10.3497 0 0 0 0
1706675410.049999761 999.0503 2027.4714 10.3323 0 0 0 0
1706675410.329999751 999.0396 2027.0820 10.3271 0 0 0 0
1706675410.730000096 999.0031 2026.7232 10.3322 0 0 0 0
1706675411.080000084 998.9952 2026.2972 10.3346 0 0 0 0
1706675411.439999891 999.0120 2025.8716 10.3583 0 0 0 0
1706675411.789999879 999.0001 2025.4868 10.3488 0 0 0 0
1706675412.120000226 999.0059 2025.1057 10.3454 0 0 0 0
1706675412.449999945 999.0382 2024.7920 10.3550 0 0 0 0
1706675412.809999753 999.0589 2024.3788 10.3300 0 0 0 0
1706675413.130000280 999.0675 2024.1056 10.3600 0 0 0 0
1706675413.649999723 999.1105 2023.5794 10.3643 0 0 0 0
1706675414.010000159 999.1427 2023.1326 10.3567 0 0 0 0
1706675414.519999782 999.1667 2022.7204 10.3541 0 0 0 0
1706675414.810000220 999.1994 2022.3025 10.3608 0 0 0 0
1706675415.240000025 999.2167 2021.8553 10.3622 0 0 0 0
1706675415.629999922 999.2761 2021.4281 10.3471 0 0 0 0
1706675416.030000267 999.3465 2020.9671 10.3567 0 0 0 0
1706675416.420000163 999.3898 2020.5544 10.3751 0 0 0 0
1706675416.810000059 999.4362 2020.1245 10.3777 0 0 0 0
1706675417.129999958 999.4503 2019.8237 10.3813 0 0 0 0
1706675417.440000037 999.4609 2019.2049 10.3878 0 0 0 0
1706675417.750000115 999.4609 2019.2049 10.3878 0 0 0 0
1706675418.070000014 999.4792 2018.8373 10.4064 0 0 0 0
1706675418.340000184 999.4728 2018.4798 10.3846 0 0 0 0
1706675418.459999911 999.4609 2018.2964 10.4075 0 0 0 0
1706675418.889999716 999.4526 2017.9873 10.3975 0 0 0 0
1706675419.199999794 999.4524 2017.7070 10.4258 0 0 0 0
1706675419.600000139 999.4361 2017.3631 10.3999 0 0 0 0
1706675419.940000307 999.4409 2016.9195 10.4145 0 0 0 0
1706675420.209999848 999.4831 2016.6346 10.4110 0 0 0 0
1706675420.529999747 999.5042 2016.2964 10.3948 0 0 0 0
1706675421.049999818 999.5178 2015.8129 10.4339 0 0 0 0
1706675421.450000163 999.5736 2015.3747 10.4436 0 0 0 0
1706675421.749999793 999.6055 2015.0009 10.4256 0 0 0 0
1706675422.010000143 999.6172 2014.6823 10.4535 0 0 0 0
1706675422.350000311 999.6195 2014.3672 10.4503 0 0 0 0
1706675422.829999845 999.5908 2013.9472 10.4489 0 0 0 0
1706675423.279999918 999.5710 2013.3989 10.4540 0 0 0 0
1706675423.589999997 999.5881 2013.0511 10.4603 0 0 0 0
1706675423.909999896 999.5833 2012.7295 10.4522 0 0 0 0
1706675424.280000152 999.5648 2012.3546 10.4913 0 0 0 0
1706675424.819999863 999.5740 2011.9741 10.4766 0 0 0 0
1706675425.120000122 999.5862 2011.3748 10.4741 0 0 0 0
1706675425.400000112 999.6041 2011.0413 10.5042 0 0 0 0
1706675425.640000193 999.6360 2010.7133 10.5068 0 0 0 0
1706675426.009999821 999.6609 2010.3858 10.5116 0 0 0 0
1706675426.289999811 999.6700 2010.0311 10.5120 0 0 0 0
1706675426.739999885 999.7034 2009.5852 10.4922 0 0 0 0
1706675427.089999872 999.7229 2009.2411 10.5132 0 0 0 0
1706675427.479999769 999.7119 2008.7879 10.5092 0 0 0 0
1706675427.829999756 999.7269 2008.3758 10.5031 0 0 0 0
1706675428.190000192 999.7496 2008.0392 10.5272 0 0 0 0
1706675428.589999909 999.7705 2007.5760 10.5104 0 0 0 0
1706675428.920000256 999.8083 2007.1624 10.5031 0 0 0 0
1706675429.329999792 999.8427 2006.4502 10.4942 0 0 0 0
1706675429.490000056 999.8427 2006.4502 10.4942 0 0 0 0
1706675430.010000127 999.8454 2005.9725 10.5015 0 0 0 0
1706675430.400000024 999.8672 2005.5821 10.5215 0 0 0 0
1706675430.810000189 999.8780 2005.0753 10.5181 0 0 0 0
1706675431.219999725 999.9108 2004.6523 10.5082 0 0 0 0
1706675431.629999890 999.9380 2004.2718 10.5266 0 0 0 0
1706675432.009999966 999.9362 2003.8778 10.5388 0 0 0 0
1706675432.420000131 999.9750 2003.4965 10.5121 0 0 0 0
1706675432.789999759 1000.0143 2003.1393 10.4879 0 0 0 0
1706675433.129999926 1000.0331 2002.8201 10.4793 0 0 0 0
1706675433.169999835 1000.0331 2002.8201 10.4793 0 0 0 0
1706675433.559999731 1000.0959 2002.6216 10.3879 0 0 0 0
1706675433.990000165 1000.1152 2002.4224 10.2222 0 0 0 0
1706675434.319999884 1000.0781 2002.3093 10.1332 0 0 0 0
1706675434.370000241 1000.0781 2002.3093 10.1332 0 0 0 0
1706675434.790000226 1000.0827 2002.3276 10.1175 0 0 0 0
1706675435.210000211 1000.0963 2002.3551 10.1081 0 0 0 0