1706674140.780000295 1000.0069 2002.2445 10.1106 0 0 0 0
1706674141.060000286 1000.0069 2002.2446 10.1105 0 0 0 0
1706674141.429999913 1000.0068 2002.2445 10.1105 0 0 0 0
1706674141.690000263 1000.0068 2002.2445 10.1105 0 0 0 0
1706674142.169999797 1000.0067 2002.2445 10.1104 0 0 0 0
1706674142.530000233 1000.0069 2002.2445 10.1106 0 0 0 0
1706674142.920000129 1000.0070 2002.2446 10.1108 0 0 0 0
1706674143.380000023 1000.0070 2002.2446 10.1107 0 0 0 0
1706674143.779999739 1000.0070 2002.2447 10.1107 0 0 0 0
1706674144.079999998 1000.0069 2002.2446 10.1106 0 0 0 0
1706674144.560000161 1000.0070 2002.2446 10.1107 0 0 0 0
1706674144.940000237 1000.0070 2002.2446 10.1107 0 0 0 0
1706674145.349999773 1000.0070 2002.2446 10.1108 0 0 0 0
1706674145.589999855 1000.0070 2002.2446 10.1108 0 0 0 0
1706674146.079999837 1000.0069 2002.2446 10.1105 0 0 0 0
1706674146.529999911 1000.0070 2002.2445 10.1106 0 0 0 0
1706674146.900000167 1000.0069 2002.2447 10.1106 0 0 0 0
1706674147.309999703 1000.0069 2002.2446 10.1107 0 0 0 0
1706674147.799999686 1000.0069 2002.2446 10.1106 0 0 0 0
1706674148.230000120 1000.0069 2002.2446 10.1106 0 0 0 0
1706674148.610000196 1000.0069 2002.2446 10.1106 0 0 0 0
1706674148.860000097 1000.0069 2002.2445 10.1106 0 0 0 0
1706674149.119999819 1000.0070 2002.2446 10.1106 0 0 0 0
1706674149.350000080 1000.0069 2002.2446 10.1106 0 0 0 0
1706674149.679999799 1000.0070 2002.2446 10.1107 0 0 0 0
1706674149.910000060 1000.0069 2002.2445 10.1107 0 0 0 0
1706674150.180000230 1000.0070 2002.2446 10.1107 0 0 0 0
1706674150.470000040 1000.0069 2002.2445 10.1106 0 0 0 0
1706674150.929999934 1000.0070 2002.2446 10.1107 0 0 0 0
1706674151.400000276 1000.0068 2002.2446 10.1105 0 0 0 0
1706674151.669999817 1000.0068 2002.2446 10.1105 0 0 0 0
1706674152.000000165 1000.0067 2002.2447 10.1109 0 0 0 0
1706674152.350000152 1000.0460 2002.2965 10.2266 0 0 0 0
1706674152.880000044 1000.0827 2002.4059 10.6455 0 0 0 0
1706674153.260000120 999.8909 2002.8661 10.7746 0 0 0 0
1706674153.549999930 999.8909 2002.8661 10.7746 0 0 0 0
1706674153.869999829 999.8158 2003.2148 10.7628 0 0 0 0
1706674154.139999999 999.7054 2003.7553 10.7273 0 0 0 0
1706674154.720000247 999.6131 2004.3667 10.7204 0 0 0 0
1706674155.049999966 999.5553 2004.9441 10.7003 0 0 0 0
1706674155.469999951 999.4739 2005.5640 10.6810 0 0 0 0
1706674155.730000301 999.4690 2006.2651 10.6524 0 0 0 0
1706674156.200000015 999.4197 2006.8900 10.6446 0 0 0 0
1706674156.580000091 999.4339 2007.5587 10.6327 0 0 0 0
1706674157.070000074 999.3735 2008.2298 10.6412 0 0 0 0
1706674157.369999704 999.3727 2009.2302 10.6243 0 0 0 0
1706674157.730000140 999.3727 2009.2302 10.6243 0 0 0 0
1706674158.099999768 999.3228 2009.9704 10.6140 0 0 0 0
1706674158.420000295 999.3301 2010.6081 10.6000 0 0 0 0
1706674158.840000280 999.2730 2011.2949 10.5999 0 0 0 0
1706674159.120000270 999.2323 2011.7679 10.6302 0 0 0 0
1706674159.419999900 999.1913 2012.2687 10.5931 0 0 0 0
1706674159.680000250 999.1110 2012.7480 10.5938 0 0 0 0
1706674159.949999792 999.0454 2013.2213 10.6277 0 0 0 0
1706674160.310000228 999.0255 2013.7431 10.5785 0 0 0 0
1706674160.590000218 998.9517 2014.2349 10.5761 0 0 0 0
1706674160.770000122 998.8863 2014.8644 10.5771 0 0 0 0
1706674160.929999757 998.8863 2014.8644 10.5771 0 0 0 0
1706674161.150000198 998.8409 2015.2045 10.5649 0 0 0 0
1706674161.519999825 998.7499 2015.6728 10.5552 0 0 0 0
1706674161.869999813 998.7272 2016.1642 10.5903 0 0 0 0
1706674162.200000160 998.7051 2016.6873 10.5487 0 0 0 0
1706674162.569999788 998.6438 2017.3199 10.5438 0 0 0 0
1706674162.989999773 998.6500 2017.9575 10.5324 0 0 0 0
1706674163.290000032 998.5599 2018.7346 10.5282 0 0 0 0
1706674163.619999751 998.5465 2019.3034 10.5434 0 0 0 0
1706674163.959999918 998.5098 2019.8457 10.5253 0 0 0 0
1706674164.239999908 998.4302 2020.3752 10.5055 0 0 0 0
1706674164.589999896 998.4172 2020.8972 10.5255 0 0 0 0
1706674164.860000066 998.3495 2021.5477 10.5304 0 0 0 0
1706674165.280000051 998.2907 2022.0874 10.5181 0 0 0 0
1706674165.550000221 998.2976 2022.7560 10.5038 0 0 0 0
1706674166.019999934 998.2409 2023.4021 10.5443 0 0 0 0
1706674166.330000013 998.2332 2023.9885 10.5254 0 0 0 0
1706674166.789999907 998.1593 2024.6797 10.5249 0 0 0 0
1706674167.090000166 998.0611 2025.1999 10.5612 0 0 0 0
1706674167.400000244 997.9975 2025.6873 10.5120 0 0 0 0
1706674167.699999874 997.9212 2026.1633 10.5102 0 0 0 0
1706674168.070000131 997.8998 2026.6504 10.5298 0 0 0 0
1706674168.350000121 997.8978 2027.1775 10.4729 0 0 0 0
1706674168.690000288 997.8299 2027.8974 10.4699 0 0 0 0
1706674169.160000002 997.8202 2028.3920 10.4980 0 0 0 0
1706674169.559999718 997.8067 2029.1058 10.5109 0 0 0 0
1706674169.909999706 997.6874 2029.7448 10.4968 0 0 0 0
1706674170.209999965 997.6453 2030.3985 10.4662 0 0 0 0
1706674170.559999952 997.5693 2030.9097 10.4515 0 0 0 0
1706674170.870000031 997.5482 2031.3948 10.4727 0 0 0 0
1706674171.129999752 997.5225 2031.9167 10.4557 0 0 0 0
1706674171.469999920 997.4601 2032.4381 10.4294 0 0 0 0
1706674171.859999816 997.4226 2032.9542 10.4333 0 0 0 0
1706674172.339999978 997.2423 2034.5680 10.3919 0 0 0 0
1706674172.669999697 997.2423 2034.5680 10.3919 0 0 0 0
1706674173.020000313 997.1856 2035.2905 10.4061 0 0 0 0
1706674173.370000301 997.1336 2035.8434 10.4006 0 0 0 0
1706674173.709999840 997.0657 2036.8584 10.3551 0 0 0 0
1706674173.930000281 997.0657 2036.8584 10.3551 0 0 0 0
1706674174.269999820 997.0101 2037.3471 10.3690 0 0 0 0
1706674174.640000076 996.9776 2037.8594 10.3265 0 0 0 0
1706674175.009999704 996.8764 2038.5191 10.3176 0 0 0 0
1706674175.319999782 996.8202 2039.2202 10.2964 0 0 0 0
1706674175.750000216 996.7503 2039.8983 10.2953 0 0 0 0
1706674176.070000115 996.6793 2040.4193 10.3253 0 0 0 0
1706674176.310000196 996.6592 2040.9394 10.2693 0 0 0 0
1706674176.600000006 996.6055 2041.4633 10.2807 0 0 0 0
1706674176.819999819 996.5752 2042.0225 10.2787 0 0 0 0
1706674177.250000252 996.5588 2042.5367 10.2358 0 0 0 0
1706674177.649999969 996.4809 2043.2100 10.2140 0 0 0 0
1706674178.009999776 996.3891 2043.9305 10.1925 0 0 0 0
1706674178.359999764 996.3224 2044.3464 10.2198 0 0 0 0
1706674178.709999751 996.2196 2044.8648 10.1983 0 0 0 0
1706674179.000000190 996.1835 2045.5970 10.1540 0 0 0 0
1706674179.429999995 996.1209 2046.2689 10.1390 0 0 0 0
1706674179.849999980 996.0845 2046.9500 10.1206 0 0 0 0
1706674180.190000148 995.9991 2047.6163 10.1179 0 0 0 0
1706674180.659999861 995.9554 2048.2986 10.1123 0 0 0 0
1706674181.109999935 995.8781 2049.4853 10.1142 0 0 0 0
1706674181.459999923 995.8781 2049.4853 10.1142 0 0 0 0
1706674181.830000179 995.8442 2050.1382 10.0698 0 0 0 0
1706674182.250000164 995.7287 2050.9079 10.0672 0 0 0 0
1706674182.640000060 995.6906 2051.5773 10.0276 0 0 0 0
1706674182.889999961 995.6192 2052.2823 10.0143 0 0 0 0
1706674183.179999772 995.5816 2052.8588 10.0156 0 0 0 0
1706674183.580000116 995.5508 2053.3662 10.0158 0 0 0 0
1706674183.850000286 995.4747 2054.0558 9.9945 0 0 0 0
1706674184.200000274 995.4517 2054.5717 9.9467 0 0 0 0
1706674184.550000262 995.3899 2055.1999 9.9621 0 0 0 0
1706674184.989999887 995.3279 2055.8726 9.9617 0 0 0 0
1706674185.349999694 995.3042 2056.5302 9.9493 0 0 0 0
1706674185.750000039 995.2416 2057.2671 9.9222 0 0 0 0
1706674186.100000027 995.2030 2057.9139 9.8876 0 0 0 0
1706674186.669999827 995.0856 2058.8343 9.8946 0 0 0 0
1706674187.079999992 995.0467 2059.4588 9.8523 0 0 0 0
1706674187.479999708 994.9849 2060.1158 9.8294 0 0 0 0
1706674187.770000147 994.9834 2060.6734 9.8156 0 0 0 0
1706674188.059999957 994.9656 2061.1643 9.8483 0 0 0 0
1706674188.400000124 994.9178 2061.6360 9.8106 0 0 0 0
1706674188.839999749 994.9007 2062.2914 9.7755 0 0 0 0
1706674189.170000097 994.8158 2062.9045 9.8047 0 0 0 0
1706674189.359999821 994.7415 2063.3631 9.8239 0 0 0 0
1706674189.599999902 994.6996 2063.8089 9.7736 0 0 0 0
1706674190.049999976 994.6841 2064.5221 9.7364 0 0 0 0
1706674190.469999961 994.6590 2064.9884 9.7455 0 0 0 0
1706674190.889999946 994.5694 2065.6124 9.7346 0 0 0 0
1706674191.249999753 994.4682 2066.2231 9.7177 0 0 0 0
1706674191.680000187 994.4063 2066.7991 9.6698 0 0 0 0
1706674192.109999992 994.3229 2067.4402 9.6522 0 0 0 0
1706674192.499999888 994.2634 2068.0102 9.6468 0 0 0 0
1706674192.749999790 994.2143 2068.6478 9.6328 0 0 0 0
1706674193.010000139 994.1918 2069.0971 9.6119 0 0 0 0
1706674193.400000036 994.1731 2069.5741 9.5549 0 0 0 0
1706674193.759999843 994.1559 2070.0793 9.5581 0 0 0 0
1706674194.030000013 994.1242 2070.6101 9.5537 0 0 0 0
1706674194.289999735 994.0966 2071.0336 9.5228 0 0 0 0
1706674194.650000171 994.0406 2071.4339 9.5352 0 0 0 0
1706674194.919999712 993.9925 2071.8455 9.5311 0 0 0 0
1706674195.189999882 993.9765 2072.3660 9.4848 0 0 0 0
1706674195.499999961 993.9383 2072.9205 9.4828 0 0 0 0
1706674195.789999771 993.9091 2073.3710 9.4868 0 0 0 0
1706674196.010000212 993.9201 2073.8725 9.4247 0 0 0 0
1706674196.330000111 993.9503 2074.2432 9.4422 0 0 0 0
1706674196.610000101 993.8936 2074.7232 9.4186 0 0 0 0
1706674196.899999911 993.8862 2075.2519 9.4195 0 0 0 0
1706674197.200000170 993.8032 2075.7910 9.4508 0 0 0 0
1706674197.480000160 993.7073 2076.2787 9.4331 0 0 0 0
1706674197.849999787 993.6415 2076.8990 9.4180 0 0 0 0
1706674198.250000132 993.5401 2077.5273 9.4359 0 0 0 0
1706674198.619999760 993.4107 2078.0449 9.4076 0 0 0 0
1706674199.080000282 993.3407 2078.6459 9.3644 0 0 0 0
1706674199.410000001 993.2247 2079.3882 9.3410 0 0 0 0
1706674199.659999902 993.2301 2079.8295 9.3301 0 0 0 0
1706674199.879999715 993.2419 2080.0765 9.3180 0 0 0 0
1706674200.079999887 993.2911 2080.4659 9.3265 0 0 0 0
1706674200.310000149 993.2911 2080.4659 9.3265 0 0 0 0
1706674200.599999959 993.3085 2080.6484 9.3070 0 0 0 0
1706674201.040000212 993.2586 2080.8202 9.3020 0 0 0 0
1706674201.439999929 993.0277 2081.0596 9.2804 0 0 0 0
1706674201.770000276 992.8251 2081.3857 9.2687 0 0 0 0
1706674202.109999815 992.7929 2081.7993 9.2416 0 0 0 0
1706674202.480000071 992.8872 2082.1534 9.2489 0 0 0 0
1706674202.790000150 992.9659 2082.6259 9.2296 0 0 0 0
1706674203.129999689 993.0621 2083.0450 9.2047 0 0 0 0
1706674203.359999950 993.1172 2083.4100 9.1882 0 0 0 0
1706674203.550000302 993.1344 2083.7626 9.1787 0 0 0 0
1706674203.770000115 993.1195 2084.0387 9.1454 0 0 0 0
1706674204.029999836 993.1461 2084.4795 9.1526 0 0 0 0
1706674204.449999821 993.1191 2085.2771 9.0987 0 0 0 0
1706674204.729999811 993.1191 2085.2771 9.0987 0 0 0 0
1706674205.200000154 992.9989 2085.8745 9.1075 0 0 0 0
1706674205.690000136 992.7511 2087.0877 9.1103 0 0 0 0
1706674206.019999855 992.7511 2087.0877 9.1103 0 0 0 0
1706674206.469999929 992.7403 2087.6084 9.0772 0 0 0 0
1706674206.910000183 992.4741 2088.3004 9.0522 0 0 0 0
1706674207.419999805 992.5065 2088.8834 9.0013 0 0 0 0
1706674207.890000148 992.4574 2089.7863 8.9899 0 0 0 0
1706674208.310000133 992.3898 2090.6097 8.9507 0 0 0 0
1706674208.749999758 992.1861 2091.1665 8.8997 0 0 0 0
1706674209.110000194 992.2548 2091.8972 8.8979 0 0 0 0
1706674209.449999733 992.2664 2092.5825 8.9249 0 0 0 0
1706674209.780000080 992.2545 2093.1024 8.8906 0 0 0 0
1706674210.109999799 992.2441 2093.5650 8.8646 0 0 0 0
1706674210.440000147 992.2431 2094.2935 8.8431 0 0 0 0
1706674210.729999957 992.2504 2094.7295 8.8429 0 0 0 0
1706674211.110000033 992.2341 2095.2276 8.8617 0 0 0 0
1706674211.560000107 992.1550 2095.8144 8.8739 0 0 0 0
1706674211.999999732 991.9800 2096.9482 8.8681 0 0 0 0
1706674212.339999899 991.9800 2096.9482 8.8681 0 0 0 0
1706674212.729999796 991.8690 2097.5054 8.8448 0 0 0 0
1706674213.109999872 991.7962 2098.1032 8.7918 0 0 0 0
1706674213.459999859 991.6636 2098.7354 8.7637 0 0 0 0
1706674213.809999847 991.6499 2099.2892 8.7884 0 0 0 0
1706674214.250000101 991.4418 2100.3376 8.8126 0 0 0 0
1706674214.549999731 991.4418 2100.3376 8.8126 0 0 0 0
1706674215.039999713 991.3690 2100.8919 8.7749 0 0 0 0
1706674215.489999787 991.2777 2101.4974 8.7486 0 0 0 0
1706674215.880000312 991.2749 2102.2577 8.7267 0 0 0 0
1706674216.329999757 991.1662 2102.8376 8.7320 0 0 0 0
1706674216.639999836 991.1152 2103.4258 8.7330 0 0 0 0
1706674217.010000092 991.1774 2103.8485 8.6763 0 0 0 0
1706674217.409999808 991.2091 2104.4892 8.6640 0 0 0 0
1706674217.789999885 991.1470 2105.0590 8.6584 0 0 0 0
1706674218.149999692 990.9549 2105.6021 8.6615 0 0 0 0
1706674218.629999855 990.8620 2106.1250 8.6770 0 0 0 0
1706674219.060000288 990.8560 2106.6929 8.6308 0 0 0 0
1706674219.469999825 990.8849 2107.3151 8.5845 0 0 0 0
1706674219.859999721 990.9837 2107.9839 8.5657 0 0 0 0
1706674220.299999975 990.8814 2108.6110 8.5634 0 0 0 0
1706674220.659999782 990.7721 2109.1884 8.5718 0 0 0 0
1706674221.120000305 990.6879 2109.7702 8.5483 0 0 0 0
1706674221.620000107 990.7428 2110.5650 8.5271 0 0 0 0
1706674222.040000092 990.7805 2111.2851 8.4947 0 0 0 0
1706674222.539999895 990.6077 2111.8742 8.4567 0 0 0 0
1706674222.980000149 990.5238 2112.6083 8.4028 0 0 0 0
1706674223.319999687 990.3932 2113.3720 8.3597 0 0 0 0
1706674223.750000121 990.3755 2114.1098 8.3100 0 0 0 0
1706674224.219999835 990.2370 2114.7785 8.2830 0 0 0 0
1706674224.720000266 990.1263 2115.3729 8.3164 0 0 0 0
1706674225.089999894 990.0662 2116.0815 8.2853 0 0 0 0
1706674225.409999792 990.1037 2116.7781 8.2928 0 0 0 0
1706674225.729999691 990.1123 2117.3904 8.2503 0 0 0 0
1706674226.099999947 990.0282 2118.0786 8.2222 0 0 0 0
1706674226.510000112 990.0332 2118.6636 8.1752 0 0 0 0
1706674226.930000097 989.9738 2119.3827 8.1401 0 0 0 0
1706674227.429999900 989.9988 2120.0151 8.0953 0 0 0 0
1706674227.919999883 989.9574 2120.6903 8.1128 0 0 0 0
1706674228.339999868 989.8894 2121.3579 8.0934 0 0 0 0
1706674228.670000215 989.8329 2121.9490 8.0980 0 0 0 0
1706674229.030000023 989.7677 2122.6119 8.0799 0 0 0 0
1706674229.419999919 989.6641 2123.4310 7.9929 0 0 0 0
1706674229.779999726 989.5149 2124.1573 7.9142 0 0 0 0
1706674230.210000160 989.4850 2124.5541 7.9617 0 0 0 0
1706674230.590000236 989.3601 2125.0745 8.0030 0 0 0 0
1706674230.870000226 989.2920 2125.4841 8.0108 0 0 0 0
1706674231.239999854 989.1905 2126.1489 7.9333 0 0 0 0
1706674231.619999930 989.0173 2126.8636 7.9125 0 0 0 0
1706674231.880000280 988.8895 2127.2811 7.8745 0 0 0 0
1706674232.079999824 988.8308 2127.9530 7.8245 0 0 0 0
1706674232.319999905 988.8308 2127.9530 7.8245 0 0 0 0
1706674232.660000073 988.9242 2128.3860 7.8630 0 0 0 0
1706674232.959999703 989.0973 2128.9978 7.8467 0 0 0 0
1706674233.360000048 989.1406 2129.5583 7.8419 0 0 0 0
1706674233.649999858 989.0765 2129.9973 7.8451 0 0 0 0
1706674233.929999848 989.0547 2130.3926 7.8133 0 0 0 0
1706674234.249999747 988.9441 2130.9236 7.8286 0 0 0 0
1706674234.750000178 988.8452 2131.5998 7.7997 0 0 0 0
1706674235.179999983 988.7732 2132.2167 7.7564 0 0 0 0
1706674235.469999793 988.6637 2132.9704 7.7622 0 0 0 0
1706674235.770000052 988.6006 2133.3280 7.7301 0 0 0 0
1706674236.019999953 988.5646 2133.6011 7.7636 0 0 0 0
1706674236.280000303 988.5624 2134.0231 7.7177 0 0 0 0
1706674236.700000288 988.6432 2134.5846 7.7118 0 0 0 0
1706674237.009999738 988.6747 2135.2265 7.7111 0 0 0 0
1706674237.370000174 988.6635 2135.6514 7.7165 0 0 0 0
1706674237.669999804 988.6519 2136.0494 7.7369 0 0 0 0
1706674238.059999701 988.5504 2136.6612 7.7677 0 0 0 0
1706674238.469999866 988.4042 2137.2845 7.7335 0 0 0 0
1706674238.950000028 988.3686 2138.1679 7.7170 0 0 0 0
1706674239.489999739 988.2590 2139.2150 7.6198 0 0 0 0
1706674239.769999729 988.2590 2139.2150 7.6198 0 0 0 0
1706674240.209999983 988.1895 2139.9030 7.5937 0 0 0 0
1706674240.730000054 988.2418 2140.7199 7.5562 0 0 0 0
1706674241.170000308 988.1836 2141.5786 7.5018 0 0 0 0
1706674241.500000027 988.1421 2142.2901 7.5207 0 0 0 0
1706674241.850000015 988.0860 2143.0818 7.5252 0 0 0 0
1706674242.290000268 987.9544 2144.4855 7.4157 0 0 0 0
1706674242.519999901 987.9544 2144.4855 7.4157 0 0 0 0
1706674242.839999800 987.8272 2145.2524 7.3717 0 0 0 0
1706674243.219999876 987.7615 2145.8845 7.3764 0 0 0 0
1706674243.599999952 987.6471 2146.5089 7.3913 0 0 0 0
1706674243.970000208 987.5492 2147.4475 7.3582 0 0 0 0
1706674244.250000198 987.4798 2148.2208 7.3174 0 0 0 0
1706674244.619999826 987.4198 2148.8624 7.2613 0 0 0 0
1706674244.959999993 987.4157 2149.5084 7.3119 0 0 0 0
1706674245.260000252 987.3458 2150.7072 7.2357 0 0 0 0
1706674245.550000062 987.3458 2150.7072 7.2357 0 0 0 0
1706674245.919999690 987.2792 2151.7529 7.2566 0 0 0 0
1706674246.200000308 987.2792 2151.7529 7.2566 0 0 0 0
1706674246.530000027 987.1680 2152.3527 7.2708 0 0 0 0
1706674246.940000192 987.1376 2152.6821 7.1872 0 0 0 0
1706674247.360000177 987.0818 2153.3028 7.1534 0 0 0 0
1706674247.680000076 987.1540 2153.9636 7.1181 0 0 0 0
1706674247.950000246 987.1276 2154.7977 7.1084 0 0 0 0
1706674248.230000236 987.1276 2154.7977 7.1084 0 0 0 0
1706674248.720000219 987.0518 2155.5026 7.1157 0 0 0 0
1706674249.080000026 986.9071 2156.1341 7.1474 0 0 0 0
1706674249.450000282 986.7522 2157.1807 7.0697 0 0 0 0
1706674249.759999732 986.7522 2157.1807 7.0697 0 0 0 0
1706674250.230000075 986.5985 2158.3126 7.0637 0 0 0 0
1706674250.599999703 986.6144 2158.8793 7.0281 0 0 0 0
1706674251.030000136 986.5535 2159.4450 6.9912 0 0 0 0
1706674251.370000304 986.5535 2159.4450 6.9912 0 0 0 0
1706674251.700000023 986.5432 2160.0231 6.9430 0 0 0 0
1706674252.029999741 986.4282 2160.7781 6.9529 0 0 0 0
1706674252.299999911 986.3777 2161.1960 6.9939 0 0 0 0
1706674252.579999901 986.3838 2161.7195 6.9223 0 0 0 0
1706674252.939999709 986.3343 2162.3604 6.9116 0 0 0 0
1706674253.359999694 986.3344 2162.8688 6.9338 0 0 0 0
1706674253.760000039 986.2596 2163.9778 6.8737 0 0 0 0
1706674254.019999760 986.2596 2163.9778 6.8737 0 0 0 0
1706674254.509999743 986.2382 2164.5804 6.8502 0 0 0 0
1706674255.029999814 986.1154 2165.4461 6.8263 0 0 0 0
1706674255.409999890 986.0378 2166.4091 6.8287 0 0 0 0
1706674255.769999698 986.0378 2166.4091 6.8287 0 0 0 0
1706674256.179999863 985.9533 2166.8641 6.7741 0 0 0 0
1706674256.590000028 985.8792 2167.8114 6.7735 0 0 0 0
1706674256.849999749 985.7777 2168.4522 6.7415 0 0 0 0
1706674257.189999917 985.7376 2168.9683 6.7352 0 0 0 0
1706674257.409999729 985.6829 2169.3986 6.7381 0 0 0 0
1706674257.849999983 985.5773 2170.0393 6.7107 0 0 0 0
1706674258.269999968 985.5802 2170.6423 6.6771 0 0 0 0
1706674258.810000308 985.5216 2171.4488 6.6524 0 0 0 0
1706674259.210000024 985.4783 2171.8902 6.6708 0 0 0 0
1706674259.609999740 985.3853 2172.5444 6.6677 0 0 0 0
1706674260.049999994 985.3039 2173.1435 6.6407 0 0 0 0
1706674260.449999711 985.2769 2173.7655 6.5880 0 0 0 0
1706674260.959999962 985.2467 2174.6470 6.5738 0 0 0 0
1706674261.279999861 985.2711 2175.3440 6.5309 0 0 0 0
1706674261.699999846 985.2073 2175.8297 6.5181 0 0 0 0
1706674262.119999831 985.1301 2176.5629 6.5066 0 0 0 0
1706674262.590000173 985.0521 2177.1914 6.5142 0 0 0 0
1706674262.940000161 984.9619 2177.8196 6.5214 0 0 0 0
1706674263.400000054 984.9372 2178.4867 6.4783 0 0 0 0
1706674263.770000311 984.8515 2179.2025 6.4439 0 0 0 0
1706674264.249999844 984.8743 2179.9113 6.5055 0 0 0 0
1706674264.730000007 984.8594 2180.6315 6.5663 0 0 0 0
1706674265.229999810 984.7669 2181.4423 6.5405 0 0 0 0
1706674265.619999706 984.4843 2182.2884 6.5151 0 0 0 0
1706674265.980000142 984.3631 2183.0109 6.4418 0 0 0 0
1706674266.330000130 984.2926 2183.5884 6.4319 0 0 0 0
1706674266.839999752 984.1743 2184.6730 6.4092 0 0 0 0
1706674267.049999745 984.1296 2184.9775 6.4186 0 0 0 0
1706674267.370000272 984.1296 2184.9775 6.4186 0 0 0 0
1706674267.749999720 984.1428 2185.6767 6.4040 0 0 0 0
1706674268.080000067 984.1185 2186.1890 6.4159 0 0 0 0
1706674268.420000235 984.0857 2186.6979 6.4055 0 0 0 0
1706674268.880000128 984.0786 2187.2863 6.4199 0 0 0 0
1706674269.319999753 983.9163 2188.0272 6.3934 0 0 0 0
1706674269.739999739 983.8643 2188.8441 6.3384 0 0 0 0
1706674270.109999995 983.7572 2189.4207 6.2981 0 0 0 0
1706674270.329999807 983.8117 2189.8851 6.3352 0 0 0 0
1706674270.599999977 983.8112 2190.2052 6.2732 0 0 0 0
1706674270.929999696 983.6750 2190.6425 6.2985 0 0 0 0
1706674271.199999866 983.5434 2191.0558 6.2747 0 0 0 0
1706674271.540000034 983.4788 2191.5645 6.2307 0 0 0 0
1706674271.829999844 983.3966 2191.9334 6.2564 0 0 0 0
1706674272.100000014 983.4078 2192.3872 6.2268 0 0 0 0
1706674272.419999912 983.4744 2192.9277 6.2206 0 0 0 0
1706674272.879999806 983.5288 2193.4254 6.2228 0 0 0 0
1706674273.269999702 983.6563 2194.2492 6.1790 0 0 0 0
1706674273.609999870 983.6433 2194.9726 6.1245 0 0 0 0
1706674273.940000217 983.5917 2195.4785 6.0722 0 0 0 0
1706674274.239999847 983.5617 2195.9713 6.0654 0 0 0 0
1706674274.449999840 983.4938 2196.4625 6.0683 0 0 0 0
1706674274.890000094 983.4127 2197.1307 6.0552 0 0 0 0
1706674275.349999988 983.3481 2197.6986 6.0547 0 0 0 0
1706674275.779999793 983.3236 2198.4290 6.0113 0 0 0 0
1706674276.199999778 983.3225 2199.1393 5.9882 0 0 0 0
1706674276.660000300 983.3108 2199.7568 5.9788 0 0 0 0
1706674276.969999750 983.2633 2200.3027 5.9459 0 0 0 0
1706674277.519999910 983.1617 2201.0630 5.9273 0 0 0 0
1706674277.890000166 983.1664 2201.5729 5.8690 0 0 0 0
1706674278.350000060 983.0982 2202.2018 5.8352 0 0 0 0
1706674278.700000048 983.0360 2202.6562 5.7909 0 0 0 0
1706674278.980000038 982.9566 2203.2604 5.8063 0 0 0 0
1706674279.479999840 982.8263 2204.0317 5.8046 0 0 0 0
1706674279.789999919 982.7195 2204.7811 5.7543 0 0 0 0
1706674280.109999818 982.6091 2205.3798 5.6776 0 0 0 0
1706674280.470000254 982.5331 2205.9302 5.6274 0 0 0 0
1706674280.960000237 982.4373 2206.6037 5.5638 0 0 0 0
1706674281.399999862 982.3594 2207.4423 5.6137 0 0 0 0
1706674281.749999849 982.3195 2208.0109 5.6405 0 0 0 0
1706674282.169999834 982.3323 2208.6990 5.6636 0 0 0 0
1706674282.430000184 982.3165 2209.0021 5.6530 0 0 0 0
1706674282.780000172 982.3448 2209.4358 5.6381 0 0 0 0
1706674283.100000070 982.2740 2210.0006 5.6134 0 0 0 0
1706674283.300000243 982.2890 2210.2161 5.6112 0 0 0 0
1706674283.520000055 982.2626 2210.6070 5.5729 0 0 0 0
1706674283.870000043 982.2128 2210.9581 5.5558 0 0 0 0
1706674284.210000210 982.1340 2211.6225 5.5531 0 0 0 0
1706674284.479999752 982.1340 2211.6225 5.5531 0 0 0 0
1706674284.759999742 982.1013 2212.2667 5.5711 0 0 0 0
1706674285.109999729 981.9966 2213.1970 5.5022 0 0 0 0
1706674285.349999811 981.9966 2213.1970 5.5022 0 0 0 0
1706674285.619999981 981.9654 2213.6975 5.4509 0 0 0 0
1706674285.920000239 981.8994 2214.2180 5.4110 0 0 0 0
1706674286.159999692 981.8655 2214.7986 5.3804 0 0 0 0
1706674286.359999864 981.8261 2215.1037 5.3703 0 0 0 0
1706674286.590000126 981.7347 2215.6389 5.4059 0 0 0 0
1706674286.830000207 981.7018 2215.8814 5.4387 0 0 0 0
1706674287.059999839 981.6540 2216.1846 5.4588 0 0 0 0
1706674287.339999829 981.6040 2216.4756 5.4496 0 0 0 0
1706674287.609999999 981.5613 2216.9012 5.4565 0 0 0 0
1706674287.859999901 981.5313 2217.3364 5.4385 0 0 0 0
1706674288.219999708 981.4904 2217.8022 5.3973 0 0 0 0
1706674288.610000233 981.4871 2218.2516 5.4165 0 0 0 0
1706674289.030000218 981.4847 2218.8067 5.4047 0 0 0 0
1706674289.410000294 981.4215 2219.4568 5.3859 0 0 0 0
1706674289.800000191 981.4045 2220.0693 5.3429 0 0 0 0
1706674290.069999732 981.3837 2220.6695 5.3163 0 0 0 0
1706674290.489999717 981.3495 2221.1597 5.3348 0 0 0 0
1706674290.740000247 981.3287 2221.7960 5.3089 0 0 0 0
1706674290.999999968 981.2406 2222.2799 5.2701 0 0 0 0
1706674291.300000227 981.1763 2222.7540 5.2630 0 0 0 0
1706674291.699999943 981.1172 2223.2397 5.2862 0 0 0 0
1706674292.059999751 981.0440 2223.7049 5.2296 0 0 0 0
1706674292.399999918 981.0389 2224.1030 5.2339 0 0 0 0
1706674292.749999906 981.0048 2224.7499 5.2279 0 0 0 0
1706674293.239999888 980.9104 2225.4043 5.2171 0 0 0 0
1706674293.669999694 980.8612 2226.0608 5.1658 0 0 0 0
1706674293.960000132 980.7606 2226.7738 5.1278 0 0 0 0
1706674294.280000031 980.7345 2227.2118 5.1499 0 0 0 0
1706674294.590000110 980.6970 2227.8158 5.1461 0 0 0 0
1706674295.070000272 980.6097 2228.4339 5.1323 0 0 0 0
1706674295.379999722 980.5967 2229.0612 5.0898 0 0 0 0
1706674295.719999890 980.5703 2229.4706 5.0505 0 0 0 0
1706674296.109999786 980.5504 2230.1070 5.0446 0 0 0 0
1706674296.419999865 980.5318 2230.6724 5.0589 0 0 0 0
1706674296.760000032 980.4677 2231.1370 4.9999 0 0 0 0
1706674297.040000022 980.3911 2231.9314 4.9730 0 0 0 0
1706674297.240000195 980.3129 2232.4161 4.9947 0 0 0 0
1706674297.490000096 980.3129 2232.4161 4.9947 0 0 0 0
1706674297.919999901 980.2527 2232.9173 4.9866 0 0 0 0
1706674298.250000249 980.2132 2233.4613 4.9544 0 0 0 0
1706674298.589999788 980.1269 2234.4533 4.9473 0 0 0 0
1706674298.869999778 980.1269 2234.4533 4.9473 0 0 0 0
1706674299.279999943 980.1326 2235.0927 4.9095 0 0 0 0
1706674299.690000108 980.0563 2235.8023 4.8821 0 0 0 0
1706674299.970000098 979.9884 2236.4210 4.8460 0 0 0 0
1706674300.369999814 979.8864 2236.8897 4.8512 0 0 0 0
1706674300.700000161 979.8195 2237.3999 4.8727 0 0 0 0
1706674301.069999789 979.8094 2237.9797 4.8404 0 0 0 0
1706674301.389999688 979.7495 2238.6189 4.8068 0 0 0 0
1706674301.769999764 979.7014 2239.2538 4.7667 0 0 0 0
1706674302.100000111 979.6431 2239.7036 4.7858 0 0 0 0
1706674302.580000274 979.5716 2240.3247 4.7834 0 0 0 0
1706674302.889999724 979.5184 2241.0105 4.7664 0 0 0 0
1706674303.390000155 979.4508 2241.4792 4.7105 0 0 0 0
1706674303.759999783 979.4345 2242.0658 4.6710 0 0 0 0
1706674304.209999857 979.3612 2242.8076 4.6631 0 0 0 0
1706674304.589999933 979.2978 2243.4751 4.6450 0 0 0 0
1706674304.869999923 979.2797 2243.9549 4.6704 0 0 0 0
1706674305.240000179 979.1618 2244.9616 4.6113 0 0 0 0
1706674305.490000080 979.1618 2244.9616 4.6113 0 0 0 0
1706674305.970000243 979.1063 2245.5177 4.6269 0 0 0 0
1706674306.349999690 979.0588 2246.2895 4.6101 0 0 0 0
1706674306.840000302 979.0512 2246.8979 4.5948 0 0 0 0
1706674307.120000292 978.9831 2247.4511 4.5581 0 0 0 0
1706674307.440000190 978.9690 2247.9229 4.5343 0 0 0 0
1706674307.720000180 978.9528 2248.4255 4.5563 0 0 0 0
1706674308.110000077 978.9097 2248.9298 4.5135 0 0 0 0
1706674308.439999796 978.9207 2249.5779 4.4744 0 0 0 0
1706674308.849999961 978.9283 2250.0707 4.5060 0 0 0 0
1706674309.239999857 978.8899 2250.6892 4.4911 0 0 0 0
1706674309.699999751 978.8515 2251.2835 4.4601 0 0 0 0
1706674310.179999913 978.7438 2252.0206 4.4570 0 0 0 0
1706674310.699999984 978.5410 2253.3911 4.3935 0 0 0 0
1706674311.000000243 978.5410 2253.3911 4.3935 0 0 0 0
1706674311.350000231 978.4756 2254.0022 4.3506 0 0 0 0
1706674311.660000309 978.4114 2254.4685 4.3778 0 0 0 0
1706674311.959999939 978.3308 2254.9683 4.3763 0 0 0 0
1706674312.389999744 978.2931 2255.4261 4.3040 0 0 0 0
1706674312.790000089 978.2399 2256.0468 4.3108 0 0 0 0
1706674313.249999983 978.2146 2256.6857 4.3747 0 0 0 0
1706674313.739999966 978.2219 2257.3663 4.3338 0 0 0 0
1706674314.269999857 978.1456 2257.9975 4.3045 0 0 0 0
1706674314.820000017 978.1513 2258.7446 4.2701 0 0 0 0
1706674315.139999916 978.0773 2259.5253 4.2807 0 0 0 0
1706674315.470000263 978.0549 2260.0528 4.2606 0 0 0 0
1706674315.909999888 977.9695 2260.4994 4.2080 0 0 0 0
1706674316.299999785 977.9440 2260.9610 4.2278 0 0 0 0
1706674316.840000125 977.8620 2261.7590 4.3287 0 0 0 0
1706674317.250000290 977.7525 2262.5107 4.4269 0 0 0 0
1706674317.689999915 977.6976 2263.1444 4.4163 0 0 0 0
1706674318.079999811 977.6077 2263.7744 4.4510 0 0 0 0
1706674318.620000151 977.5912 2264.3462 4.4691 0 0 0 0
1706674318.949999870 977.5402 2265.0917 4.5284 0 0 0 0
1706674319.310000306 977.4746 2265.5712 4.4679 0 0 0 0
1706674319.609999936 977.4107 2266.0748 4.4985 0 0 0 0
1706674319.940000284 977.3555 2266.4441 4.4595 0 0 0 0
1706674320.209999825 977.3006 2266.8629 4.4638 0 0 0 0
1706674320.529999724 977.2965 2267.3561 4.4544 0 0 0 0
1706674320.869999891 977.2533 2267.8951 4.4205 0 0 0 0
1706674321.350000054 977.2183 2268.3802 4.4034 0 0 0 0
1706674321.760000219 977.1781 2268.9215 4.4230 0 0 0 0
1706674322.099999757 977.1293 2269.4717 4.3990 0 0 0 0
1706674322.519999743 977.1046 2270.0489 4.3502 0 0 0 0
1706674323.039999814 977.0306 2270.7623 4.3430 0 0 0 0
1706674323.470000247 976.9555 2271.3819 4.3167 0 0 0 0
1706674323.869999964 976.9139 2272.1167 4.2979 0 0 0 0
1706674324.210000131 976.8926 2272.6742 4.2827 0 0 0 0
1706674324.600000028 976.8612 2273.1343 4.2872 0 0 0 0
1706674324.989999924 976.7579 2274.0339 4.2582 0 0 0 0
1706674325.290000183 976.7579 2274.0339 4.2582 0 0 0 0
1706674325.589999813 976.7194 2274.7845 4.2258 0 0 0 0
1706674325.920000160 976.6742 2275.2204 4.2091 0 0 0 0
1706674326.170000061 976.6603 2275.6641 4.1819 0 0 0 0
1706674326.380000054 976.6538 2276.0240 4.1862 0 0 0 0
1706674326.709999773 976.6321 2276.4403 4.1649 0 0 0 0
1706674327.089999849 976.5792 2277.0183 4.1591 0 0 0 0
1706674327.420000196 976.5312 2277.4560 4.1481 0 0 0 0
1706674327.679999918 976.4906 2277.8871 4.1110 0 0 0 0
1706674327.959999908 976.4380 2278.4106 4.1256 0 0 0 0
1706674328.269999987 976.4192 2278.6536 4.0920 0 0 0 0
1706674328.710000240 976.3309 2279.2202 4.0831 0 0 0 0
1706674329.109999957 976.2035 2279.8131 4.0898 0 0 0 0
1706674329.420000035 976.1113 2280.2885 4.0709 0 0 0 0
1706674329.639999848 976.0363 2280.6913 4.0393 0 0 0 0
1706674329.879999929 975.9864 2281.0937 4.0695 0 0 0 0
1706674330.210000277 975.9848 2281.4203 4.0176 0 0 0 0
1706674330.549999815 975.9615 2281.8093 4.0460 0 0 0 0
1706674331.090000155 975.9012 2282.3851 4.0296 0 0 0 0
1706674331.489999872 975.8883 2283.0758 3.9868 0 0 0 0
1706674331.970000034 975.8761 2283.6819 3.9768 0 0 0 0
1706674332.369999751 975.9140 2284.1997 3.9525 0 0 0 0
1706674332.849999913 975.9391 2284.8299 3.9616 0 0 0 0
1706674333.309999807 975.8891 2285.6492 3.9266 0 0 0 0
1706674333.759999881 975.8481 2286.2967 3.9151 0 0 0 0
1706674334.079999779 975.7689 2286.9137 3.9226 0 0 0 0
1706674334.410000127 975.7292 2287.3636 3.8707 0 0 0 0
1706674334.690000117 975.6379 2287.9577 3.8486 0 0 0 0
1706674334.970000107 975.6063 2288.2054 3.8683 0 0 0 0
1706674335.369999823 975.5682 2288.7422 3.7998 0 0 0 0
1706674335.849999986 975.4494 2289.4095 3.7928 0 0 0 0
1706674336.249999702 975.4052 2290.0894 3.7776 0 0 0 0
1706674336.729999864 975.3892 2290.6374 3.7685 0 0 0 0
1706674337.109999941 975.2830 2291.5082 3.7097 0 0 0 0
1706674337.599999923 975.2044 2292.1634 3.7012 0 0 0 0
1706674338.119999995 975.1454 2292.9192 3.7018 0 0 0 0
1706674338.659999706 975.0566 2294.2315 3.6786 0 0 0 0
1706674338.969999785 975.0566 2294.2315 3.6786 0 0 0 0
1706674339.519999945 974.9939 2294.8628 3.6399 0 0 0 0
1706674340.000000107 974.8785 2295.5884 3.6197 0 0 0 0
1706674340.380000183 974.8179 2296.3131 3.5839 0 0 0 0
1706674340.900000255 974.7400 2297.0564 3.5773 0 0 0 0
1706674341.269999882 974.7311 2297.6705 3.5503 0 0 0 0
1706674341.549999872 974.6599 2298.4961 3.5611 0 0 0 0
1706674341.770000313 974.6599 2298.4961 3.5611 0 0 0 0
1706674342.109999852 974.6455 2298.9697 3.5157 0 0 0 0
1706674342.340000113 974.6187 2299.4588 3.5398 0 0 0 0
1706674342.540000286 974.5946 2299.7370 3.5016 0 0 0 0
1706674342.800000007 974.5695 2300.0200 3.5120 0 0 0 0
1706674343.170000263 974.5388 2300.4884 3.4784 0 0 0 0
1706674343.579999800 974.4731 2301.0724 3.4905 0 0 0 0
1706674343.919999967 974.4139 2302.1072 3.4352 0 0 0 0
1706674344.269999955 974.4139 2302.1072 3.4352 0 0 0 0
1706674344.899999932 974.3272 2303.5202 3.3762 0 0 0 0
1706674345.289999829 974.3272 2303.5202 3.3762 0 0 0 0
1706674345.599999907 974.3076 2304.1671 3.3842 0 0 0 0
1706674345.909999986 974.2895 2304.5729 3.4300 0 0 0 0
1706674346.309999702 974.2602 2305.0147 3.3811 0 0 0 0
1706674346.659999690 974.2318 2305.5772 3.3755 0 0 0 0
1706674346.959999949 974.1901 2306.1949 3.3938 0 0 0 0
1706674347.340000025 974.1595 2306.8207 3.3766 0 0 0 0
1706674347.780000279 974.0777 2307.2992 3.3286 0 0 0 0
1706674348.079999909 974.0407 2307.9042 3.3112 0 0 0 0
1706674348.350000079 974.0035 2308.4021 3.3188 0 0 0 0
1706674348.630000069 973.9634 2308.7770 3.2639 0 0 0 0
1706674348.889999790 973.9322 2309.2853 3.2858 0 0 0 0
1706674349.139999691 973.9158 2309.5890 3.2333 0 0 0 0
1706674349.579999945 973.8577 2310.1558 3.2188 0 0 0 0
1706674349.880000204 973.7869 2310.6135 3.2417 0 0 0 0
1706674350.149999745 973.7309 2311.0008 3.1842 0 0 0 0
1706674350.529999821 973.6329 2311.4772 3.1650 0 0 0 0
1706674350.890000258 973.5828 2311.8575 3.1163 0 0 0 0
1706674351.250000065 973.5389 2312.4206 3.0206 0 0 0 0
1706674351.539999875 973.4432 2312.9640 2.9898 0 0 0 0
1706674351.889999863 973.3843 2313.3722 3.0078 0 0 0 0
1706674352.180000301 973.3261 2313.6935 2.9458 0 0 0 0
1706674352.430000203 973.2260 2314.1593 2.9180 0 0 0 0
1706674352.670000284 973.2260 2314.1593 2.9180 0 0 0 0
1706674352.990000183 973.2369 2314.6492 2.9137 0 0 0 0
1706674353.370000259 973.3541 2314.9900 2.8464 0 0 0 0
1706674353.679999709 973.4090 2315.1738 2.8410 0 0 0 0
1706674353.870000062 973.3890 2315.2270 2.8431 0 0 0 0
1706674354.269999778 973.3494 2315.2275 2.8404 0 0 0 0
1706674354.590000305 973.2626 2315.1368 2.8362 0 0 0 0
1706674354.990000022 973.1065 2314.8405 2.8285 0 0 0 0
1706674355.349999829 973.1065 2314.8405 2.8285 0 0 0 0
1706674355.729999905 973.1151 2314.5796 2.8363 0 0 0 0
1706674356.140000070 973.1787 2314.1093 2.8541 0 0 0 0
1706674356.609999784 973.3044 2313.5667 2.8381 0 0 0 0
1706674357.040000218 973.3434 2312.9577 2.8520 0 0 0 0
1706674357.350000297 973.3191 2312.4636 2.8631 0 0 0 0
1706674357.630000287 973.3542 2312.1257 2.8933 0 0 0 0
1706674357.999999914 973.3866 2311.6485 2.8683 0 0 0 0
1706674358.429999719 973.4108 2311.1413 2.9233 0 0 0 0
1706674358.860000153 973.4702 2310.5728 2.9626 0 0 0 0
1706674359.240000229 973.5023 2310.0903 2.9583 0 0 0 0
1706674359.609999857 973.6236 2309.6107 2.9630 0 0 0 0
1706674359.950000024 973.6791 2309.1317 2.9971 0 0 0 0
1706674360.330000101 973.6791 2308.7099 2.9864 0 0 0 0
1706674360.619999911 973.6678 2308.1972 2.9836 0 0 0 0
1706674360.929999989 973.6903 2307.8562 3.0525 0 0 0 0
1706674361.370000243 973.7256 2307.3463 3.0558 0 0 0 0
1706674361.720000231 973.7677 2306.9110 3.0457 0 0 0 0
1706674362.110000127 973.7946 2306.3393 3.0941 0 0 0 0
1706674362.469999935 973.8059 2305.8749 3.0802 0 0 0 0
1706674362.950000097 974.0280 2305.2765 3.0990 0 0 0 0
1706674363.349999813 974.1992 2304.8569 3.0945 0 0 0 0
1706674363.899999973 974.3879 2304.4558 3.1029 0 0 0 0
1706674364.310000138 974.4999 2303.9798 3.1423 0 0 0 0
1706674364.720000303 974.4834 2303.5718 3.1453 0 0 0 0
1706674365.010000113 974.4666 2303.2029 3.1338 0 0 0 0
1706674365.290000103 974.4478 2302.8668 3.1820 0 0 0 0
1706674365.710000088 974.4157 2302.4228 3.1512 0 0 0 0
1706674366.069999896 974.3916 2301.9047 3.1816 0 0 0 0
1706674366.599999787 974.4403 2301.3127 3.2379 0 0 0 0
1706674366.919999686 974.4148 2300.7874 3.2273 0 0 0 0
1706674367.280000122 974.4000 2300.3001 3.2101 0 0 0 0
1706674367.649999750 974.3835 2299.8692 3.2610 0 0 0 0
1706674367.989999917 974.3565 2299.4572 3.2259 0 0 0 0
1706674368.269999907 974.4127 2298.9320 3.2355 0 0 0 0
1706674368.649999984 974.4776 2298.4918 3.2863 0 0 0 0
1706674369.009999791 974.4701 2298.0193 3.2634 0 0 0 0
1706674369.340000139 974.4885 2297.3619 3.3093 0 0 0 0
1706674369.529999862 974.4885 2297.3619 3.3093 0 0 0 0
1706674369.820000301 974.5012 2297.2287 3.3034 0 0 0 0
1706674370.089999842 974.5367 2297.0053 3.3304 0 0 0 0
1706674370.269999746 974.5938 2296.7755 3.3457 0 0 0 0
1706674370.919999992 974.6453 2296.5304 3.3387 0 0 0 0
1706674371.349999798 974.7586 2296.3057 3.3486 0 0 0 0
1706674371.739999694 974.9457 2296.0400 3.3475 0 0 0 0
1706674372.020000312 974.9953 2295.7119 3.3145 0 0 0 0
1706674372.270000214 974.9953 2295.7119 3.3145 0 0 0 0
1706674372.650000290 974.9932 2295.4055 3.3443 0 0 0 0
1706674373.050000006 975.0339 2294.8602 3.3627 0 0 0 0
1706674373.710000073 975.0290 2294.1743 3.3922 0 0 0 0
1706674374.069999880 975.0957 2293.6537 3.3917 0 0 0 0
1706674374.359999690 975.1411 2293.2325 3.4374 0 0 0 0
1706674374.790000124 975.1453 2292.7610 3.4337 0 0 0 0
1706674375.040000025 975.1663 2292.1826 3.4255 0 0 0 0
1706674375.410000281 975.1858 2291.7601 3.4567 0 0 0 0
1706674375.700000091 975.1850 2291.3498 3.4604 0 0 0 0
1706674375.959999813 975.1964 2290.9425 3.4646 0 0 0 0
1706674376.349999709 975.2503 2290.5307 3.5141 0 0 0 0
1706674376.729999785 975.2959 2290.1662 3.4830 0 0 0 0
1706674377.060000133 975.3342 2289.5222 3.4931 0 0 0 0
1706674377.370000212 975.4366 2289.1276 3.5499 0 0 0 0
1706674377.660000022 975.4820 2288.8780 3.5342 0 0 0 0
1706674378.040000098 975.5071 2288.3061 3.5613 0 0 0 0
1706674378.439999814 975.5585 2287.7186 3.5739 0 0 0 0
1706674378.810000070 975.5723 2287.1894 3.5398 0 0 0 0
1706674379.209999787 975.5948 2286.5709 3.5518 0 0 0 0
1706674379.570000223 975.6584 2286.0746 3.6051 0 0 0 0
1706674380.109999934 975.6608 2285.5148 3.6080 0 0 0 0
1706674380.420000013 975.7390 2284.9129 3.6035 0 0 0 0
1706674380.650000274 975.7691 2284.5082 3.5915 0 0 0 0
1706674380.809999909 975.7768 2284.1622 3.6120 0 0 0 0
1706674381.199999806 975.7991 2283.7394 3.6028 0 0 0 0
1706674381.469999976 975.8356 2283.3186 3.6544 0 0 0 0
1706674381.929999869 975.8426 2282.9047 3.6120 0 0 0 0
1706674382.209999859 975.8742 2282.4726 3.6688 0 0 0 0
1706674382.589999936 975.9523 2282.0567 3.6572 0 0 0 0
1706674382.930000103 976.0417 2281.4880 3.6583 0 0 0 0
1706674383.219999913 976.1262 2281.1107 3.7042 0 0 0 0
1706674383.590000169 976.1867 2280.7433 3.6759 0 0 0 0
1706674383.959999797 976.2183 2279.8814 3.7270 0 0 0 0
1706674384.239999787 976.2183 2279.8814 3.7270 0 0 0 0
1706674384.750000038 976.1587 2279.4555 3.7160 0 0 0 0
1706674385.190000292 976.0134 2278.1997 3.7616 0 0 0 0
1706674385.459999833 976.0134 2278.1997 3.7616 0 0 0 0
1706674385.800000001 976.1501 2277.6643 3.7921 0 0 0 0
1706674386.280000163 976.3733 2276.7228 3.8219 0 0 0 0
1706674386.700000148 976.3733 2276.7228 3.8219 0 0 0 0
1706674387.110000313 976.4722 2276.0803 3.8617 0 0 0 0
1706674387.419999763 976.4504 2275.4836 3.8520 0 0 0 0
1706674387.699999753 976.4857 2275.0829 3.8480 0 0 0 0
1706674388.020000281 976.5565 2274.5897 3.8933 0 0 0 0
1706674388.350000000 976.5836 2274.1768 3.8622 0 0 0 0
1706674388.690000167 976.5923 2273.7492 3.9033 0 0 0 0
1706674389.040000155 976.6163 2273.3164 3.9136 0 0 0 0
1706674389.369999873 976.6076 2272.9196 3.8949 0 0 0 0
1706674389.670000132 976.5739 2272.4721 3.9415 0 0 0 0
1706674390.169999935 976.6287 2271.9705 3.9442 0 0 0 0
1706674390.559999831 976.7211 2271.4040 3.9392 0 0 0 0
1706674390.939999907 976.8899 2270.8767 3.9667 0 0 0 0
1706674391.240000166 977.0478 2270.3952 4.0129 0 0 0 0
1706674391.579999705 977.1380 2269.9517 3.9942 0 0 0 0
1706674391.929999692 977.1741 2269.5242 4.0060 0 0 0 0
1706674392.390000215 977.1648 2268.9762 4.0556 0 0 0 0
1706674392.789999931 977.1109 2268.4341 4.0356 0 0 0 0
1706674393.260000274 977.2496 2267.2034 4.0529 0 0 0 0
1706674393.659999990 977.2496 2267.2034 4.0529 0 0 0 0
1706674394.240000239 977.4096 2266.5320 4.0750 0 0 0 0
1706674394.749999861 977.4838 2265.9506 4.0985 0 0 0 0
1706674395.150000206 977.4892 2265.3558 4.1203 0 0 0 0
1706674395.489999745 977.4456 2264.7287 4.1534 0 0 0 0
1706674395.860000001 977.3855 2264.2703 4.1392 0 0 0 0
1706674396.219999809 977.3636 2263.6964 4.1324 0 0 0 0
1706674396.739999880 977.3964 2263.2042 4.1804 0 0 0 0
1706674397.140000225 977.4805 2262.5238 4.2180 0 0 0 0
1706674397.460000124 977.5957 2262.0057 4.2248 0 0 0 0
1706674397.880000109 977.6601 2261.5261 4.2089 0 0 0 0
1706674398.290000274 977.7008 2260.9400 4.2256 0 0 0 0
1706674398.729999899 977.8257 2260.3350 4.2841 0 0 0 0
1706674399.179999973 977.9708 2259.7255 4.2744 0 0 0 0
1706674399.550000229 978.0852 2259.0873 4.2881 0 0 0 0
1706674399.940000125 978.0226 2258.5725 4.2763 0 0 0 0
1706674400.250000204 977.9909 2258.2595 4.3261 0 0 0 0
1706674400.680000009 978.0364 2257.8428 4.3181 0 0 0 0
1706674401.149999723 978.0743 2257.1506 4.3235 0 0 0 0
1706674401.629999885 978.1799 2256.4163 4.3482 0 0 0 0
1706674402.059999690 978.2421 2255.8172 4.3595 0 0 0 0
1706674402.439999767 978.2917 2255.2535 4.4099 0 0 0 0
1706674402.859999752 978.3409 2254.3593 4.3990 0 0 0 0
1706674403.250000277 978.3409 2254.3593 4.3990 0 0 0 0
1706674403.710000170 978.3333 2253.6963 4.4185 0 0 0 0
1706674404.139999975 978.3814 2252.4809 4.4654 0 0 0 0
1706674404.410000145 978.3814 2252.4809 4.4654 0 0 0 0
1706674404.909999948 978.6170 2251.3889 4.4672 0 0 0 0
1706674405.269999756 978.6170 2251.3889 4.4672 0 0 0 0
1706674405.710000009 978.7039 2250.7662 4.4912 0 0 0 0
1706674406.129999994 978.7930 2250.2680 4.5490 0 0 0 0
1706674406.500000251 978.8150 2249.7359 4.5613 0 0 0 0
1706674406.969999964 978.8700 2249.1105 4.5704 0 0 0 0
1706674407.340000221 978.9003 2248.4206 4.5576 0 0 0 0
1706674407.690000208 978.9540 2247.8498 4.5670 0 0 0 0
1706674408.099999744 978.9900 2247.3858 4.6032 0 0 0 0
1706674408.539999998 979.0037 2247.0445 4.5952 0 0 0 0
1706674408.950000163 979.0768 2245.9177 4.6378 0 0 0 0
1706674409.200000064 979.0768 2245.9177 4.6378 0 0 0 0
1706674409.519999963 979.0227 2245.4714 4.6585 0 0 0 0
1706674409.799999953 979.0321 2244.9664 4.6391 0 0 0 0
1706674410.130000301 979.1060 2244.5054 4.7006 0 0 0 0
1706674410.569999926 979.2014 2243.8875 4.6954 0 0 0 0
1706674411.020000000 979.3304 2243.3689 4.6977 0 0 0 0
1706674411.419999716 979.4234 2242.9110 4.7082 0 0 0 0
1706674411.850000150 979.4854 2242.4033 4.7467 0 0 0 0
1706674412.300000223 979.4849 2241.8116 4.7784 0 0 0 0
1706674412.699999940 979.3464 2241.0803 4.7717 0 0 0 0
1706674412.989999750 979.3572 2240.4701 4.7614 0 0 0 0
1706674413.180000102 979.4336 2240.0342 4.8057 0 0 0 0
1706674413.530000090 979.5924 2239.3365 4.8370 0 0 0 0
1706674413.730000262 979.5924 2239.3365 4.8370 0 0 0 0
1706674414.020000072 979.6793 2238.9576 4.8279 0 0 0 0
1706674414.419999789 979.7424 2238.5966 4.8513 0 0 0 0
1706674414.799999865 979.7748 2238.2640 4.8625 0 0 0 0
1706674415.179999941 979.8306 2237.6674 4.8617 0 0 0 0
1706674415.639999835 979.8045 2237.1174 4.8582 0 0 0 0
1706674415.940000094 979.8363 2236.5252 4.9046 0 0 0 0
1706674416.169999726 979.9117 2236.0976 4.8918 0 0 0 0
1706674416.390000167 979.9837 2235.7754 4.9383 0 0 0 0
1706674416.899999790 980.0864 2235.2739 4.9538 0 0 0 0
1706674417.239999957 980.1667 2234.8732 4.9348 0 0 0 0
1706674417.589999945 980.2207 2234.4856 4.9872 0 0 0 0
1706674417.839999846 980.1793 2233.9215 4.9792 0 0 0 0
1706674418.200000282 980.1814 2233.4029 4.9608 0 0 0 0
1706674418.590000179 980.2295 2232.9681 5.0254 0 0 0 0
1706674418.849999900 980.1806 2232.4266 4.9940 0 0 0 0
1706674419.199999887 980.2286 2231.9743 4.9950 0 0 0 0
1706674419.460000237 980.2706 2231.6453 5.0423 0 0 0 0
1706674419.799999776 980.3118 2231.2627 5.0031 0 0 0 0
1706674419.990000129 980.3377 2230.9009 5.0669 0 0 0 0
1706674420.310000028 980.3982 2230.4279 5.0560 0 0 0 0
1706674420.629999926 980.4366 2230.0361 5.0946 0 0 0 0
1706674420.890000276 980.4157 2229.5912 5.0776 0 0 0 0
1706674421.189999906 980.4169 2229.3156 5.1142 0 0 0 0
1706674421.539999894 980.4771 2228.8266 5.1010 0 0 0 0
1706674421.989999968 980.5361 2228.2398 5.0995 0 0 0 0
1706674422.390000313 980.6044 2227.6756 5.1424 0 0 0 0
1706674422.839999758 980.6766 2227.1929 5.1763 0 0 0 0
1706674423.240000103 980.6932 2226.6439 5.1618 0 0 0 0
1706674423.539999733 980.7215 2226.0127 5.1739 0 0 0 0
1706674423.889999720 980.7722 2225.5699 5.2193 0 0 0 0
1706674424.119999981 980.8083 2224.9984 5.2171 0 0 0 0
1706674424.530000146 980.8600 2224.6451 5.2030 0 0 0 0
1706674424.969999772 980.9721 2224.1320 5.2479 0 0 0 0
1706674425.270000030 981.0342 2223.6248 5.2746 0 0 0 0
1706674425.790000102 981.1207 2223.0248 5.2706 0 0 0 0
1706674426.119999820 981.1690 2222.4210 5.2647 0 0 0 0
1706674426.579999714 981.2004 2221.9769 5.3185 0 0 0 0
1706674427.050000057 981.2754 2221.3412 5.3430 0 0 0 0
1706674427.570000128 981.2653 2220.6890 5.3574 0 0 0 0
1706674427.920000115 981.3512 2220.0016 5.3861 0 0 0 0
1706674428.310000012 981.3176 2219.4612 5.3542 0 0 0 0
1706674428.720000177 981.3508 2218.8321 5.3686 0 0 0 0
1706674429.089999804 981.4517 2218.2316 5.4065 0 0 0 0
1706674429.549999698 981.4985 2217.7835 5.4159 0 0 0 0
1706674429.870000225 981.5755 2217.2383 5.4163 0 0 0 0
1706674430.309999851 981.6079 2216.6370 5.4376 0 0 0 0
1706674430.820000102 981.6084 2215.9672 5.4475 0 0 0 0
1706674431.329999724 981.7374 2215.1992 5.4753 0 0 0 0
1706674431.849999796 981.8260 2214.4560 5.4976 0 0 0 0
1706674432.189999963 981.8779 2213.9916 5.5483 0 0 0 0
1706674432.420000224 981.8676 2213.5011 5.5249 0 0 0 0
1706674432.880000118 981.8364 2212.9559 5.5341 0 0 0 0
1706674433.169999928 981.8456 2212.3804 5.5840 0 0 0 0
1706674433.550000004 981.8393 2211.9249 5.5464 0 0 0 0
1706674433.839999815 981.9017 2211.4166 5.5897 0 0 0 0
1706674434.140000073 981.9781 2211.0178 5.5870 0 0 0 0
1706674434.560000058 981.9814 2210.5696 5.5876 0 0 0 0
1706674434.900000226 981.9479 2210.0454 5.6337 0 0 0 0
1706674435.400000028 982.0310 2209.5333 5.6659 0 0 0 0
1706674435.789999925 982.0745 2208.7462 5.6759 0 0 0 0
1706674436.030000006 982.1634 2208.2037 5.6645 0 0 0 0
1706674436.359999725 982.1755 2207.8257 5.6845 0 0 0 0
1706674436.849999707 982.2084 2207.4434 5.6962 0 0 0 0
1706674437.269999692 982.3059 2206.8093 5.6994 0 0 0 0
1706674437.660000217 982.3195 2206.1124 5.6979 0 0 0 0
1706674438.209999749 982.3945 2205.3202 5.7203 0 0 0 0
1706674438.729999820 982.4423 2204.8181 5.7518 0 0 0 0
1706674439.189999714 982.4376 2203.9285 5.7588 0 0 0 0
1706674439.529999881 982.5249 2203.2486 5.7896 0 0 0 0
1706674439.909999957 982.5481 2202.7996 5.8171 0 0 0 0
1706674440.229999856 982.5943 2202.3435 5.8120 0 0 0 0
1706674440.800000285 982.6910 2201.7946 5.8516 0 0 0 0
1706674441.339999996 982.8105 2200.4787 5.8740 0 0 0 0
1706674441.669999715 982.8105 2200.4787 5.8740 0 0 0 0
1706674442.109999969 982.9407 2199.8576 5.9118 0 0 0 0
1706674442.469999776 983.0574 2199.3998 5.9473 0 0 0 0
1706674443.019999936 983.1507 2198.8335 5.9513 0 0 0 0
1706674443.420000281 983.2218 2198.1066 5.9625 0 0 0 0
1706674443.810000177 983.2251 2197.6645 5.9475 0 0 0 0
1706674444.179999805 983.2571 2196.9089 5.9669 0 0 0 0
1706674444.690000056 983.2984 2196.4496 6.0273 0 0 0 0
1706674445.140000130 983.3380 2195.9187 6.0105 0 0 0 0
1706674445.550000295 983.3732 2195.1409 6.0302 0 0 0 0
1706674445.910000103 983.3369 2194.5014 6.0074 0 0 0 0
1706674446.260000090 983.3875 2193.8574 6.0341 0 0 0 0
1706674446.629999718 983.4950 2193.3944 6.0398 0 0 0 0
1706674447.049999703 983.4950 2193.3944 6.0398 0 0 0 0
1706674447.459999868 983.4659 2192.5179 6.0761 0 0 0 0
1706674447.919999762 983.5081 2191.8467 6.1231 0 0 0 0
1706674448.430000013 983.6034 2191.1097 6.1452 0 0 0 0
1706674448.959999904 983.7673 2190.3582 6.1834 0 0 0 0
1706674449.400000158 983.8332 2189.5898 6.2213 0 0 0 0
1706674449.780000234 983.9482 2188.9832 6.3318 0 0 0 0
1706674450.100000133 984.0019 2188.5624 6.3537 0 0 0 0
1706674450.620000204 984.0686 2187.9033 6.3791 0 0 0 0
1706674451.010000100 984.2231 2187.2652 6.4385 0 0 0 0
1706674451.379999728 984.2913 2186.7622 6.4572 0 0 0 0
1706674451.789999893 984.3781 2186.3133 6.4696 0 0 0 0
1706674452.330000233 984.3955 2185.7166 6.4515 0 0 0 0
1706674452.780000307 984.3848 2185.0164 6.4559 0 0 0 0
1706674453.149999934 984.4300 2184.4641 6.4779 0 0 0 0
1706674453.600000008 984.4222 2183.8261 6.4987 0 0 0 0
1706674454.050000082 984.2847 2183.1479 6.4895 0 0 0 0
1706674454.519999796 984.1687 2182.5835 6.4257 0 0 0 0
1706674455.049999687 984.1957 2181.9792 6.4122 0 0 0 0
1706674455.529999849 984.2959 2181.3203 6.5030 0 0 0 0
1706674455.960000283 984.4385 2180.5413 6.5576 0 0 0 0
1706674456.359999999 984.5023 2180.0073 6.5686 0 0 0 0
1706674456.730000256 984.5684 2179.6311 6.6275 0 0 0 0
1706674457.290000236 984.7734 2178.9897 6.6175 0 0 0 0
1706674457.769999770 985.0114 2177.9112 6.6163 0 0 0 0
1706674458.140000026 984.9979 2177.2991 6.6289 0 0 0 0
1706674458.560000011 984.9979 2177.2991 6.6289 0 0 0 0
1706674459.040000173 985.0596 2176.3837 6.6808 0 0 0 0
1706674459.570000065 985.1287 2175.7724 6.6744 0 0 0 0
1706674460.020000138 985.2299 2175.1415 6.7179 0 0 0 0
1706674460.379999946 985.2436 2174.5835 6.6980 0 0 0 0
1706674460.690000025 985.2435 2174.2024 6.7526 0 0 0 0
1706674461.019999743 985.3349 2173.6276 6.7521 0 0 0 0
1706674461.390000000 985.3815 2173.0246 6.7287 0 0 0 0
1706674461.819999805 985.3605 2172.6081 6.7644 0 0 0 0
1706674462.199999881 985.4498 2172.0631 6.8042 0 0 0 0
1706674462.479999871 985.5427 2171.4359 6.7948 0 0 0 0
1706674462.920000125 985.6101 2170.5953 6.8458 0 0 0 0
1706674463.270000112 985.6012 2169.9719 6.8264 0 0 0 0
1706674463.610000280 985.6012 2169.9719 6.8264 0 0 0 0
1706674463.930000179 985.6705 2169.4155 6.8144 0 0 0 0
1706674464.210000169 985.7071 2169.0650 6.8781 0 0 0 0
1706674464.520000247 985.7504 2168.5844 6.8371 0 0 0 0
1706674464.989999961 985.8238 2168.1228 6.8508 0 0 0 0
1706674465.479999944 985.9344 2167.4697 6.8999 0 0 0 0
1706674465.909999749 986.0157 2166.6457 6.9075 0 0 0 0
1706674466.350000002 986.0627 2166.0397 6.9605 0 0 0 0
1706674466.790000256 986.0361 2165.4079 6.9409 0 0 0 0
1706674467.119999975 986.0186 2164.5970 6.9797 0 0 0 0
1706674467.539999960 986.0367 2164.0371 6.9600 0 0 0 0
1706674467.899999768 986.0764 2163.5599 7.0021 0 0 0 0
1706674468.449999928 986.2442 2162.8694 7.0033 0 0 0 0
1706674468.850000273 986.2957 2162.1500 6.9989 0 0 0 0
1706674469.380000164 986.3360 2161.6880 7.0382 0 0 0 0
1706674469.700000063 986.3393 2160.6198 7.0212 0 0 0 0
1706674469.999999693 986.3393 2160.6198 7.0212 0 0 0 0
1706674470.379999769 986.3467 2160.0895 7.0664 0 0 0 0
1706674470.700000296 986.3890 2159.4375 7.0879 0 0 0 0
1706674471.039999835 986.4296 2158.9629 7.0582 0 0 0 0
1706674471.340000094 986.5030 2158.6045 7.0994 0 0 0 0
1706674471.659999993 986.5548 2158.1332 7.0855 0 0 0 0
1706674472.009999980 986.5798 2157.6860 7.0876 0 0 0 0
1706674472.350000148 986.6330 2157.0984 7.1256 0 0 0 0
1706674472.789999773 986.6453 2156.7356 7.1155 0 0 0 0
1706674473.129999940 986.6986 2156.0763 7.1250 0 0 0 0
1706674473.470000108 986.8011 2155.4934 7.1824 0 0 0 0
1706674473.810000275 986.8857 2154.8403 7.2208 0 0 0 0
1706674474.189999723 986.9533 2154.4096 7.1946 0 0 0 0
1706674474.480000162 987.0024 2153.9812 7.2119 0 0 0 0
1706674474.979999964 987.0600 2153.4619 7.2427 0 0 0 0
1706674475.360000040 987.1375 2152.9155 7.2384 0 0 0 0
1706674475.700000208 987.2526 2152.1461 7.2598 0 0 0 0
1706674476.080000284 987.2325 2151.6434 7.3059 0 0 0 0
1706674476.340000005 987.2068 2151.1139 7.3223 0 0 0 0
1706674476.869999897 987.2397 2150.2756 7.3266 0 0 0 0
1706674477.100000158 987.2397 2150.2756 7.3266 0 0 0 0
1706674477.529999963 987.3785 2149.6484 7.3830 0 0 0 0
1706674477.919999859 987.4421 2149.0790 7.3928 0 0 0 0
1706674478.400000022 987.4870 2148.5263 7.3885 0 0 0 0
1706674478.799999738 987.5480 2147.8018 7.3895 0 0 0 0
1706674479.169999994 987.5812 2147.1339 7.4267 0 0 0 0
1706674479.599999799 987.7142 2146.6276 7.4731 0 0 0 0
1706674480.059999693 987.7354 2146.0151 7.4846 0 0 0 0
1706674480.539999856 987.8525 2145.3013 7.5025 0 0 0 0
1706674481.040000287 987.8341 2144.4979 7.5359 0 0 0 0
1706674481.460000272 987.8719 2143.9393 7.5386 0 0 0 0
1706674481.839999720 987.8763 2143.2434 7.5502 0 0 0 0
1706674482.399999700 987.8271 2142.6272 7.5851 0 0 0 0
1706674482.879999862 987.9803 2141.2932 7.6874 0 0 0 0
1706674483.259999938 987.9803 2141.2932 7.6874 0 0 0 0
1706674483.590000286 988.0420 2140.6150 7.7275 0 0 0 0
1706674484.129999997 988.0002 2140.0300 7.7463 0 0 0 0
1706674484.629999800 988.0475 2139.4773 7.7369 0 0 0 0
1706674484.979999787 988.1059 2138.6782 7.7468 0 0 0 0
1706674485.289999866 988.2453 2138.1462 7.7367 0 0 0 0
1706674485.690000211 988.3562 2137.6737 7.7869 0 0 0 0
1706674486.040000198 988.3376 2137.1268 7.8065 0 0 0 0
1706674486.350000277 988.3937 2136.6606 7.7851 0 0 0 0
1706674486.840000260 988.4101 2136.0685 7.7960 0 0 0 0
1706674487.230000156 988.4218 2135.4327 7.8496 0 0 0 0
1706674487.639999692 988.5204 2134.7713 7.8692 0 0 0 0
1706674487.979999860 988.5280 2134.2713 7.8555 0 0 0 0
1706674488.410000294 988.6582 2133.7297 7.8499 0 0 0 0
1706674488.919999916 988.6796 2133.0068 7.8701 0 0 0 0
1706674489.500000165 988.7704 2132.3106 7.8904 0 0 0 0
1706674489.880000241 988.7681 2131.3584 7.9451 0 0 0 0
1706674490.200000140 988.7681 2131.3584 7.9451 0 0 0 0
1706674490.620000125 988.8547 2130.7779 7.9411 0 0 0 0
1706674491.059999750 988.9328 2130.2142 7.9315 0 0 0 0
1706674491.530000092 988.9902 2129.4457 7.9513 0 0 0 0
1706674491.910000169 989.0996 2128.6919 7.9783 0 0 0 0
1706674492.339999974 989.1434 2127.7831 8.0158 0 0 0 0
1706674492.640000232 989.1434 2127.7831 8.0158 0 0 0 0
1706674493.109999946 989.2399 2127.1337 8.0165 0 0 0 0
1706674493.539999751 989.2680 2126.5998 8.0050 0 0 0 0
1706674493.940000096 989.3400 2126.0162 8.0738 0 0 0 0
1706674494.390000170 989.3383 2125.3723 8.1147 0 0 0 0
1706674494.740000158 989.4274 2124.6501 8.1285 0 0 0 0
1706674495.139999874 989.4633 2124.0266 8.1083 0 0 0 0
1706674495.459999773 989.4997 2123.6000 8.1174 0 0 0 0
1706674495.790000120 989.5387 2123.1369 8.1656 0 0 0 0
1706674496.079999930 989.5909 2122.5709 8.1467 0 0 0 0
1706674496.620000270 989.6870 2121.8641 8.1697 0 0 0 0
1706674497.139999713 989.7637 2121.2784 8.1673 0 0 0 0
1706674497.509999969 989.8572 2120.7039 8.2181 0 0 0 0
1706674497.890000045 989.9977 2120.0158 8.2580 0 0 0 0
1706674498.240000033 990.0324 2119.5263 8.2422 0 0 0 0
1706674498.769999924 990.0733 2119.0401 8.2439 0 0 0 0
1706674499.189999909 990.0902 2118.1735 8.2640 0 0 0 0
1706674499.539999897 990.0723 2117.4408 8.2844 0 0 0 0
1706674499.969999702 990.1205 2116.9931 8.3476 0 0 0 0
1706674500.349999778 990.1382 2116.0222 8.3291 0 0 0 0
1706674500.670000305 990.1382 2116.0222 8.3291 0 0 0 0
1706674501.090000290 990.1931 2115.4443 8.3660 0 0 0 0
1706674501.480000187 990.2075 2114.9351 8.3958 0 0 0 0
1706674501.800000085 990.3337 2114.3442 8.3948 0 0 0 0
1706674502.150000073 990.4077 2113.7493 8.3792 0 0 0 0
1706674502.579999878 990.4214 2113.3673 8.4267 0 0 0 0
1706674502.990000043 990.4771 2112.7574 8.4542 0 0 0 0
1706674503.340000031 990.4704 2112.0896 8.4410 0 0 0 0
1706674503.690000018 990.5203 2111.3909 8.4520 0 0 0 0
1706674504.180000001 990.6214 2110.8275 8.4926 0 0 0 0
1706674504.529999988 990.6301 2110.3153 8.5164 0 0 0 0
1706674504.980000062 990.7170 2109.7447 8.5260 0 0 0 0
1706674505.369999958 990.7236 2109.1265 8.5126 0 0 0 0
1706674505.700000306 990.7359 2108.6920 8.5196 0 0 0 0
1706674506.050000293 990.8388 2108.0818 8.5745 0 0 0 0
1706674506.340000103 990.8499 2107.5994 8.5508 0 0 0 0
1706674506.620000093 990.8836 2107.1619 8.5693 0 0 0 0
1706674506.919999723 990.9558 2106.7079 8.6035 0 0 0 0
1706674507.199999713 990.9997 2106.2279 8.5864 0 0 0 0
1706674507.530000061 991.0075 2105.7910 8.6360 0 0 0 0
1706674507.899999688 991.0216 2105.4456 8.6142 0 0 0 0
1706674508.230000036 991.0223 2104.9185 8.6312 0 0 0 0
1706674508.619999932 991.0262 2104.3455 8.6785 0 0 0 0
1706674508.979999740 991.1181 2103.7368 8.7077 0 0 0 0
1706674509.480000171 991.1181 2103.1172 8.6972 0 0 0 0
1706674509.970000153 991.1274 2102.4300 8.7414 0 0 0 0
1706674510.369999870 991.2426 2101.7683 8.7345 0 0 0 0
1706674510.829999764 991.4115 2101.2832 8.6955 0 0 0 0
1706674511.120000202 991.5353 2100.8574 8.7557 0 0 0 0
1706674511.570000276 991.5759 2100.2541 8.7640 0 0 0 0
1706674511.979999812 991.6471 2099.6856 8.7846 0 0 0 0
1706674512.499999884 991.7189 2099.0697 8.8147 0 0 0 0
1706674512.929999689 991.7461 2098.3427 8.8644 0 0 0 0
1706674513.250000216 991.8535 2097.7239 8.8951 0 0 0 0
1706674513.560000295 991.8506 2097.2669 8.8615 0 0 0 0
1706674513.869999745 991.8496 2096.4508 8.9401 0 0 0 0
1706674514.030000009 991.8496 2096.4508 8.9401 0 0 0 0
1706674514.429999725 991.8238 2095.9314 8.8940 0 0 0 0
1706674514.790000161 991.7964 2095.4684 8.9527 0 0 0 0
1706674515.149999969 991.8686 2094.9464 8.9738 0 0 0 0
1706674515.600000042 991.8728 2094.3917 8.9614 0 0 0 0
1706674515.980000119 991.9573 2093.7581 8.9783 0 0 0 0
1706674516.300000018 992.0268 2093.2259 9.0033 0 0 0 0
1706674516.559999739 992.0313 2092.8364 9.0548 0 0 0 0
1706674516.799999820 992.0984 2092.3810 9.0405 0 0 0 0
1706674517.259999714 992.2033 2091.5158 9.0496 0 0 0 0
1706674517.550000153 992.2033 2091.5158 9.0496 0 0 0 0
1706674517.919999780 992.2673 2091.0040 9.0487 0 0 0 0
1706674518.259999948 992.3517 2090.4280 9.0684 0 0 0 0
1706674518.749999930 992.3805 2089.6851 9.1168 0 0 0 0
1706674519.200000004 992.3983 2088.9794 9.1337 0 0 0 0
1706674519.570000260 992.4322 2088.0690 9.1406 0 0 0 0
1706674519.809999713 992.4322 2088.0690 9.1406 0 0 0 0
1706674520.089999703 992.4925 2087.6809 9.2017 0 0 0 0
1706674520.580000314 992.5224 2087.1734 9.1974 0 0 0 0
1706674520.970000210 992.6532 2086.6380 9.1838 0 0 0 0
1706674521.280000289 992.7243 2086.1233 9.1759 0 0 0 0
1706674521.689999825 992.7363 2085.6800 9.2268 0 0 0 0
1706674521.969999815 992.8135 2085.1108 9.2215 0 0 0 0
1706674522.359999712 992.8854 2084.5063 9.2057 0 0 0 0
1706674522.809999785 992.9476 2083.9349 9.2358 0 0 0 0
1706674523.009999958 993.0259 2083.5469 9.2742 0 0 0 0
1706674523.229999770 993.0650 2083.1531 9.2462 0 0 0 0
1706674523.450000212 993.0697 2082.8539 9.2609 0 0 0 0
1706674523.760000290 993.1074 2082.5800 9.2983 0 0 0 0
1706674524.090000009 993.1821 2081.6663 9.2807 0 0 0 0
1706674524.330000090 993.1821 2081.6663 9.2807 0 0 0 0
1706674524.829999893 993.2698 2080.7770 9.3314 0 0 0 0
1706674525.109999883 993.2948 2080.5074 9.3185 0 0 0 0
1706674525.389999873 993.2948 2080.5074 9.3185 0 0 0 0
1706674525.730000040 993.3068 2079.9699 9.3707 0 0 0 0
1706674526.110000117 993.3863 2079.6035 9.3125 0 0 0 0
1706674526.560000191 993.5027 2079.0641 9.3307 0 0 0 0
1706674526.940000267 993.5441 2078.4661 9.4059 0 0 0 0
1706674527.330000163 993.5880 2077.3353 9.3718 0 0 0 0
1706674527.680000151 993.5880 2077.3353 9.3718 0 0 0 0
1706674528.200000222 993.4052 2076.0098 9.5437 0 0 0 0
1706674528.620000207 993.4052 2076.0098 9.5437 0 0 0 0
1706674529.120000009 993.4556 2075.2246 9.5895 0 0 0 0
1706674529.519999726 993.6083 2074.5415 9.6157 0 0 0 0
1706674529.920000071 993.5810 2074.0245 9.5826 0 0 0 0
1706674530.239999969 993.6071 2073.5871 9.6074 0 0 0 0
1706674530.470000231 993.6333 2073.2177 9.6190 0 0 0 0
1706674530.879999767 993.6741 2072.4939 9.6083 0 0 0 0
1706674531.250000023 993.6741 2072.4939 9.6083 0 0 0 0
1706674531.709999917 993.7884 2071.8821 9.6285 0 0 0 0
1706674532.129999902 993.8754 2071.2098 9.6712 0 0 0 0
1706674532.479999890 993.8558 2070.6957 9.6822 0 0 0 0
1706674532.969999872 993.7825 2070.1934 9.6621 0 0 0 0
1706674533.330000308 993.8047 2069.5644 9.6839 0 0 0 0
1706674533.730000025 993.8230 2069.0483 9.6773 0 0 0 0
1706674534.080000012 993.8064 2068.6687 9.7296 0 0 0 0
1706674534.530000086 993.8472 2068.1219 9.7175 0 0 0 0
1706674534.989999980 993.9300 2067.4676 9.7218 0 0 0 0
1706674535.430000233 994.0266 2066.8368 9.7352 0 0 0 0
1706674535.769999772 994.0911 2066.3428 9.7686 0 0 0 0
1706674536.079999851 994.1724 2065.7609 9.7932 0 0 0 0
1706674536.450000107 994.2435 2065.3076 9.7725 0 0 0 0
1706674536.720000277 994.3258 2064.7676 9.7921 0 0 0 0
1706674537.099999725 994.3875 2064.2971 9.8317 0 0 0 0
1706674537.609999976 994.4750 2063.5250 9.8491 0 0 0 0
1706674537.959999964 994.4716 2063.1126 9.8140 0 0 0 0
1706674538.290000311 994.4921 2062.7387 9.8744 0 0 0 0
1706674538.640000299 994.5685 2062.2115 9.8735 0 0 0 0
1706674539.060000284 994.6016 2061.7321 9.8486 0 0 0 0
1706674539.499999909 994.6583 2061.1781 9.8685 0 0 0 0
1706674539.889999805 994.6822 2060.5748 9.9213 0 0 0 0
1706674540.409999876 994.7243 2059.9654 9.9209 0 0 0 0
1706674540.810000221 994.8226 2059.0013 9.9052 0 0 0 0
1706674541.100000031 994.8226 2059.0013 9.9052 0 0 0 0
1706674541.400000290 994.8534 2058.4244 9.9559 0 0 0 0
1706674542.040000088 994.9504 2057.1611 9.9800 0 0 0 0
1706674542.320000078 994.9504 2057.1611 9.9800 0 0 0 0
1706674542.800000240 995.0243 2056.4117 9.9993 0 0 0 0
1706674543.199999956 995.0839 2055.9875 9.9833 0 0 0 0
1706674543.600000301 995.1292 2055.5196 10.0175 0 0 0 0
1706674544.049999746 995.1754 2054.9429 10.0296 0 0 0 0
1706674544.459999911 995.1982 2054.3842 10.0018 0 0 0 0
1706674544.879999897 995.2531 2053.7009 10.0197 0 0 0 0
1706674545.320000150 995.3325 2053.1219 10.0387 0 0 0 0
1706674545.800000313 995.3879 2052.5151 10.0731 0 0 0 0
1706674546.340000024 995.4925 2051.7480 10.1043 0 0 0 0
1706674546.799999918 995.5671 2051.1163 10.1110 0 0 0 0
1706674547.189999814 995.6342 2050.4327 10.1234 0 0 0 0
1706674547.579999710 995.6613 2049.9252 10.1002 0 0 0 0
1706674547.870000149 995.7788 2049.2395 10.1130 0 0 0 0
1706674548.239999777 995.8785 2048.8103 10.1502 0 0 0 0
1706674548.649999942 995.9490 2048.3592 10.1532 0 0 0 0
1706674548.999999929 996.0572 2047.8251 10.1551 0 0 0 0
1706674549.440000183 996.1371 2047.2650 10.1752 0 0 0 0
1706674549.869999988 996.2004 2046.6599 10.2096 0 0 0 0
1706674550.339999702 996.2509 2046.0284 10.2277 0 0 0 0
1706674550.929999771 996.2838 2045.2918 10.2228 0 0 0 0
1706674551.320000296 996.3619 2044.5449 10.2465 0 0 0 0
1706674551.650000014 996.3678 2044.0268 10.2195 0 0 0 0
1706674552.100000088 996.4150 2043.3969 10.2223 0 0 0 0
1706674552.410000167 996.4857 2042.8621 10.2353 0 0 0 0
1706674552.769999974 996.4871 2042.2554 10.2700 0 0 0 0
1706674553.189999959 996.5266 2041.8429 10.2739 0 0 0 0
1706674553.539999947 996.5428 2041.2987 10.2422 0 0 0 0
1706674553.999999841 996.5279 2040.7234 10.2661 0 0 0 0
1706674554.379999917 996.5596 2040.0589 10.3161 0 0 0 0
1706674554.699999816 996.5396 2039.4696 10.3196 0 0 0 0
1706674555.079999892 996.5650 2038.9980 10.3020 0 0 0 0
1706674555.350000062 996.6204 2038.4547 10.3203 0 0 0 0
1706674555.719999690 996.6130 2038.0631 10.3472 0 0 0 0
1706674556.000000308 996.6381 2037.6477 10.3146 0 0 0 0
1706674556.379999756 996.7167 2037.2653 10.3715 0 0 0 0
1706674556.789999921 996.7660 2036.6745 10.3508 0 0 0 0
1706674557.130000088 996.8328 2036.0650 10.3459 0 0 0 0
1706674557.480000076 996.8841 2035.4686 10.3518 0 0 0 0
1706674557.809999795 996.8975 2035.0312 10.3979 0 0 0 0
1706674558.070000145 996.9516 2034.5793 10.3664 0 0 0 0
1706674558.460000041 997.0330 2033.9934 10.3734 0 0 0 0
1706674558.910000115 997.0574 2033.4573 10.4001 0 0 0 0
1706674559.250000282 997.1378 2032.9792 10.3942 0 0 0 0
1706674559.600000270 997.2168 2032.5344 10.4195 0 0 0 0
1706674559.979999717 997.2513 2031.9083 10.4554 0 0 0 0
1706674560.310000065 997.3401 2031.3891 10.4543 0 0 0 0
1706674560.769999959 997.4021 2030.8215 10.4284 0 0 0 0
1706674561.269999761 997.4954 2030.2020 10.4515 0 0 0 0
1706674561.649999837 997.6409 2029.4536 10.4888 0 0 0 0
1706674562.199999997 997.7249 2028.8988 10.5800 0 0 0 0
1706674562.650000071 997.8653 2028.1853 10.6582 0 0 0 0
1706674563.060000236 997.9193 2027.6972 10.6777 0 0 0 0
1706674563.490000041 997.9763 2027.0990 10.6950 0 0 0 0
1706674563.959999755 998.0023 2026.3597 10.7103 0 0 0 0
1706674564.330000011 997.9619 2025.7234 10.7279 0 0 0 0
1706674564.819999994 997.9649 2025.0953 10.7656 0 0 0 0
1706674565.359999705 997.9597 2024.2878 10.7718 0 0 0 0
1706674565.860000136 998.0201 2023.4434 10.7486 0 0 0 0
1706674566.270000301 998.0233 2022.7686 10.7526 0 0 0 0
1706674566.579999751 998.0757 2022.1174 10.7682 0 0 0 0
1706674567.059999914 998.1121 2021.3906 10.7694 0 0 0 0
1706674567.579999985 998.1729 2020.8550 10.7814 0 0 0 0
1706674568.030000059 998.2142 2020.2451 10.7884 0 0 0 0
1706674568.499999773 998.2840 2019.6979 10.7652 0 0 0 0
1706674569.019999844 998.4585 2018.2072 10.7800 0 0 0 0
1706674569.430000009 998.4585 2018.2072 10.7800 0 0 0 0
1706674569.810000085 998.5123 2017.4843 10.7875 0 0 0 0
1706674570.169999893 998.5338 2016.9338 10.7829 0 0 0 0
1706674570.640000235 998.5886 2016.3237 10.7790 0 0 0 0
1706674570.969999954 998.6444 2015.7736 10.8069 0 0 0 0
1706674571.429999848 998.7122 2015.2606 10.8203 0 0 0 0
1706674571.739999927 998.7549 2014.8480 10.7640 0 0 0 0
1706674572.129999823 998.8269 2014.2483 10.7802 0 0 0 0
1706674572.430000082 998.9089 2013.8513 10.7945 0 0 0 0
1706674572.780000069 998.9527 2013.4169 10.7475 0 0 0 0
1706674573.130000057 998.9716 2012.8825 10.7547 0 0 0 0
1706674573.599999771 999.0116 2012.5209 10.7906 0 0 0 0
1706674574.030000204 999.0205 2011.8359 10.7798 0 0 0 0
1706674574.439999741 999.0850 2011.1410 10.7783 0 0 0 0
1706674574.889999814 999.1242 2010.6907 10.7485 0 0 0 0
1706674575.299999979 999.2531 2009.8491 10.7682 0 0 0 0
1706674575.759999873 999.3490 2009.2793 10.7659 0 0 0 0
1706674576.249999856 999.3813 2008.7820 10.7959 0 0 0 0
1706674576.590000023 999.4147 2008.2920 10.8031 0 0 0 0
1706674576.900000102 999.3384 2007.7674 10.7667 0 0 0 0
1706674577.269999729 999.3269 2007.3236 10.7805 0 0 0 0
1706674577.649999806 999.3844 2006.8011 10.7950 0 0 0 0
1706674578.160000057 999.4195 2006.2843 10.7686 0 0 0 0
1706674578.680000128 999.4745 2005.7837 10.7573 0 0 0 0
1706674579.119999753 999.4979 2004.9164 10.7503 0 0 0 0
1706674579.590000096 999.5388 2004.2245 10.7593 0 0 0 0
1706674579.959999723 999.5929 2003.7838 10.7695 0 0 0 0
1706674580.299999891 999.6701 2003.1734 10.7453 0 0 0 0
1706674580.679999967 999.6701 2003.1734 10.7453 0 0 0 0
1706674581.169999950 999.9264 2002.7547 10.7602 0 0 0 0
1706674581.729999930 1000.0494 2002.5741 10.7395 0 0 0 0
1706674582.180000003 999.8945 2002.6454 10.6344 0 0 0 0
1706674582.509999722 999.8593 2002.6272 10.4033 0 0 0 0
1706674583.089999971 999.9562 2002.6919 10.2508 0 0 0 0
1706674583.150000148 999.9562 2002.6919 10.2508 0 0 0 0
1706674583.579999954 999.8699 2002.7820 10.1815 0 0 0 0
1706674584.069999936 999.8970 2002.7123 10.1730 0 0 0 0
1706674584.450000012 999.9409 2002.5509 10.1466 0 0 0 0
1706674584.970000084 999.9507 2002.5174 10.1317 0 0 0 0