1706674804.290000256 1000.0001 2002.4535 10.0891 0 0 0 0
1706674804.470000160 1000.0001 2002.4537 10.0891 0 0 0 0
1706674804.699999793 1000.0001 2002.4534 10.0891 0 0 0 0
1706674805.019999691 999.9999 2002.4536 10.0891 0 0 0 0
1706674805.319999950 999.9999 2002.4538 10.0891 0 0 0 0
1706674805.639999849 999.9999 2002.4536 10.0891 0 0 0 0
1706674805.970000196 999.9999 2002.4535 10.0891 0 0 0 0
1706674806.169999740 999.9999 2002.4535 10.0891 0 0 0 0
1706674806.320000184 999.9999 2002.4535 10.0891 0 0 0 0
1706674806.549999816 999.9999 2002.4536 10.0891 0 0 0 0
1706674806.759999809 999.9999 2002.4537 10.0891 0 0 0 0
1706674806.929999893 999.9999 2002.4534 10.0891 0 0 0 0
1706674807.270000060 999.9999 2002.4536 10.0891 0 0 0 0
1706674807.510000141 999.9999 2002.4535 10.0891 0 0 0 0
1706674807.769999863 999.9999 2002.4534 10.0891 0 0 0 0
1706674807.920000306 999.9999 2002.4535 10.0891 0 0 0 0
1706674808.200000296 999.9999 2002.4536 10.0891 0 0 0 0
1706674808.530000015 999.9999 2002.4536 10.0891 0 0 0 0
1706674808.929999731 1000.0000 2002.4536 10.0891 0 0 0 0
1706674809.299999988 999.9997 2002.4534 10.0891 0 0 0 0
1706674809.629999707 999.9998 2002.4535 10.0891 0 0 0 0
1706674809.780000150 999.9997 2002.4534 10.0891 0 0 0 0
1706674810.100000049 999.9997 2002.4534 10.0891 0 0 0 0
1706674810.419999948 999.9996 2002.4533 10.0891 0 0 0 0
1706674810.790000204 999.9996 2002.4534 10.0892 0 0 0 0
1706674811.229999829 999.9991 2002.4558 10.0902 0 0 0 0
1706674811.530000088 1000.0165 2002.4629 10.1010 0 0 0 0
1706674811.870000255 1000.0404 2002.4160 10.1292 0 0 0 0
1706674812.179999705 1000.0381 2002.3704 10.1370 0 0 0 0
1706674812.449999875 1000.0325 2002.3448 10.1497 0 0 0 0
1706674812.890000129 1000.0363 2002.3895 10.1984 0 0 0 0
1706674813.160000299 1000.0106 2002.4417 10.2102 0 0 0 0
1706674813.459999929 999.9814 2002.4769 10.2256 0 0 0 0
1706674813.800000097 999.9899 2002.4892 10.2852 0 0 0 0
1706674814.119999995 1000.0107 2002.5158 10.3244 0 0 0 0
1706674814.530000160 1000.0133 2002.5562 10.3264 0 0 0 0
1706674814.980000234 999.9928 2002.5640 10.3188 0 0 0 0
1706674815.400000219 999.9796 2002.5484 10.3501 0 0 0 0
1706674815.900000022 999.9848 2002.5685 10.3782 0 0 0 0
1706674816.229999741 999.9755 2002.6292 10.3973 0 0 0 0
1706674816.590000177 999.9481 2002.6978 10.4229 0 0 0 0
1706674816.840000078 999.9518 2002.7492 10.4866 0 0 0 0
1706674817.129999888 999.9381 2002.7754 10.5220 0 0 0 0
1706674817.369999969 999.9340 2002.7720 10.5245 0 0 0 0
1706674817.589999782 999.9269 2002.7735 10.5345 0 0 0 0
1706674818.069999944 999.9308 2002.7989 10.5323 0 0 0 0
1706674818.480000109 999.9529 2002.8319 10.5198 0 0 0 0
1706674818.870000006 999.9639 2002.8642 10.5045 0 0 0 0
1706674819.269999722 999.9570 2002.9144 10.4943 0 0 0 0
1706674819.609999890 999.9405 2002.9576 10.4795 0 0 0 0
1706674819.929999788 999.9238 2003.0164 10.4684 0 0 0 0
1706674820.099999872 999.9238 2003.0164 10.4684 0 0 0 0
1706674820.360000222 999.9509 2003.0569 10.4756 0 0 0 0
1706674820.570000215 999.9757 2003.0852 10.4806 0 0 0 0
1706674820.890000113 1000.0056 2003.1131 10.4909 0 0 0 0
1706674821.189999743 1000.0272 2003.1349 10.5035 0 0 0 0
1706674821.550000180 1000.0225 2003.1623 10.4994 0 0 0 0
1706674821.909999987 999.9766 2003.2564 10.4901 0 0 0 0
1706674822.320000152 999.8934 2003.5219 10.4868 0 0 0 0
1706674822.519999696 999.8934 2003.5219 10.4868 0 0 0 0
1706674822.819999955 999.8812 2003.6953 10.4929 0 0 0 0
1706674823.169999942 999.8618 2003.8992 10.4882 0 0 0 0
1706674823.489999841 999.8447 2004.1100 10.4806 0 0 0 0
1706674823.699999833 999.8546 2004.3643 10.4880 0 0 0 0
1706674823.990000272 999.8592 2004.5608 10.4916 0 0 0 0
1706674824.359999900 999.8367 2004.7594 10.4813 0 0 0 0
1706674824.730000156 999.8157 2004.9368 10.4755 0 0 0 0
1706674825.150000141 999.8171 2005.2478 10.4833 0 0 0 0
1706674825.500000129 999.8175 2005.5281 10.4840 0 0 0 0
1706674825.950000202 999.7763 2005.8199 10.4648 0 0 0 0
1706674826.279999921 999.7600 2006.0777 10.4830 0 0 0 0
1706674826.520000002 999.7459 2006.2605 10.4899 0 0 0 0
1706674826.799999992 999.7134 2006.4441 10.4908 0 0 0 0
1706674827.110000071 999.6424 2006.6607 10.4738 0 0 0 0
1706674827.420000150 999.5858 2006.8805 10.4850 0 0 0 0
1706674827.709999960 999.5500 2007.1100 10.4786 0 0 0 0
1706674827.989999950 999.5374 2007.2354 10.4832 0 0 0 0
1706674828.220000211 999.5271 2007.4692 10.4807 0 0 0 0
1706674828.570000199 999.5247 2007.7149 10.4879 0 0 0 0
1706674829.009999824 999.5383 2007.9675 10.4897 0 0 0 0
1706674829.380000080 999.5512 2008.3026 10.4955 0 0 0 0
1706674829.790000245 999.5130 2008.6915 10.4723 0 0 0 0
1706674830.110000144 999.5145 2009.0443 10.4741 0 0 0 0
1706674830.479999771 999.5204 2009.3015 10.4749 0 0 0 0
1706674830.870000296 999.4768 2009.6077 10.4404 0 0 0 0
1706674831.169999926 999.4325 2009.9771 10.4266 0 0 0 0
1706674831.550000003 999.4413 2010.2195 10.4196 0 0 0 0
1706674831.990000256 999.4507 2010.5181 10.4180 0 0 0 0
1706674832.380000153 999.4531 2010.8023 10.4279 0 0 0 0
1706674832.870000135 999.4862 2011.1304 10.4242 0 0 0 0
1706674833.299999940 999.4814 2011.5039 10.4209 0 0 0 0
1706674833.719999925 999.3918 2011.9180 10.4301 0 0 0 0
1706674834.050000273 999.3547 2012.2931 10.4239 0 0 0 0
1706674834.389999812 999.3184 2012.5572 10.4114 0 0 0 0
1706674834.729999979 999.2944 2012.8070 10.4201 0 0 0 0
1706674835.240000230 999.3106 2013.1245 10.4209 0 0 0 0
1706674835.539999860 999.2881 2013.4226 10.4113 0 0 0 0
1706674835.950000025 999.2403 2013.7065 10.4204 0 0 0 0
1706674836.339999922 999.2382 2014.0621 10.4115 0 0 0 0
1706674836.719999998 999.2041 2014.3815 10.4079 0 0 0 0
1706674837.160000252 999.1432 2014.7308 10.4221 0 0 0 0
1706674837.489999970 999.1184 2015.1183 10.4119 0 0 0 0
1706674837.870000047 999.0949 2015.3785 10.4164 0 0 0 0
1706674838.129999768 999.0650 2015.6492 10.4061 0 0 0 0
1706674838.460000115 999.0461 2015.9184 10.4153 0 0 0 0
1706674838.990000007 999.0256 2016.2654 10.4040 0 0 0 0
1706674839.330000174 998.9578 2016.6894 10.3954 0 0 0 0
1706674839.729999891 998.9340 2016.9954 10.4039 0 0 0 0
1706674840.070000058 998.9700 2017.3493 10.3950 0 0 0 0
1706674840.359999868 998.9833 2017.6113 10.3836 0 0 0 0
1706674840.620000218 998.9784 2017.8595 10.3765 0 0 0 0
1706674841.019999934 998.9740 2018.1049 10.3786 0 0 0 0
1706674841.309999744 998.9714 2018.3511 10.3640 0 0 0 0
1706674841.649999912 998.9301 2018.5870 10.3598 0 0 0 0
1706674841.889999993 998.8790 2018.8266 10.3606 0 0 0 0
1706674842.270000069 998.8543 2019.2030 10.3632 0 0 0 0
1706674842.599999788 998.8486 2019.4601 10.3646 0 0 0 0
1706674843.030000222 998.8315 2019.7248 10.3545 0 0 0 0
1706674843.320000032 998.8296 2020.0444 10.3695 0 0 0 0
1706674843.690000288 998.8683 2020.3658 10.3702 0 0 0 0
1706674844.069999736 998.8443 2020.7157 10.3519 0 0 0 0
1706674844.449999812 998.8010 2020.9800 10.3651 0 0 0 0
1706674844.680000073 998.7792 2021.3429 10.3471 0 0 0 0
1706674844.929999975 998.7598 2021.5279 10.3471 0 0 0 0
1706674845.189999696 998.6782 2021.8696 10.3265 0 0 0 0
1706674845.349999960 998.6782 2021.8696 10.3265 0 0 0 0
1706674845.620000130 998.6371 2022.1327 10.3401 0 0 0 0
1706674846.070000203 998.6194 2022.4909 10.3304 0 0 0 0
1706674846.430000011 998.6042 2022.7653 10.3201 0 0 0 0
1706674846.829999727 998.5770 2023.1692 10.3243 0 0 0 0
1706674847.279999801 998.5760 2023.5422 10.3170 0 0 0 0
1706674847.619999968 998.5548 2023.8928 10.3047 0 0 0 0
1706674847.949999687 998.5315 2024.2899 10.3153 0 0 0 0
1706674848.179999948 998.5387 2024.5569 10.3133 0 0 0 0
1706674848.490000027 998.5418 2024.6998 10.3213 0 0 0 0
1706674848.790000286 998.5344 2024.9780 10.3093 0 0 0 0
1706674849.080000096 998.5197 2025.2688 10.3182 0 0 0 0
1706674849.339999817 998.5110 2025.5565 10.2999 0 0 0 0
1706674849.570000079 998.4932 2025.8423 10.3031 0 0 0 0
1706674849.899999797 998.4520 2026.1711 10.2745 0 0 0 0
1706674850.249999785 998.4206 2026.5000 10.2768 0 0 0 0
1706674850.640000310 998.4133 2026.8010 10.2626 0 0 0 0
1706674850.879999762 998.4023 2027.0762 10.2614 0 0 0 0
1706674851.130000292 998.3726 2027.3455 10.2574 0 0 0 0
1706674851.390000014 998.3547 2027.6778 10.2593 0 0 0 0
1706674851.520000189 998.3547 2027.6778 10.2593 0 0 0 0
1706674851.789999730 998.3332 2028.0188 10.2678 0 0 0 0
1706674851.949999994 998.3332 2028.0188 10.2678 0 0 0 0
1706674852.209999715 998.3014 2028.2988 10.2459 0 0 0 0
1706674852.500000154 998.2810 2028.5707 10.2590 0 0 0 0
1706674852.820000052 998.2977 2028.8608 10.2471 0 0 0 0
1706674853.100000042 998.3218 2029.1360 10.2488 0 0 0 0
1706674853.419999941 998.3233 2029.4050 10.2296 0 0 0 0
1706674853.690000111 998.3205 2029.6623 10.2478 0 0 0 0
1706674853.879999835 998.3266 2029.8542 10.2394 0 0 0 0
1706674854.210000183 998.3118 2030.1186 10.2483 0 0 0 0
1706674854.609999899 998.2674 2030.4097 10.2264 0 0 0 0
1706674854.849999980 998.2379 2030.7140 10.2351 0 0 0 0
1706674855.109999701 998.2391 2030.9964 10.2193 0 0 0 0
1706674855.349999783 998.2422 2031.1516 10.2234 0 0 0 0
1706674855.570000224 998.2369 2031.3356 10.2212 0 0 0 0
1706674855.790000036 998.2112 2031.6025 10.2081 0 0 0 0
1706674855.960000120 998.2012 2031.8022 10.2185 0 0 0 0
1706674856.200000201 998.2051 2032.0075 10.2039 0 0 0 0
1706674856.599999918 998.2095 2032.1687 10.2018 0 0 0 0
1706674856.879999908 998.1876 2032.5251 10.1959 0 0 0 0
1706674857.159999898 998.1649 2032.7989 10.2051 0 0 0 0
1706674857.439999888 998.1698 2033.0915 10.1905 0 0 0 0
1706674857.840000233 998.1488 2033.4883 10.1879 0 0 0 0
1706674858.139999863 998.0789 2033.9115 10.1856 0 0 0 0
1706674858.419999853 998.0789 2033.9115 10.1856 0 0 0 0
1706674858.760000020 998.0710 2034.2664 10.1722 0 0 0 0
1706674859.130000276 998.0332 2034.6846 10.1656 0 0 0 0
1706674859.369999729 998.0042 2034.9005 10.1804 0 0 0 0
1706674859.599999990 998.0042 2034.9005 10.1804 0 0 0 0
1706674859.949999978 997.9796 2035.2168 10.1600 0 0 0 0
1706674860.250000237 997.9562 2035.4316 10.1659 0 0 0 0
1706674860.589999775 997.9210 2035.6870 10.1510 0 0 0 0
1706674861.030000029 997.9246 2036.2961 10.1464 0 0 0 0
1706674861.330000288 997.9286 2036.5559 10.1420 0 0 0 0
1706674861.499999743 997.9286 2036.5559 10.1420 0 0 0 0
1706674861.820000270 997.9168 2036.7960 10.1248 0 0 0 0
1706674862.089999812 997.9045 2037.0773 10.1317 0 0 0 0
1706674862.420000159 997.8927 2037.3459 10.1193 0 0 0 0
1706674862.630000152 997.8727 2037.5967 10.1199 0 0 0 0
1706674863.050000137 997.8255 2037.9573 10.1078 0 0 0 0
1706674863.449999853 997.8183 2038.2955 10.0983 0 0 0 0
1706674863.860000018 997.8205 2038.5555 10.0983 0 0 0 0
1706674864.210000006 997.7948 2038.8956 10.0771 0 0 0 0
1706674864.599999902 997.7896 2039.1501 10.0911 0 0 0 0
1706674865.000000247 997.8085 2039.5286 10.0923 0 0 0 0
1706674865.379999694 997.8021 2039.8499 10.0811 0 0 0 0
1706674865.700000222 997.7762 2040.1869 10.0852 0 0 0 0
1706674866.069999849 997.7573 2040.4636 10.0665 0 0 0 0
1706674866.319999751 997.7294 2040.7319 10.0659 0 0 0 0
1706674866.610000189 997.6876 2041.0008 10.0473 0 0 0 0
1706674866.899999999 997.6743 2041.2673 10.0573 0 0 0 0
1706674867.289999896 997.6772 2041.5321 10.0498 0 0 0 0
1706674867.529999977 997.6584 2041.9087 10.0408 0 0 0 0
1706674867.929999693 997.6159 2042.2454 10.0406 0 0 0 0
1706674868.269999861 997.5986 2042.5157 10.0307 0 0 0 0
1706674868.579999940 997.5740 2042.7811 10.0355 0 0 0 0
1706674868.960000016 997.5321 2043.0648 10.0137 0 0 0 0
1706674869.170000008 997.4983 2043.3468 10.0116 0 0 0 0
1706674869.459999818 997.4861 2043.6288 9.9911 0 0 0 0
1706674869.750000257 997.4471 2044.0585 9.9798 0 0 0 0
1706674869.949999801 997.4471 2044.0585 9.9798 0 0 0 0
1706674870.240000240 997.4134 2044.2810 9.9827 0 0 0 0
1706674870.569999958 997.4036 2044.4867 9.9880 0 0 0 0
1706674870.910000126 997.3759 2044.7762 9.9849 0 0 0 0
1706674871.339999931 997.2417 2045.3825 9.9601 0 0 0 0
1706674871.610000101 997.2417 2045.3825 9.9601 0 0 0 0
1706674871.979999729 997.2409 2045.7324 9.9549 0 0 0 0
1706674872.459999891 997.2521 2046.1067 9.9562 0 0 0 0
1706674872.830000147 997.2754 2046.4621 9.9621 0 0 0 0
1706674873.140000226 997.3102 2046.8522 9.9495 0 0 0 0
1706674873.549999762 997.3039 2047.1784 9.9398 0 0 0 0
1706674873.880000110 997.2868 2047.4354 9.9396 0 0 0 0
1706674874.169999920 997.2724 2047.6947 9.9410 0 0 0 0
1706674874.400000181 997.2567 2047.9480 9.9408 0 0 0 0
1706674874.720000080 997.2279 2048.2113 9.9263 0 0 0 0
1706674875.049999799 997.1932 2048.5017 9.9310 0 0 0 0
1706674875.410000235 997.1703 2048.7917 9.9175 0 0 0 0
1706674875.730000134 997.1293 2049.2115 9.9090 0 0 0 0
1706674876.129999850 997.0563 2049.5912 9.8897 0 0 0 0
1706674876.570000104 997.0368 2049.8852 9.8865 0 0 0 0
1706674876.840000274 997.0317 2050.1964 9.8850 0 0 0 0
1706674877.099999995 997.0241 2050.4811 9.8720 0 0 0 0
1706674877.510000160 997.0124 2050.8503 9.8763 0 0 0 0
1706674877.739999793 997.0149 2051.1249 9.8582 0 0 0 0
1706674878.000000142 996.9951 2051.4394 9.8529 0 0 0 0
1706674878.289999953 996.9477 2051.6922 9.8392 0 0 0 0
1706674878.649999760 996.8983 2051.9901 9.8532 0 0 0 0
1706674878.929999750 996.8848 2052.2948 9.8348 0 0 0 0
1706674879.339999915 996.8698 2052.6312 9.8365 0 0 0 0
1706674879.670000263 996.8468 2053.0144 9.8255 0 0 0 0
1706674879.939999804 996.8530 2053.3204 9.8101 0 0 0 0
1706674880.179999885 996.8631 2053.5990 9.8187 0 0 0 0
1706674880.450000055 996.8567 2053.8043 9.8090 0 0 0 0
1706674880.669999868 996.8477 2053.9842 9.7972 0 0 0 0
1706674880.970000126 996.8318 2054.3417 9.8067 0 0 0 0
1706674881.240000296 996.8225 2054.6640 9.7843 0 0 0 0
1706674881.640000013 996.8029 2054.9761 9.7835 0 0 0 0
1706674881.950000091 996.7655 2055.2889 9.7659 0 0 0 0
1706674882.300000079 996.7275 2055.6700 9.7563 0 0 0 0
1706674882.720000064 996.7117 2056.0397 9.7594 0 0 0 0
1706674883.019999694 996.7045 2056.3258 9.7374 0 0 0 0
1706674883.289999864 996.7193 2056.6410 9.7544 0 0 0 0
1706674883.679999760 996.7363 2057.0026 9.7423 0 0 0 0
1706674884.029999748 996.7094 2057.2697 9.7308 0 0 0 0
1706674884.409999824 996.6461 2057.8630 9.7213 0 0 0 0
1706674884.710000083 996.6461 2057.8630 9.7213 0 0 0 0
1706674884.990000073 996.5990 2058.2879 9.7123 0 0 0 0
1706674885.379999969 996.5353 2058.6876 9.6830 0 0 0 0
1706674885.760000045 996.5068 2059.1178 9.6736 0 0 0 0
1706674886.159999762 996.5008 2059.4881 9.6791 0 0 0 0
1706674886.639999924 996.4360 2059.8490 9.6598 0 0 0 0
1706674887.050000089 996.3864 2060.3122 9.6538 0 0 0 0
1706674887.449999806 996.3335 2060.7117 9.6507 0 0 0 0
1706674887.750000064 996.3143 2061.0150 9.6415 0 0 0 0
1706674888.079999783 996.3171 2061.3171 9.6424 0 0 0 0
1706674888.340000133 996.3209 2061.6106 9.6353 0 0 0 0
1706674888.629999943 996.3106 2061.7768 9.6361 0 0 0 0
1706674888.970000111 996.2742 2062.1065 9.6127 0 0 0 0
1706674889.390000096 996.2555 2062.4860 9.6050 0 0 0 0
1706674889.859999809 996.2436 2062.8734 9.6019 0 0 0 0
1706674890.260000154 996.1909 2063.3335 9.5775 0 0 0 0
1706674890.750000137 996.1609 2063.7315 9.5652 0 0 0 0
1706674891.039999947 996.1407 2064.2441 9.5532 0 0 0 0
1706674891.289999848 996.1299 2064.5397 9.5528 0 0 0 0
1706674891.650000284 996.1452 2064.8241 9.5526 0 0 0 0
1706674892.059999821 996.1620 2065.1976 9.5513 0 0 0 0
1706674892.420000257 996.1431 2065.5663 9.5341 0 0 0 0
1706674892.899999791 996.1311 2065.9960 9.5164 0 0 0 0
1706674893.400000222 996.1058 2066.4692 9.5044 0 0 0 0
1706674893.850000296 996.0896 2066.8914 9.5014 0 0 0 0
1706674894.119999837 996.1197 2067.2963 9.4891 0 0 0 0
1706674894.560000091 996.0807 2067.6441 9.4710 0 0 0 0
1706674894.970000256 996.0174 2068.0194 9.4707 0 0 0 0
1706674895.419999701 995.9961 2068.4115 9.4563 0 0 0 0
1706674895.920000132 995.9519 2068.8467 9.4365 0 0 0 0
1706674896.319999848 995.9119 2069.3460 9.4270 0 0 0 0
1706674896.590000018 995.8999 2069.6269 9.4182 0 0 0 0
1706674896.890000277 995.8788 2069.9030 9.3982 0 0 0 0
1706674897.250000085 995.8659 2070.1700 9.3952 0 0 0 0
1706674897.530000075 995.8711 2070.4276 9.3851 0 0 0 0
1706674897.910000151 995.8725 2070.7734 9.3770 0 0 0 0
1706674898.220000230 995.8442 2071.0181 9.3610 0 0 0 0
1706674898.440000042 995.8190 2071.2805 9.3764 0 0 0 0
1706674898.740000301 995.8079 2071.5525 9.3576 0 0 0 0
1706674898.990000202 995.7803 2071.8097 9.3583 0 0 0 0
1706674899.319999921 995.7379 2072.0934 9.3339 0 0 0 0
1706674899.720000266 995.7024 2072.3878 9.3407 0 0 0 0
1706674900.029999716 995.6871 2072.8011 9.3223 0 0 0 0
1706674900.369999884 995.6642 2073.0449 9.3105 0 0 0 0
1706674900.640000054 995.6274 2073.3399 9.3032 0 0 0 0
1706674901.039999770 995.6051 2073.6348 9.2989 0 0 0 0
1706674901.489999844 995.6144 2074.0645 9.2910 0 0 0 0
1706674901.920000277 995.6175 2074.5228 9.2706 0 0 0 0
1706674902.289999905 995.6184 2074.8801 9.2608 0 0 0 0
1706674902.609999804 995.6129 2075.1353 9.2575 0 0 0 0
1706674902.879999974 995.5876 2075.4007 9.2396 0 0 0 0
1706674903.269999870 995.5611 2075.9343 9.2313 0 0 0 0
1706674903.400000045 995.5611 2075.9343 9.2313 0 0 0 0
1706674903.700000304 995.5460 2076.1877 9.2381 0 0 0 0
1706674904.139999929 995.5235 2076.4688 9.2201 0 0 0 0
1706674904.429999739 995.5082 2076.8456 9.2312 0 0 0 0
1706674904.890000261 995.5276 2077.2347 9.2168 0 0 0 0
1706674905.219999980 995.4939 2077.5369 9.1866 0 0 0 0
1706674905.429999973 995.4541 2077.8417 9.1918 0 0 0 0
1706674905.840000138 995.4285 2078.2196 9.1711 0 0 0 0
1706674906.129999948 995.3956 2078.4922 9.1678 0 0 0 0
1706674906.400000118 995.3520 2078.7791 9.1482 0 0 0 0
1706674906.820000103 995.3174 2079.0500 9.1577 0 0 0 0
1706674907.140000002 995.3000 2079.5401 9.1459 0 0 0 0
1706674907.300000265 995.3000 2079.5401 9.1459 0 0 0 0
1706674907.580000255 995.2713 2079.8119 9.1272 0 0 0 0
1706674907.930000243 995.2419 2080.0858 9.1380 0 0 0 0
1706674908.199999784 995.2258 2080.3948 9.1198 0 0 0 0
1706674908.500000043 995.2034 2080.5671 9.1207 0 0 0 0
1706674908.770000213 995.1600 2080.8877 9.0943 0 0 0 0
1706674909.010000294 995.1466 2081.1967 9.1117 0 0 0 0
1706674909.440000099 995.1644 2081.4529 9.0915 0 0 0 0
1706674909.699999820 995.1741 2081.7522 9.0913 0 0 0 0
1706674910.100000165 995.1501 2082.0589 9.0681 0 0 0 0
1706674910.340000247 995.1118 2082.4524 9.0657 0 0 0 0
1706674910.609999788 995.1042 2082.7488 9.0685 0 0 0 0
1706674911.040000222 995.0599 2083.1080 9.0369 0 0 0 0
1706674911.360000120 995.0450 2083.4407 9.0498 0 0 0 0
1706674911.829999834 995.0430 2084.1695 9.0215 0 0 0 0
1706674912.090000184 995.0430 2084.1695 9.0215 0 0 0 0
1706674912.440000172 994.9905 2084.5796 9.0237 0 0 0 0
1706674912.919999706 994.9587 2084.8892 9.0002 0 0 0 0
1706674913.180000056 994.9105 2085.2819 8.9907 0 0 0 0
1706674913.569999952 994.8730 2085.6944 8.9907 0 0 0 0
1706674913.959999848 994.8685 2086.1089 8.9637 0 0 0 0
1706674914.169999841 994.8366 2086.4477 8.9492 0 0 0 0
1706674914.349999744 994.8171 2086.6432 8.9326 0 0 0 0
1706674914.640000183 994.8159 2086.8665 8.9488 0 0 0 0
1706674914.950000262 994.8421 2087.1138 8.9364 0 0 0 0
1706674915.219999803 994.8422 2087.4084 8.9473 0 0 0 0
1706674915.620000148 994.8109 2087.6550 8.9147 0 0 0 0
1706674915.819999692 994.7648 2087.9660 8.9284 0 0 0 0
1706674916.119999951 994.7327 2088.2305 8.9084 0 0 0 0
1706674916.590000293 994.7022 2088.5161 8.9099 0 0 0 0
1706674916.950000101 994.6599 2088.9210 8.8940 0 0 0 0
1706674917.419999815 994.6694 2089.3417 8.8786 0 0 0 0
1706674917.850000248 994.6681 2089.7929 8.8621 0 0 0 0
1706674918.200000236 994.6593 2090.1987 8.8610 0 0 0 0
1706674918.630000041 994.6609 2090.4755 8.8415 0 0 0 0
1706674918.930000300 994.6224 2090.8723 8.8374 0 0 0 0
1706674919.360000105 994.5659 2091.2365 8.8334 0 0 0 0
1706674919.689999823 994.5347 2091.6613 8.8126 0 0 0 0
1706674920.079999720 994.4666 2092.2945 8.7844 0 0 0 0
1706674920.249999803 994.4666 2092.2945 8.7844 0 0 0 0
1706674920.650000148 994.4713 2092.6694 8.7849 0 0 0 0
1706674921.040000045 994.4753 2092.9736 8.7866 0 0 0 0
1706674921.329999855 994.4571 2093.2262 8.7685 0 0 0 0
1706674921.749999840 994.3933 2093.6312 8.7703 0 0 0 0
1706674922.120000096 994.3479 2094.0380 8.7481 0 0 0 0
1706674922.559999721 994.2974 2094.4819 8.7213 0 0 0 0
1706674922.960000066 994.2955 2094.8795 8.7267 0 0 0 0
1706674923.399999691 994.2964 2095.3144 8.7115 0 0 0 0
1706674923.940000031 994.2787 2095.8211 8.6897 0 0 0 0
1706674924.409999745 994.2987 2096.2804 8.6801 0 0 0 0
1706674924.840000179 994.2668 2096.7480 8.6620 0 0 0 0
1706674925.370000070 994.2149 2097.1934 8.6664 0 0 0 0
1706674925.729999878 994.1864 2097.6925 8.6464 0 0 0 0
1706674926.060000225 994.1221 2098.3075 8.6314 0 0 0 0
1706674926.329999766 994.1221 2098.3075 8.6314 0 0 0 0
1706674926.700000023 994.1282 2098.6860 8.6089 0 0 0 0
1706674927.050000010 994.1080 2099.3201 8.5967 0 0 0 0
1706674927.220000094 994.1080 2099.3201 8.5967 0 0 0 0
1706674927.649999899 994.1130 2099.7428 8.5848 0 0 0 0
1706674927.969999798 994.1117 2100.0246 8.5928 0 0 0 0
1706674928.309999965 994.0893 2100.3182 8.5636 0 0 0 0
1706674928.669999773 994.0354 2100.7818 8.5664 0 0 0 0
1706674929.110000026 994.0033 2101.0757 8.5587 0 0 0 0
1706674929.359999928 993.9490 2101.4254 8.5325 0 0 0 0
1706674929.779999913 993.9733 2101.7017 8.5298 0 0 0 0
1706674930.150000169 994.0117 2101.8509 8.5164 0 0 0 0
1706674930.589999794 994.0443 2101.9591 8.5209 0 0 0 0
1706674930.909999693 994.0858 2102.0253 8.5240 0 0 0 0
1706674931.219999772 994.1577 2102.0735 8.5252 0 0 0 0
1706674931.620000117 994.3082 2102.1049 8.5163 0 0 0 0
1706674932.040000102 994.3841 2102.1022 8.5135 0 0 0 0
1706674932.499999995 994.4426 2102.0490 8.5171 0 0 0 0
1706674932.950000069 994.4686 2101.8475 8.5148 0 0 0 0
1706674933.349999785 994.4151 2101.6267 8.5139 0 0 0 0
1706674933.740000310 994.3581 2101.4033 8.5104 0 0 0 0
1706674934.130000207 994.3116 2101.1714 8.5165 0 0 0 0
1706674934.569999832 994.2430 2100.8618 8.5318 0 0 0 0
1706674934.959999728 994.2351 2100.5499 8.5323 0 0 0 0
1706674935.320000164 994.2433 2100.2501 8.5535 0 0 0 0
1706674935.679999972 994.2214 2099.9404 8.5605 0 0 0 0
1706674936.109999777 994.2156 2099.6659 8.5704 0 0 0 0
1706674936.540000211 994.2114 2099.1821 8.5811 0 0 0 0
1706674936.869999929 994.2114 2099.1821 8.5811 0 0 0 0
1706674937.329999823 994.1343 2098.9353 8.5995 0 0 0 0
1706674937.669999991 994.0929 2098.6656 8.5964 0 0 0 0
1706674937.989999889 994.0997 2098.3900 8.6197 0 0 0 0
1706674938.430000143 994.1000 2098.0466 8.6366 0 0 0 0
1706674938.719999953 994.1321 2097.7367 8.6261 0 0 0 0
1706674939.009999763 994.1748 2097.5392 8.6260 0 0 0 0
1706674939.400000288 994.2376 2097.2533 8.6381 0 0 0 0
1706674939.820000273 994.2791 2096.9099 8.6502 0 0 0 0
1706674940.219999989 994.2937 2096.4906 8.6512 0 0 0 0
1706674940.590000246 994.2986 2096.1062 8.6710 0 0 0 0
1706674940.989999962 994.2951 2095.7555 8.6872 0 0 0 0
1706674941.320000309 994.3069 2095.3791 8.6854 0 0 0 0
1706674941.729999846 994.2692 2094.8940 8.7105 0 0 0 0
1706674941.899999930 994.2692 2094.8940 8.7105 0 0 0 0
1706674942.140000011 994.2490 2094.7371 8.7257 0 0 0 0
1706674942.310000095 994.2434 2094.5364 8.7251 0 0 0 0
1706674942.599999905 994.2586 2094.2754 8.7194 0 0 0 0
1706674942.879999895 994.2988 2094.0220 8.7291 0 0 0 0
1706674943.339999788 994.3898 2093.4596 8.7321 0 0 0 0
1706674943.670000136 994.3898 2093.4596 8.7321 0 0 0 0
1706674944.130000030 994.4509 2093.1107 8.7420 0 0 0 0
1706674944.519999926 994.4743 2092.7691 8.7541 0 0 0 0
1706674944.979999820 994.4964 2092.3587 8.7739 0 0 0 0
1706674945.310000167 994.5137 2092.0307 8.7782 0 0 0 0
1706674945.669999975 994.4926 2091.6842 8.7909 0 0 0 0
1706674945.889999787 994.4848 2091.4491 8.8073 0 0 0 0
1706674946.169999777 994.4855 2091.2476 8.8091 0 0 0 0
1706674946.390000219 994.5068 2091.0008 8.8030 0 0 0 0
1706674946.740000206 994.5181 2090.8407 8.8246 0 0 0 0
1706674946.960000019 994.5304 2090.5607 8.8239 0 0 0 0
1706674947.230000189 994.5550 2090.3178 8.8453 0 0 0 0
1706674947.669999814 994.6177 2089.9157 8.8350 0 0 0 0
1706674948.009999981 994.6686 2089.6406 8.8525 0 0 0 0
1706674948.359999969 994.7141 2089.2418 8.8591 0 0 0 0
1706674948.730000225 994.7315 2088.9509 8.8652 0 0 0 0
1706674949.110000301 994.7641 2088.6221 8.8841 0 0 0 0
1706674949.390000291 994.7916 2088.2525 8.8868 0 0 0 0
1706674949.650000012 994.8025 2088.0954 8.8971 0 0 0 0
1706674949.939999823 994.8179 2087.8217 8.8896 0 0 0 0
1706674950.240000081 994.8556 2087.5265 8.9072 0 0 0 0
1706674950.629999978 994.8598 2087.1750 8.9144 0 0 0 0
1706674951.059999783 994.8381 2086.8232 8.9330 0 0 0 0
1706674951.399999950 994.8473 2086.5870 8.9294 0 0 0 0
1706674951.749999938 994.8578 2086.3475 8.9536 0 0 0 0
1706674951.990000019 994.8742 2085.8766 8.9649 0 0 0 0
1706674952.099999925 994.8742 2085.8766 8.9649 0 0 0 0
1706674952.540000179 994.9329 2085.3289 8.9769 0 0 0 0
1706674952.839999809 994.9329 2085.3289 8.9769 0 0 0 0
1706674953.210000065 994.9710 2084.9431 8.9793 0 0 0 0
1706674953.509999695 994.9882 2084.6666 9.0032 0 0 0 0
1706674953.940000129 995.0086 2084.3058 9.0083 0 0 0 0
1706674954.360000114 994.9968 2083.9311 9.0220 0 0 0 0
1706674954.729999742 995.0024 2083.5848 9.0308 0 0 0 0
1706674955.190000264 995.0578 2083.1701 9.0333 0 0 0 0
1706674955.659999978 995.0913 2082.4425 9.0523 0 0 0 0
1706674955.949999788 995.0913 2082.4425 9.0523 0 0 0 0
1706674956.460000039 995.1214 2082.0575 9.0612 0 0 0 0
1706674956.910000113 995.1521 2081.5725 9.0799 0 0 0 0
1706674957.309999829 995.2456 2080.8754 9.0960 0 0 0 0
1706674957.510000002 995.2456 2080.8754 9.0960 0 0 0 0
1706674957.829999900 995.2497 2080.5806 9.1011 0 0 0 0
1706674958.139999979 995.2256 2080.2199 9.1230 0 0 0 0
1706674958.580000233 995.2394 2079.8558 9.1274 0 0 0 0
1706674958.979999949 995.2550 2079.5053 9.1409 0 0 0 0
1706674959.390000114 995.2865 2079.1379 9.1526 0 0 0 0
1706674959.810000099 995.3381 2078.7018 9.1549 0 0 0 0
1706674960.269999993 995.3882 2078.2270 9.1634 0 0 0 0
1706674960.769999796 995.4159 2077.8572 9.1804 0 0 0 0
1706674961.109999963 995.4586 2077.4663 9.2021 0 0 0 0
1706674961.520000128 995.4571 2077.1779 9.2056 0 0 0 0
1706674961.919999844 995.4653 2076.8082 9.2220 0 0 0 0
1706674962.290000101 995.4948 2076.2987 9.2418 0 0 0 0
1706674962.670000177 995.4722 2075.7048 9.2545 0 0 0 0
1706674962.840000261 995.4722 2075.7048 9.2545 0 0 0 0
1706674963.179999799 995.4848 2075.4054 9.2452 0 0 0 0
1706674963.589999964 995.4968 2075.1220 9.2705 0 0 0 0
1706674963.920000312 995.4892 2074.7353 9.2895 0 0 0 0
1706674964.289999940 995.5155 2074.4111 9.2799 0 0 0 0
1706674964.649999747 995.5540 2074.0323 9.3036 0 0 0 0
1706674964.940000186 995.5751 2073.7507 9.3074 0 0 0 0
1706674965.220000176 995.6029 2073.4904 9.3177 0 0 0 0
1706674965.530000255 995.6502 2073.2229 9.3100 0 0 0 0
1706674965.789999976 995.6707 2072.9073 9.3300 0 0 0 0
1706674966.139999963 995.6635 2072.6322 9.3371 0 0 0 0
1706674966.529999860 995.6603 2072.3654 9.3513 0 0 0 0
1706674967.040000111 995.6717 2071.9922 9.3598 0 0 0 0
1706674967.469999916 995.6652 2071.5314 9.3718 0 0 0 0
1706674967.759999726 995.6901 2071.1652 9.3723 0 0 0 0
1706674968.080000253 995.7346 2070.9036 9.3890 0 0 0 0
1706674968.430000241 995.7629 2070.6422 9.3926 0 0 0 0
1706674968.720000051 995.7928 2070.2983 9.4110 0 0 0 0
1706674969.100000127 995.8375 2069.9691 9.4036 0 0 0 0
1706674969.429999846 995.8705 2069.3949 9.4285 0 0 0 0
1706674969.720000285 995.8705 2069.3949 9.4285 0 0 0 0
1706674970.220000087 995.8879 2069.0067 9.4411 0 0 0 0
1706674970.609999984 995.9719 2068.5176 9.4567 0 0 0 0
1706674970.899999794 995.9984 2068.2080 9.4536 0 0 0 0
1706674971.169999964 996.0125 2067.9235 9.4730 0 0 0 0
1706674971.599999769 996.0191 2067.6057 9.4630 0 0 0 0
1706674971.860000119 996.0147 2067.2408 9.4863 0 0 0 0
1706674972.229999746 996.0105 2066.9532 9.4932 0 0 0 0
1706674972.620000271 996.0315 2066.5384 9.4919 0 0 0 0
1706674972.999999719 996.0797 2066.1026 9.5148 0 0 0 0
1706674973.430000152 996.0924 2065.7121 9.5261 0 0 0 0
1706674973.890000046 996.1242 2065.3077 9.5242 0 0 0 0
1706674974.319999851 996.1559 2064.9751 9.5493 0 0 0 0
1706674974.599999841 996.1743 2064.6035 9.5589 0 0 0 0
1706674974.800000014 996.2080 2064.3419 9.5559 0 0 0 0
1706674975.119999913 996.2417 2064.0676 9.5656 0 0 0 0
1706674975.429999991 996.2684 2063.7380 9.5748 0 0 0 0
1706674975.719999801 996.2831 2063.4652 9.5891 0 0 0 0
1706674976.020000060 996.2931 2063.1925 9.5887 0 0 0 0
1706674976.370000048 996.3057 2062.9140 9.6033 0 0 0 0
1706674976.750000124 996.3023 2062.4874 9.6020 0 0 0 0
1706674977.070000023 996.3012 2062.1827 9.6180 0 0 0 0
1706674977.420000010 996.3250 2061.8505 9.6139 0 0 0 0
1706674977.639999823 996.3338 2061.5613 9.6396 0 0 0 0
1706674977.889999724 996.3314 2061.2615 9.6450 0 0 0 0
1706674978.250000160 996.3396 2060.9768 9.6532 0 0 0 0
1706674978.619999788 996.3744 2060.3434 9.6690 0 0 0 0
1706674978.920000046 996.3744 2060.3434 9.6690 0 0 0 0
1706674979.270000034 996.3857 2059.9710 9.6767 0 0 0 0
1706674979.589999933 996.4354 2059.6332 9.6602 0 0 0 0
1706674979.879999743 996.4922 2059.3318 9.6781 0 0 0 0
1706674980.299999728 996.5312 2058.9373 9.6787 0 0 0 0
1706674980.719999713 996.5578 2058.6131 9.6954 0 0 0 0
1706674981.099999789 996.5951 2058.1126 9.7107 0 0 0 0
1706674981.390000228 996.6045 2057.8127 9.7128 0 0 0 0
1706674981.560000312 996.6119 2057.5082 9.7324 0 0 0 0
1706674981.869999762 996.6410 2057.1621 9.7228 0 0 0 0
1706674982.330000284 996.6839 2056.5769 9.7491 0 0 0 0
1706674982.629999914 996.6839 2056.5769 9.7491 0 0 0 0
1706674983.070000168 996.7118 2056.2060 9.7490 0 0 0 0
1706674983.549999702 996.7606 2055.8302 9.7664 0 0 0 0
1706674983.929999778 996.7785 2055.1174 9.7828 0 0 0 0
1706674984.139999771 996.7785 2055.1174 9.7828 0 0 0 0
1706674984.460000298 996.8048 2054.8123 9.7834 0 0 0 0
1706674984.979999741 996.8348 2054.2548 9.7928 0 0 0 0
1706674985.259999731 996.8721 2053.8088 9.7928 0 0 0 0
1706674985.699999984 996.9104 2053.3865 9.8211 0 0 0 0
1706674986.059999792 996.9198 2053.0711 9.8240 0 0 0 0
1706674986.409999779 996.9600 2052.6456 9.8272 0 0 0 0
1706674986.649999861 996.9982 2052.3845 9.8429 0 0 0 0
1706674987.020000117 997.0310 2052.0795 9.8541 0 0 0 0
1706674987.430000282 997.0516 2051.6828 9.8734 0 0 0 0
1706674987.790000089 997.0629 2051.3337 9.8737 0 0 0 0
1706674988.130000257 997.0363 2051.0263 9.8786 0 0 0 0
1706674988.539999793 997.0211 2050.5972 9.8956 0 0 0 0
1706674988.870000141 997.0493 2050.1813 9.8816 0 0 0 0
1706674989.229999948 997.0925 2049.7215 9.8975 0 0 0 0
1706674989.579999936 997.1253 2049.4099 9.9100 0 0 0 0
1706674989.929999923 997.2131 2048.8007 9.9113 0 0 0 0
1706674990.249999822 997.2131 2048.8007 9.9113 0 0 0 0
1706674990.620000078 997.2264 2048.3890 9.9130 0 0 0 0
1706674990.989999706 997.2352 2048.0275 9.9291 0 0 0 0
1706674991.350000142 997.2563 2047.6293 9.9407 0 0 0 0
1706674991.770000127 997.2572 2047.2262 9.9482 0 0 0 0
1706674992.180000292 997.2719 2046.8383 9.9610 0 0 0 0
1706674992.430000193 997.3056 2046.4342 9.9746 0 0 0 0
1706674992.740000272 997.3228 2046.0806 9.9700 0 0 0 0
1706674993.049999722 997.3507 2045.7789 9.9849 0 0 0 0
1706674993.469999707 997.4146 2045.3876 9.9781 0 0 0 0
1706674993.879999872 997.4499 2044.9257 9.9911 0 0 0 0
1706674994.180000131 997.4637 2044.6195 10.0026 0 0 0 0
1706674994.420000212 997.5074 2044.3086 9.9878 0 0 0 0
1706674994.740000111 997.5552 2044.0100 10.0085 0 0 0 0
1706674994.999999832 997.5719 2043.7025 10.0018 0 0 0 0
1706674995.309999911 997.5781 2043.3891 10.0207 0 0 0 0
1706674995.610000170 997.5892 2043.0395 10.0165 0 0 0 0
1706674995.939999889 997.5870 2042.7257 10.0395 0 0 0 0
1706674996.229999699 997.5773 2042.4055 10.0405 0 0 0 0
1706674996.569999866 997.5787 2042.1110 10.0522 0 0 0 0
1706674996.870000125 997.5887 2041.8038 10.0501 0 0 0 0
1706674997.299999930 997.5983 2041.4886 10.0585 0 0 0 0
1706674997.530000191 997.6198 2041.0791 10.0731 0 0 0 0
1706674997.770000272 997.6622 2040.7293 10.0618 0 0 0 0
1706674998.099999991 997.6773 2040.3986 10.0856 0 0 0 0
1706674998.389999801 997.6789 2040.1561 10.0749 0 0 0 0
1706674998.620000063 997.6795 2039.8383 10.0944 0 0 0 0
1706674998.919999693 997.6895 2039.4947 10.0906 0 0 0 0
1706674999.259999860 997.7111 2039.1625 10.1036 0 0 0 0
1706674999.620000296 997.7384 2038.8237 10.0913 0 0 0 0
1706674999.989999924 997.7811 2038.4985 10.1012 0 0 0 0
1706675000.390000269 997.8504 2038.0811 10.1057 0 0 0 0
1706675000.850000163 997.8872 2037.6602 10.1119 0 0 0 0
1706675001.090000244 997.9135 2037.2086 10.1338 0 0 0 0
1706675001.419999963 997.9419 2036.8944 10.1392 0 0 0 0
1706675001.650000224 997.9571 2036.5664 10.1425 0 0 0 0
1706675002.040000120 997.9959 2036.1076 10.1523 0 0 0 0
1706675002.479999745 998.0490 2035.6691 10.1512 0 0 0 0
1706675002.840000181 998.0528 2035.1929 10.1578 0 0 0 0
1706675003.120000171 998.0645 2034.8839 10.1784 0 0 0 0
1706675003.449999890 998.0984 2034.5617 10.1603 0 0 0 0
1706675003.829999967 998.1334 2034.2326 10.1856 0 0 0 0
1706675004.240000132 998.1532 2033.7538 10.1873 0 0 0 0
1706675004.620000208 998.1742 2033.3594 10.1774 0 0 0 0
1706675004.919999838 998.1826 2033.0532 10.2003 0 0 0 0
1706675005.280000274 998.1820 2032.6449 10.1935 0 0 0 0
1706675005.689999810 998.2027 2032.2640 10.1964 0 0 0 0
1706675005.980000249 998.2385 2031.7839 10.2109 0 0 0 0
1706675006.330000237 998.2420 2031.4790 10.2004 0 0 0 0
1706675006.559999869 998.2498 2031.1318 10.2139 0 0 0 0
1706675006.920000305 998.2463 2030.7753 10.1943 0 0 0 0
1706675007.329999842 998.2428 2030.3452 10.2232 0 0 0 0
1706675007.660000189 998.2885 2029.9153 10.2406 0 0 0 0
1706675007.999999728 998.3255 2029.5929 10.2304 0 0 0 0
1706675008.339999896 998.3649 2029.1375 10.2445 0 0 0 0
1706675008.880000236 998.3877 2028.7308 10.2581 0 0 0 0
1706675009.160000226 998.4054 2028.2487 10.2546 0 0 0 0
1706675009.470000304 998.4270 2027.9161 10.2578 0 0 0 0
1706675009.739999846 998.4227 2027.5992 10.2715 0 0 0 0
1706675009.949999838 998.4266 2027.2770 10.2673 0 0 0 0
1706675010.329999914 998.4541 2026.9745 10.2831 0 0 0 0
1706675010.649999813 998.4611 2026.6538 10.2771 0 0 0 0
1706675011.039999709 998.4800 2026.3430 10.2944 0 0 0 0
1706675011.379999877 998.5351 2025.9474 10.2883 0 0 0 0
1706675011.740000313 998.5733 2025.4930 10.2995 0 0 0 0
1706675012.149999849 998.5948 2025.1025 10.3143 0 0 0 0
1706675012.669999921 998.6224 2024.6826 10.3122 0 0 0 0
1706675012.940000091 998.6593 2024.3667 10.3149 0 0 0 0
1706675013.169999723 998.6893 2024.0292 10.3229 0 0 0 0
1706675013.390000165 998.7220 2023.6906 10.3172 0 0 0 0
1706675013.859999878 998.7799 2023.2232 10.3262 0 0 0 0
1706675014.270000043 998.8025 2022.8901 10.3239 0 0 0 0
1706675014.739999757 998.8261 2022.4549 10.3342 0 0 0 0
1706675015.149999922 998.8755 2021.9434 10.3419 0 0 0 0
1706675015.520000178 998.8807 2021.4748 10.3461 0 0 0 0
1706675016.059999890 998.8750 2021.0615 10.3374 0 0 0 0
1706675016.549999872 998.8691 2020.6465 10.3482 0 0 0 0
1706675017.039999855 998.8565 2020.1217 10.3560 0 0 0 0
1706675017.380000022 998.9075 2019.5624 10.3618 0 0 0 0
1706675017.790000187 998.9527 2019.0534 10.3708 0 0 0 0
1706675018.159999815 998.9858 2018.5917 10.3681 0 0 0 0
1706675018.590000249 999.0049 2018.1751 10.3753 0 0 0 0
1706675019.099999871 999.0195 2017.4448 10.3836 0 0 0 0
1706675019.449999859 999.0195 2017.4448 10.3836 0 0 0 0
1706675019.720000029 999.0275 2017.0034 10.3792 0 0 0 0
1706675020.149999834 999.0671 2016.5059 10.3862 0 0 0 0
1706675020.590000087 999.1500 2016.0522 10.3858 0 0 0 0
1706675021.089999890 999.2029 2015.6453 10.3817 0 0 0 0
1706675021.560000232 999.2629 2015.1185 10.3842 0 0 0 0
1706675021.999999858 999.3069 2014.5922 10.4025 0 0 0 0
1706675022.279999848 999.3052 2014.2098 10.4186 0 0 0 0
1706675022.680000192 999.3279 2013.9090 10.4012 0 0 0 0
1706675022.970000003 999.3462 2013.5034 10.4133 0 0 0 0
1706675023.359999899 999.3482 2013.0556 10.4197 0 0 0 0
1706675023.709999886 999.3669 2012.7354 10.4162 0 0 0 0
1706675024.059999874 999.3877 2012.4111 10.4348 0 0 0 0
1706675024.439999950 999.4300 2011.6948 10.4353 0 0 0 0
1706675024.719999940 999.4300 2011.6948 10.4353 0 0 0 0
1706675025.139999925 999.4859 2011.2742 10.4425 0 0 0 0
1706675025.499999733 999.5297 2010.8340 10.4410 0 0 0 0
1706675025.820000260 999.6036 2010.3921 10.4287 0 0 0 0
1706675026.070000161 999.6301 2010.1699 10.4417 0 0 0 0
1706675026.329999883 999.6515 2009.8413 10.4401 0 0 0 0
1706675026.639999961 999.6766 2009.5320 10.4495 0 0 0 0
1706675026.970000309 999.7114 2009.2222 10.4376 0 0 0 0
1706675027.320000296 999.7217 2008.7261 10.4534 0 0 0 0
1706675027.580000018 999.6979 2008.4165 10.4660 0 0 0 0
1706675027.880000276 999.6979 2008.4165 10.4660 0 0 0 0
1706675028.179999907 999.7187 2007.9724 10.4515 0 0 0 0
1706675028.469999717 999.7457 2007.7172 10.4724 0 0 0 0
1706675028.879999882 999.7669 2007.2646 10.4749 0 0 0 0
1706675029.259999958 999.7840 2006.9561 10.4676 0 0 0 0
1706675029.630000214 999.8193 2006.5701 10.4789 0 0 0 0
1706675029.999999842 999.8327 2006.1831 10.4813 0 0 0 0
1706675030.410000007 999.8675 2005.7503 10.4774 0 0 0 0
1706675030.899999989 999.9260 2005.3481 10.4874 0 0 0 0
1706675031.259999797 999.9465 2004.9611 10.4761 0 0 0 0
1706675031.539999787 999.9588 2004.6827 10.4797 0 0 0 0
1706675031.819999777 999.9891 2004.4492 10.4674 0 0 0 0
1706675032.029999769 1000.0192 2004.1875 10.4787 0 0 0 0
1706675032.439999934 1000.0264 2003.8820 10.4750 0 0 0 0
1706675032.770000282 1000.0549 2003.6518 10.4639 0 0 0 0
1706675033.020000183 1000.1023 2003.4336 10.4464 0 0 0 0
1706675033.330000262 1000.1402 2003.2319 10.4508 0 0 0 0
1706675033.550000074 1000.1570 2003.0522 10.4276 0 0 0 0
1706675033.779999707 1000.1668 2002.9453 10.3837 0 0 0 0
1706675034.140000143 1000.1457 2002.7794 10.2138 0 0 0 0
1706675034.350000136 1000.1457 2002.7794 10.2138 0 0 0 0
1706675034.690000303 1000.0890 2002.7233 10.2151 0 0 0 0
1706675034.740000032 1000.0890 2002.7233 10.2151 0 0 0 0
1706675035.150000197 1000.1126 2002.6574 10.1870 0 0 0 0
1706675035.549999913 1000.1218 2002.6089 10.1177 0 0 0 0
1706675035.890000081 1000.0079 2002.6006 10.1065 0 0 0 0
1706675036.170000071 999.9946 2002.6231 10.1081 0 0 0 0
1706675036.219999800 999.9946 2002.6231 10.1081 0 0 0 0
1706675036.580000236 1000.0072 2002.6069 10.0994 0 0 0 0