1706671253.339999705 999.9838 2004.6362 10.1203 0 0 0 0
1706671253.450000240 999.9838 2004.6363 10.1203 0 0 0 0
1706671253.600000055 999.9838 2004.6363 10.1203 0 0 0 0
1706671253.819999867 999.9838 2004.6362 10.1203 0 0 0 0
1706671253.940000222 999.9838 2004.6362 10.1203 0 0 0 0
1706671254.160000035 999.9838 2004.6362 10.1203 0 0 0 0
1706671254.349999758 999.9838 2004.6362 10.1203 0 0 0 0
1706671254.449999845 999.9837 2004.6362 10.1203 0 0 0 0
1706671254.729999835 999.9837 2004.6362 10.1203 0 0 0 0
1706671255.070000002 999.9838 2004.6363 10.1203 0 0 0 0
1706671255.289999815 999.9838 2004.6361 10.1203 0 0 0 0
1706671255.529999896 999.9838 2004.6362 10.1203 0 0 0 0
1706671255.699999980 999.9838 2004.6362 10.1203 0 0 0 0
1706671255.889999704 999.9838 2004.6362 10.1203 0 0 0 0
1706671256.059999787 999.9837 2004.6362 10.1203 0 0 0 0
1706671256.309999689 999.9838 2004.6363 10.1203 0 0 0 0
1706671256.600000127 999.9838 2004.6363 10.1203 0 0 0 0
1706671256.780000031 999.9838 2004.6361 10.1203 0 0 0 0
1706671256.920000026 999.9838 2004.6364 10.1203 0 0 0 0
1706671257.220000285 999.9837 2004.6362 10.1202 0 0 0 0
1706671257.400000188 999.9837 2004.6361 10.1203 0 0 0 0
1706671257.589999912 999.9838 2004.6363 10.1203 0 0 0 0
1706671257.799999905 999.9837 2004.6363 10.1203 0 0 0 0
1706671258.019999717 999.9837 2004.6363 10.1203 0 0 0 0
1706671258.280000067 999.9838 2004.6363 10.1202 0 0 0 0
1706671258.480000240 999.9838 2004.6363 10.1202 0 0 0 0
1706671258.719999692 999.9838 2004.6362 10.1203 0 0 0 0
1706671258.989999862 999.9838 2004.6363 10.1203 0 0 0 0
1706671259.220000124 999.9838 2004.6363 10.1203 0 0 0 0
1706671259.449999756 999.9838 2004.6363 10.1203 0 0 0 0
1706671259.659999749 999.9838 2004.6362 10.1203 0 0 0 0
1706671259.869999741 999.9838 2004.6363 10.1203 0 0 0 0
1706671260.039999825 999.9838 2004.6363 10.1203 0 0 0 0
1706671260.209999909 999.9838 2004.6361 10.1203 0 0 0 0
1706671260.389999812 999.9838 2004.6363 10.1202 0 0 0 0
1706671260.650000162 999.9838 2004.6363 10.1203 0 0 0 0
1706671260.830000066 999.9838 2004.6363 10.1203 0 0 0 0
1706671261.219999962 999.9837 2004.6363 10.1202 0 0 0 0
1706671261.409999686 999.9838 2004.6362 10.1203 0 0 0 0
1706671261.630000127 999.9837 2004.6362 10.1203 0 0 0 0
1706671261.919999938 999.9838 2004.6363 10.1203 0 0 0 0
1706671262.180000287 999.9838 2004.6363 10.1202 0 0 0 0
1706671262.370000011 999.9837 2004.6363 10.1203 0 0 0 0
1706671262.600000273 999.9837 2004.6361 10.1203 0 0 0 0
1706671262.880000263 999.9838 2004.6362 10.1203 0 0 0 0
1706671263.069999986 999.9838 2004.6363 10.1203 0 0 0 0
1706671263.300000248 999.9838 2004.6362 10.1203 0 0 0 0
1706671263.499999791 999.9838 2004.6362 10.1203 0 0 0 0
1706671263.739999873 999.9838 2004.6362 10.1203 0 0 0 0
1706671263.970000134 999.9838 2004.6362 10.1203 0 0 0 0
1706671264.150000038 999.9838 2004.6362 10.1203 0 0 0 0
1706671264.329999941 999.9838 2004.6362 10.1203 0 0 0 0
1706671264.600000111 999.9838 2004.6362 10.1203 0 0 0 0
1706671264.880000101 999.9838 2004.6362 10.1203 0 0 0 0
1706671265.039999736 999.9838 2004.6362 10.1203 0 0 0 0
1706671265.269999998 999.9838 2004.6363 10.1203 0 0 0 0
1706671265.419999813 999.9837 2004.6363 10.1203 0 0 0 0
1706671265.599999717 999.9838 2004.6362 10.1203 0 0 0 0
1706671265.799999889 999.9838 2004.6363 10.1203 0 0 0 0
1706671266.109999968 999.9837 2004.6363 10.1203 0 0 0 0
1706671266.299999692 999.9838 2004.6363 10.1203 0 0 0 0
1706671266.499999864 999.9838 2004.6362 10.1203 0 0 0 0
1706671266.669999948 999.9837 2004.6362 10.1203 0 0 0 0
1706671266.800000123 999.9838 2004.6362 10.1203 0 0 0 0
1706671267.000000295 999.9838 2004.6362 10.1203 0 0 0 0
1706671267.229999928 999.9837 2004.6362 10.1203 0 0 0 0
1706671267.379999743 999.9837 2004.6363 10.1203 0 0 0 0
1706671267.509999918 999.9837 2004.6363 10.1203 0 0 0 0
1706671267.700000270 999.9838 2004.6362 10.1202 0 0 0 0
1706671267.899999814 999.9838 2004.6363 10.1202 0 0 0 0
1706671268.160000164 999.9838 2004.6362 10.1202 0 0 0 0
1706671268.300000159 999.9838 2004.6362 10.1202 0 0 0 0
1706671268.499999703 999.9837 2004.6362 10.1203 0 0 0 0
1706671268.699999875 999.9838 2004.6362 10.1203 0 0 0 0
1706671268.900000048 999.9838 2004.6362 10.1203 0 0 0 0
1706671269.119999860 999.9838 2004.6362 10.1203 0 0 0 0
1706671269.310000213 999.9838 2004.6362 10.1203 0 0 0 0
1706671269.509999757 999.9838 2004.6362 10.1203 0 0 0 0
1706671269.760000287 999.9837 2004.6362 10.1203 0 0 0 0
1706671270.020000008 999.9838 2004.6363 10.1202 0 0 0 0
1706671270.279999729 999.9838 2004.6363 10.1203 0 0 0 0
1706671270.509999990 999.9837 2004.6363 10.1202 0 0 0 0
1706671270.729999803 999.9837 2004.6363 10.1203 0 0 0 0
1706671270.920000155 999.9837 2004.6362 10.1203 0 0 0 0
1706671271.069999970 999.9838 2004.6363 10.1203 0 0 0 0
1706671271.209999966 999.9838 2004.6362 10.1203 0 0 0 0
1706671271.419999958 999.9837 2004.6362 10.1203 0 0 0 0
1706671271.669999859 999.9837 2004.6363 10.1203 0 0 0 0
1706671271.970000118 999.9838 2004.6362 10.1203 0 0 0 0
1706671272.199999751 999.9837 2004.6361 10.1202 0 0 0 0
1706671272.439999832 999.9838 2004.6363 10.1203 0 0 0 0
1706671272.719999822 999.9838 2004.6363 10.1202 0 0 0 0
1706671273.029999901 999.9838 2004.6362 10.1203 0 0 0 0
1706671273.179999716 999.9838 2004.6362 10.1203 0 0 0 0
1706671273.379999888 999.9838 2004.6363 10.1203 0 0 0 0
1706671273.629999789 999.9837 2004.6363 10.1203 0 0 0 0
1706671273.960000137 999.9838 2004.6362 10.1203 0 0 0 0
1706671274.219999858 999.9838 2004.6362 10.1203 0 0 0 0
1706671274.450000119 999.9838 2004.6363 10.1203 0 0 0 0
1706671274.849999836 999.9838 2004.6364 10.1203 0 0 0 0
1706671275.129999826 999.9838 2004.6362 10.1203 0 0 0 0
1706671275.360000087 999.9838 2004.6362 10.1203 0 0 0 0
1706671275.570000079 999.9838 2004.6362 10.1203 0 0 0 0
1706671275.829999801 999.9838 2004.6363 10.1203 0 0 0 0
1706671276.050000242 999.9838 2004.6363 10.1203 0 0 0 0
1706671276.249999786 999.9838 2004.6363 10.1203 0 0 0 0
1706671276.440000138 999.9838 2004.6362 10.1203 0 0 0 0
1706671276.680000219 999.9838 2004.6363 10.1203 0 0 0 0
1706671276.920000301 999.9838 2004.6361 10.1203 0 0 0 0
1706671277.060000296 999.9838 2004.6363 10.1203 0 0 0 0
1706671277.240000200 999.9838 2004.6363 10.1203 0 0 0 0
1706671277.469999832 999.9838 2004.6362 10.1203 0 0 0 0
1706671277.649999736 999.9838 2004.6362 10.1203 0 0 0 0
1706671277.889999817 999.9838 2004.6361 10.1203 0 0 0 0
1706671278.099999810 999.9838 2004.6362 10.1203 0 0 0 0
1706671278.290000162 999.9837 2004.6363 10.1203 0 0 0 0
1706671278.589999792 999.9837 2004.6362 10.1203 0 0 0 0
1706671278.829999873 999.9838 2004.6362 10.1203 0 0 0 0
1706671279.030000046 999.9838 2004.6362 10.1203 0 0 0 0
1706671279.260000307 999.9838 2004.6362 10.1203 0 0 0 0
1706671279.459999851 999.9838 2004.6362 10.1203 0 0 0 0
1706671279.720000201 999.9838 2004.6363 10.1203 0 0 0 0
1706671279.909999925 999.9838 2004.6363 10.1203 0 0 0 0
1706671280.119999917 999.9838 2004.6362 10.1203 0 0 0 0
1706671280.320000090 999.9838 2004.6364 10.1203 0 0 0 0
1706671280.549999722 999.9838 2004.6363 10.1203 0 0 0 0
1706671280.679999897 999.9838 2004.6363 10.1203 0 0 0 0
1706671280.910000158 999.9838 2004.6363 10.1203 0 0 0 0
1706671281.090000062 999.9837 2004.6362 10.1203 0 0 0 0
1706671281.230000057 999.9838 2004.6362 10.1203 0 0 0 0
1706671281.419999781 999.9838 2004.6362 10.1203 0 0 0 0
1706671281.689999951 999.9837 2004.6363 10.1203 0 0 0 0
1706671281.860000035 999.9838 2004.6362 10.1203 0 0 0 0
1706671282.039999939 999.9838 2004.6362 10.1203 0 0 0 0
1706671282.350000017 999.9838 2004.6362 10.1203 0 0 0 0
1706671282.730000094 999.9838 2004.6363 10.1203 0 0 0 0
1706671282.879999909 999.9838 2004.6363 10.1203 0 0 0 0
1706671283.000000264 999.9838 2004.6362 10.1203 0 0 0 0
1706671283.299999894 999.9838 2004.6362 10.1203 0 0 0 0
1706671283.460000157 999.9838 2004.6361 10.1203 0 0 0 0
1706671283.619999792 999.9838 2004.6362 10.1203 0 0 0 0
1706671283.789999876 999.9838 2004.6361 10.1203 0 0 0 0
1706671283.990000049 999.9838 2004.6362 10.1203 0 0 0 0
1706671284.109999775 999.9838 2004.6362 10.1203 0 0 0 0
1706671284.230000130 999.9838 2004.6362 10.1203 0 0 0 0
1706671284.370000125 999.9838 2004.6363 10.1203 0 0 0 0
1706671284.570000297 999.9838 2004.6363 10.1203 0 0 0 0
1706671284.690000024 999.9838 2004.6363 10.1203 0 0 0 0
1706671284.820000199 999.9838 2004.6362 10.1203 0 0 0 0
1706671285.019999743 999.9838 2004.6363 10.1203 0 0 0 0
1706671285.229999735 999.9838 2004.6362 10.1203 0 0 0 0
1706671285.509999725 999.9838 2004.6362 10.1203 0 0 0 0
1706671285.760000255 999.9837 2004.6363 10.1203 0 0 0 0
1706671285.949999979 999.9838 2004.6362 10.1203 0 0 0 0
1706671286.220000149 999.9838 2004.6362 10.1203 0 0 0 0
1706671286.449999781 999.9838 2004.6363 10.1203 0 0 0 0
1706671286.750000040 999.9838 2004.6363 10.1203 0 0 0 0
1706671286.920000124 999.9837 2004.6363 10.1203 0 0 0 0
1706671287.100000028 999.9838 2004.6362 10.1203 0 0 0 0
1706671287.289999751 999.9838 2004.6363 10.1203 0 0 0 0
1706671287.559999921 999.9838 2004.6363 10.1203 0 0 0 0
1706671287.720000185 999.9838 2004.6363 10.1203 0 0 0 0
1706671287.890000269 999.9838 2004.6363 10.1203 0 0 0 0
1706671288.110000081 999.9837 2004.6363 10.1203 0 0 0 0
1706671288.310000254 999.9837 2004.6362 10.1203 0 0 0 0
1706671288.469999889 999.9838 2004.6363 10.1203 0 0 0 0
1706671288.740000059 999.9838 2004.6362 10.1203 0 0 0 0
1706671289.039999689 999.9838 2004.6362 10.1203 0 0 0 0
1706671289.269999950 999.9838 2004.6364 10.1203 0 0 0 0
1706671289.470000123 999.9837 2004.6362 10.1203 0 0 0 0
1706671289.759999933 999.9838 2004.6362 10.1203 0 0 0 0
1706671289.979999745 999.9837 2004.6362 10.1203 0 0 0 0
1706671290.230000275 999.9837 2004.6363 10.1203 0 0 0 0
1706671290.520000085 999.9838 2004.6362 10.1203 0 0 0 0
1706671290.779999807 999.9838 2004.6362 10.1203 0 0 0 0
1706671290.900000161 999.9838 2004.6362 10.1203 0 0 0 0
1706671291.110000154 999.9838 2004.6363 10.1203 0 0 0 0
1706671291.329999967 999.9838 2004.6362 10.1203 0 0 0 0
1706671291.449999693 999.9838 2004.6364 10.1203 0 0 0 0
1706671291.570000048 999.9838 2004.6364 10.1203 0 0 0 0
1706671291.950000124 999.9838 2004.6363 10.1203 0 0 0 0
1706671292.150000297 999.9838 2004.6363 10.1203 0 0 0 0
1706671292.340000020 999.9838 2004.6363 10.1203 0 0 0 0
1706671292.589999922 999.9838 2004.6364 10.1203 0 0 0 0
1706671292.799999914 999.9838 2004.6365 10.1203 0 0 0 0
1706671293.039999995 999.9838 2004.6364 10.1203 0 0 0 0
1706671293.259999808 999.9838 2004.6364 10.1203 0 0 0 0
1706671293.359999894 999.9838 2004.6364 10.1203 0 0 0 0
1706671293.560000067 999.9838 2004.6363 10.1203 0 0 0 0
1706671293.849999877 999.9838 2004.6364 10.1203 0 0 0 0
1706671294.129999867 999.9838 2004.6363 10.1203 0 0 0 0
1706671294.350000308 999.9838 2004.6363 10.1203 0 0 0 0
1706671294.710000115 999.9838 2004.6364 10.1203 0 0 0 0
1706671294.929999928 999.9839 2004.6364 10.1203 0 0 0 0
1706671295.190000278 999.9838 2004.6365 10.1203 0 0 0 0
1706671295.400000270 999.9838 2004.6362 10.1203 0 0 0 0
1706671295.709999721 999.9838 2004.6363 10.1203 0 0 0 0
1706671295.970000071 999.9838 2004.6363 10.1203 0 0 0 0
1706671296.140000154 999.9838 2004.6362 10.1203 0 0 0 0
1706671296.390000056 999.9838 2004.6364 10.1203 0 0 0 0
1706671296.600000048 999.9838 2004.6364 10.1203 0 0 0 0
1706671296.760000312 999.9838 2004.6362 10.1203 0 0 0 0
1706671296.929999767 999.9838 2004.6362 10.1203 0 0 0 0
1706671297.099999851 999.9838 2004.6362 10.1203 0 0 0 0
1706671297.379999841 999.9838 2004.6363 10.1203 0 0 0 0
1706671297.610000102 999.9838 2004.6363 10.1203 0 0 0 0
1706671297.930000001 999.9838 2004.6363 10.1203 0 0 0 0
1706671298.219999811 999.9838 2004.6363 10.1203 0 0 0 0
1706671298.349999986 999.9838 2004.6363 10.1203 0 0 0 0
1706671298.590000067 999.9838 2004.6363 10.1203 0 0 0 0
1706671298.790000239 999.9838 2004.6363 10.1203 0 0 0 0
1706671299.129999778 999.9838 2004.6363 10.1203 0 0 0 0
1706671299.460000126 999.9829 2004.6348 10.1208 0 0 0 0
1706671299.649999849 999.9829 2004.6348 10.1208 0 0 0 0
1706671300.169999921 999.9770 2004.7091 10.1988 0 0 0 0
1706671300.510000088 999.9249 2004.8775 10.3704 0 0 0 0
1706671300.869999896 999.9265 2005.0929 10.4701 0 0 0 0
1706671301.289999881 999.9294 2005.3108 10.5579 0 0 0 0
1706671301.590000140 999.9005 2005.6883 10.5922 0 0 0 0
1706671302.040000213 999.8596 2006.0302 10.6148 0 0 0 0
1706671302.549999836 999.8272 2006.4864 10.7101 0 0 0 0
1706671302.920000092 999.7237 2007.0695 10.7303 0 0 0 0
1706671303.289999720 999.6625 2007.7164 10.7281 0 0 0 0
1706671303.720000153 999.6431 2008.2615 10.7565 0 0 0 0
1706671304.199999687 999.5920 2009.4477 10.7694 0 0 0 0
1706671304.450000217 999.5920 2009.4477 10.7694 0 0 0 0
1706671304.749999847 999.5691 2009.8988 10.7619 0 0 0 0
1706671305.010000197 999.6080 2010.3032 10.7839 0 0 0 0
1706671305.390000273 999.6385 2010.7903 10.7586 0 0 0 0
1706671305.699999724 999.5454 2011.4589 10.7545 0 0 0 0
1706671306.079999800 999.4985 2011.9894 10.7820 0 0 0 0
1706671306.329999701 999.4605 2012.6936 10.7938 0 0 0 0
1706671306.749999686 999.4178 2013.4318 10.7901 0 0 0 0
1706671307.170000300 999.4503 2014.1024 10.7684 0 0 0 0
1706671307.630000194 999.4256 2014.6977 10.7577 0 0 0 0
1706671307.929999824 999.4103 2015.3699 10.7474 0 0 0 0
1706671308.260000171 999.3908 2015.8706 10.7846 0 0 0 0
1706671308.669999707 999.3517 2016.8214 10.7619 0 0 0 0
1706671309.009999875 999.3517 2016.8214 10.7619 0 0 0 0
1706671309.389999951 999.3268 2017.4437 10.7984 0 0 0 0
1706671309.709999850 999.2841 2018.0308 10.8048 0 0 0 0
1706671310.070000286 999.2872 2018.5260 10.7881 0 0 0 0
1706671310.299999919 999.2410 2019.1674 10.7719 0 0 0 0
1706671310.889999988 999.2007 2019.8841 10.7566 0 0 0 0
1706671311.200000066 999.1054 2020.4564 10.7768 0 0 0 0
1706671311.559999874 999.0502 2020.9359 10.7933 0 0 0 0
1706671311.920000310 999.0222 2021.3795 10.7485 0 0 0 0
1706671312.219999940 998.9181 2021.9479 10.7587 0 0 0 0
1706671312.550000288 998.8789 2022.4182 10.7848 0 0 0 0
1706671312.789999740 998.8513 2022.9060 10.7499 0 0 0 0
1706671313.080000179 998.8137 2023.3044 10.7507 0 0 0 0
1706671313.470000075 998.8030 2023.7506 10.7674 0 0 0 0
1706671313.780000154 998.8255 2024.3911 10.7545 0 0 0 0
1706671314.130000141 998.7468 2024.9892 10.7456 0 0 0 0
1706671314.680000301 998.7565 2025.5894 10.7152 0 0 0 0
1706671314.949999843 998.7147 2026.2806 10.7405 0 0 0 0
1706671315.450000274 998.6951 2026.8489 10.7711 0 0 0 0
1706671315.870000259 998.6729 2027.3402 10.7850 0 0 0 0
1706671316.169999889 998.6682 2028.2493 10.7619 0 0 0 0
1706671316.589999874 998.6682 2028.2493 10.7619 0 0 0 0
1706671317.070000037 998.6297 2029.0196 10.7541 0 0 0 0
1706671317.380000115 998.6063 2029.5734 10.7647 0 0 0 0
1706671317.679999745 998.5852 2030.1982 10.7579 0 0 0 0
1706671318.140000268 998.5169 2031.3145 10.7185 0 0 0 0
1706671318.449999718 998.5169 2031.3145 10.7185 0 0 0 0
1706671319.020000147 998.4749 2031.9565 10.7271 0 0 0 0
1706671319.459999772 998.4299 2032.7175 10.7362 0 0 0 0
1706671319.869999937 998.3873 2033.3293 10.7530 0 0 0 0
1706671320.289999922 998.3481 2034.0088 10.7357 0 0 0 0
1706671320.739999996 998.2730 2035.2837 10.7345 0 0 0 0
1706671321.040000254 998.2730 2035.2837 10.7345 0 0 0 0
1706671321.470000059 998.2367 2035.8316 10.6942 0 0 0 0
1706671321.789999958 998.1717 2036.7835 10.7189 0 0 0 0
1706671321.999999951 998.1717 2036.7835 10.7189 0 0 0 0
1706671322.240000032 998.1959 2037.1814 10.6758 0 0 0 0
1706671322.620000108 998.1672 2037.7321 10.6783 0 0 0 0
1706671323.019999824 998.1413 2038.6281 10.6711 0 0 0 0
1706671323.289999994 998.1413 2038.6281 10.6711 0 0 0 0
1706671323.700000159 998.0739 2039.2239 10.6716 0 0 0 0
1706671324.059999967 997.9834 2040.1057 10.6706 0 0 0 0
1706671324.239999871 997.9834 2040.1057 10.6706 0 0 0 0
1706671324.629999767 997.9475 2040.5487 10.6418 0 0 0 0
1706671324.990000203 997.9752 2041.0028 10.6802 0 0 0 0
1706671325.350000011 998.0123 2041.6489 10.6747 0 0 0 0
1706671325.830000173 997.9453 2042.2999 10.6808 0 0 0 0
1706671326.259999978 997.8789 2042.8273 10.6452 0 0 0 0
1706671326.600000146 997.8129 2043.4287 10.6481 0 0 0 0
1706671326.829999778 997.7779 2044.1248 10.6354 0 0 0 0
1706671327.029999951 997.7761 2044.5934 10.6537 0 0 0 0
1706671327.160000126 997.7700 2044.7284 10.6465 0 0 0 0
1706671327.319999761 997.7429 2045.0608 10.6198 0 0 0 0
1706671327.650000108 997.7315 2045.3809 10.6572 0 0 0 0
1706671327.939999918 997.7173 2045.8173 10.6130 0 0 0 0
1706671328.319999995 997.6649 2046.2619 10.6307 0 0 0 0
1706671328.630000073 997.6096 2046.7160 10.6384 0 0 0 0
1706671328.910000063 997.5874 2047.1322 10.5992 0 0 0 0
1706671329.309999780 997.5305 2047.6994 10.6081 0 0 0 0
1706671329.680000036 997.5159 2048.1763 10.6362 0 0 0 0
1706671329.950000206 997.5332 2048.7857 10.6126 0 0 0 0
1706671330.230000196 997.4602 2049.2493 10.5903 0 0 0 0
1706671330.569999735 997.3860 2049.7015 10.6169 0 0 0 0
1706671330.909999902 997.3738 2050.1394 10.5976 0 0 0 0
1706671331.189999892 997.3454 2050.6348 10.5767 0 0 0 0
1706671331.420000154 997.3484 2051.0932 10.6002 0 0 0 0
1706671331.800000230 997.3031 2051.9767 10.5711 0 0 0 0
1706671332.120000129 997.3031 2051.9767 10.5711 0 0 0 0
1706671332.449999847 997.2682 2052.5876 10.5885 0 0 0 0
1706671332.860000012 997.2183 2053.6766 10.5408 0 0 0 0
1706671333.189999731 997.2183 2053.6766 10.5408 0 0 0 0
1706671333.499999810 997.2272 2054.3526 10.5162 0 0 0 0
1706671333.830000157 997.1810 2054.8201 10.5513 0 0 0 0
1706671334.059999790 997.1161 2055.2846 10.5382 0 0 0 0
1706671334.320000140 997.0805 2055.7211 10.5198 0 0 0 0
1706671334.630000219 997.0053 2056.3505 10.5185 0 0 0 0
1706671334.810000123 997.0053 2056.3505 10.5185 0 0 0 0
1706671335.190000199 996.9907 2056.8512 10.5394 0 0 0 0
1706671335.489999829 996.9961 2057.5036 10.5040 0 0 0 0
1706671335.869999905 996.9283 2057.9499 10.4765 0 0 0 0
1706671336.130000255 996.8381 2058.5469 10.4844 0 0 0 0
1706671336.459999974 996.7909 2059.0601 10.4905 0 0 0 0
1706671336.800000141 996.7211 2059.4923 10.4478 0 0 0 0
1706671336.989999865 996.7056 2059.9165 10.4663 0 0 0 0
1706671337.320000213 996.7067 2060.3636 10.4626 0 0 0 0
1706671337.519999756 996.6987 2060.6831 10.4411 0 0 0 0
1706671337.740000198 996.6863 2061.0049 10.4344 0 0 0 0
1706671338.069999916 996.7314 2061.4631 10.4240 0 0 0 0
1706671338.449999993 996.7738 2062.0692 10.4426 0 0 0 0
1706671338.939999975 996.7605 2062.7525 10.4730 0 0 0 0
1706671339.339999692 996.7229 2063.3923 10.4696 0 0 0 0
1706671339.779999945 996.6785 2064.0190 10.4384 0 0 0 0
1706671340.220000199 996.6803 2064.7031 10.4174 0 0 0 0
1706671340.540000098 996.5984 2065.3580 10.4138 0 0 0 0
1706671340.769999730 996.5842 2065.8533 10.4059 0 0 0 0
1706671340.979999723 996.5592 2066.3280 10.4177 0 0 0 0
1706671341.399999708 996.5049 2066.7907 10.3837 0 0 0 0
1706671341.660000058 996.5224 2067.3778 10.3735 0 0 0 0
1706671341.970000137 996.5128 2067.8780 10.3786 0 0 0 0
1706671342.170000309 996.4732 2068.3456 10.3317 0 0 0 0
1706671342.509999848 996.4552 2068.8317 10.3522 0 0 0 0
1706671342.810000107 996.4555 2069.3019 10.3394 0 0 0 0
1706671343.230000092 996.3780 2069.9745 10.3181 0 0 0 0
1706671343.629999808 996.3654 2070.6101 10.2925 0 0 0 0
1706671343.939999887 996.3082 2071.0742 10.3178 0 0 0 0
1706671344.240000146 996.2940 2071.5450 10.3135 0 0 0 0
1706671344.679999771 996.3176 2071.9864 10.2652 0 0 0 0
1706671344.930000301 996.2958 2072.6356 10.2730 0 0 0 0
1706671345.350000286 996.2350 2073.2764 10.2624 0 0 0 0
1706671345.780000091 996.1608 2073.9400 10.2565 0 0 0 0
1706671346.160000167 996.1079 2074.5789 10.2568 0 0 0 0
1706671346.569999703 996.0987 2075.1822 10.2227 0 0 0 0
1706671346.939999959 996.0373 2075.6660 10.1906 0 0 0 0
1706671347.250000038 996.0280 2076.1013 10.2234 0 0 0 0
1706671347.639999934 996.0001 2076.5506 10.1806 0 0 0 0
1706671348.050000099 995.9336 2077.2543 10.1668 0 0 0 0
1706671348.470000084 995.9280 2077.8338 10.1427 0 0 0 0
1706671348.899999890 995.8526 2078.5790 10.1336 0 0 0 0
1706671349.399999692 995.8312 2079.2638 10.1196 0 0 0 0
1706671349.720000220 995.7907 2080.0407 10.1008 0 0 0 0
1706671350.110000116 995.7840 2080.9768 10.1054 0 0 0 0
1706671350.339999748 995.7840 2080.9768 10.1054 0 0 0 0
1706671350.600000098 995.7378 2081.4051 10.0960 0 0 0 0
1706671350.829999731 995.7112 2081.8659 10.1094 0 0 0 0
1706671351.139999810 995.7149 2082.2950 10.0380 0 0 0 0
1706671351.459999708 995.6629 2082.8200 10.0930 0 0 0 0
1706671351.869999873 995.5884 2083.2649 10.0724 0 0 0 0
1706671352.119999775 995.5559 2083.8307 10.0325 0 0 0 0
1706671352.450000122 995.5027 2084.2450 10.0225 0 0 0 0
1706671352.840000018 995.4134 2085.1901 9.9825 0 0 0 0
1706671353.050000011 995.4134 2085.1901 9.9825 0 0 0 0
1706671353.379999730 995.3728 2085.5694 10.0018 0 0 0 0
1706671353.600000171 995.3561 2086.0941 9.9758 0 0 0 0
1706671353.899999801 995.3852 2086.6405 9.9222 0 0 0 0
1706671354.219999700 995.3640 2087.1641 9.9530 0 0 0 0
1706671354.400000232 995.3228 2087.4974 9.9388 0 0 0 0
1706671354.620000045 995.3228 2087.4974 9.9388 0 0 0 0
1706671354.920000304 995.3261 2087.9333 9.9262 0 0 0 0
1706671355.200000294 995.2854 2088.3966 9.9288 0 0 0 0
1706671355.469999835 995.1890 2088.9383 9.9008 0 0 0 0
1706671355.919999909 995.1550 2089.3561 9.9087 0 0 0 0
1706671356.239999807 995.1250 2089.9130 9.9082 0 0 0 0
1706671356.570000155 995.0861 2090.5126 9.8799 0 0 0 0
1706671356.829999876 995.0950 2090.9268 9.8371 0 0 0 0
1706671357.060000137 995.0808 2091.3161 9.8630 0 0 0 0
1706671357.380000036 995.0497 2091.7896 9.8251 0 0 0 0
1706671357.779999753 995.0436 2092.2929 9.8292 0 0 0 0
1706671358.129999740 995.0315 2092.8692 9.8280 0 0 0 0
1706671358.590000262 995.0000 2093.5032 9.8070 0 0 0 0
1706671358.989999979 994.9972 2094.1630 9.7687 0 0 0 0
1706671359.409999964 994.9352 2094.7666 9.7573 0 0 0 0
1706671359.829999949 994.8745 2096.1171 9.7900 0 0 0 0
1706671360.149999848 994.8745 2096.1171 9.7900 0 0 0 0
1706671360.709999828 994.8987 2096.8017 9.8787 0 0 0 0
1706671361.119999993 994.9294 2097.6580 9.7966 0 0 0 0
1706671361.460000160 994.8922 2098.3418 9.8051 0 0 0 0
1706671361.929999874 994.8364 2099.0860 9.8088 0 0 0 0
1706671362.319999770 994.7913 2099.7197 9.7976 0 0 0 0
1706671362.690000026 994.7874 2100.3157 9.7390 0 0 0 0
1706671363.049999834 994.7690 2101.2668 9.7495 0 0 0 0
1706671363.240000186 994.7690 2101.2668 9.7495 0 0 0 0
1706671363.739999989 994.7489 2101.8818 9.7340 0 0 0 0
1706671364.159999974 994.6943 2102.3511 9.7015 0 0 0 0
1706671364.610000048 994.6471 2103.1275 9.6780 0 0 0 0
1706671364.990000124 994.5990 2103.7211 9.6632 0 0 0 0
1706671365.330000292 994.5804 2104.2822 9.6616 0 0 0 0
1706671365.660000010 994.5361 2104.8694 9.6670 0 0 0 0
1706671366.059999727 994.4814 2105.4160 9.6693 0 0 0 0
1706671366.439999803 994.4741 2106.0165 9.6559 0 0 0 0
1706671366.919999965 994.4018 2106.6555 9.6467 0 0 0 0
1706671367.339999950 994.3072 2107.3190 9.6189 0 0 0 0
1706671367.659999849 994.2610 2107.8520 9.6289 0 0 0 0
1706671367.920000199 994.2180 2108.4006 9.6495 0 0 0 0
1706671368.179999921 994.2248 2108.6984 9.5902 0 0 0 0
1706671368.469999731 994.2003 2109.1493 9.6152 0 0 0 0
1706671368.879999896 994.1305 2109.7575 9.5856 0 0 0 0
1706671369.320000149 994.1292 2110.2248 9.5298 0 0 0 0
1706671369.759999774 994.0891 2110.8713 9.5291 0 0 0 0
1706671370.220000297 994.0806 2111.4986 9.5191 0 0 0 0
1706671370.650000102 994.0960 2112.2989 9.4853 0 0 0 0
1706671371.089999727 994.0912 2112.9564 9.5020 0 0 0 0
1706671371.630000067 993.9962 2113.7235 9.4714 0 0 0 0
1706671372.080000141 993.9147 2114.3544 9.4927 0 0 0 0
1706671372.449999768 993.8548 2115.0327 9.4739 0 0 0 0
1706671372.969999840 993.7826 2115.6977 9.4703 0 0 0 0
1706671373.359999736 993.8132 2116.4876 9.4441 0 0 0 0
1706671373.790000170 993.7603 2117.1620 9.4156 0 0 0 0
1706671374.049999891 993.7928 2117.6515 9.3757 0 0 0 0
1706671374.380000238 993.8031 2118.0744 9.4101 0 0 0 0
1706671374.649999780 993.7704 2119.0230 9.3726 0 0 0 0
1706671374.870000221 993.7704 2119.0230 9.3726 0 0 0 0
1706671375.180000300 993.7321 2119.5592 9.3898 0 0 0 0
1706671375.479999930 993.6472 2120.3268 9.3767 0 0 0 0
1706671375.839999737 993.6472 2120.3268 9.3767 0 0 0 0
1706671376.170000085 993.5980 2121.0450 9.3595 0 0 0 0
1706671376.569999801 993.5483 2122.2127 9.2804 0 0 0 0
1706671376.970000146 993.5483 2122.2127 9.2804 0 0 0 0
1706671377.369999862 993.5003 2122.8673 9.2899 0 0 0 0
1706671377.829999756 993.4504 2124.2538 9.2627 0 0 0 0
1706671378.120000195 993.4504 2124.2538 9.2627 0 0 0 0
1706671378.410000005 993.3673 2124.8844 9.2811 0 0 0 0
1706671378.869999899 993.3458 2125.5703 9.2507 0 0 0 0
1706671379.219999886 993.3040 2126.1030 9.2260 0 0 0 0
1706671379.669999960 993.3080 2126.5686 9.2482 0 0 0 0
1706671380.019999947 993.2399 2127.3749 9.2206 0 0 0 0
1706671380.400000024 993.1786 2127.9728 9.2374 0 0 0 0
1706671380.829999829 993.1598 2128.4797 9.1957 0 0 0 0
1706671381.169999996 993.0845 2129.0487 9.1684 0 0 0 0
1706671381.429999718 993.0683 2129.6195 9.1521 0 0 0 0
1706671381.790000154 993.0228 2130.1305 9.1741 0 0 0 0
1706671382.009999966 992.9476 2130.6108 9.1430 0 0 0 0
1706671382.530000038 992.9357 2131.2913 9.1128 0 0 0 0
1706671383.010000200 992.8266 2131.9424 9.1057 0 0 0 0
1706671383.339999919 992.7905 2132.5519 9.1198 0 0 0 0
1706671383.759999904 992.7388 2133.1609 9.1220 0 0 0 0
1706671384.069999983 992.6857 2133.6837 9.0929 0 0 0 0
1706671384.419999970 992.7261 2134.1135 9.0838 0 0 0 0
1706671384.879999864 992.7414 2134.7347 9.1096 0 0 0 0
1706671385.269999760 992.7594 2135.5645 9.0676 0 0 0 0
1706671385.800000280 992.7759 2136.2247 9.0756 0 0 0 0
1706671386.230000085 992.7508 2137.0620 9.0696 0 0 0 0
1706671386.659999890 992.7196 2137.8618 9.0538 0 0 0 0
1706671387.039999967 992.6820 2138.5033 9.0663 0 0 0 0
1706671387.420000043 992.6760 2138.9286 9.0085 0 0 0 0
1706671387.809999939 992.6214 2139.5931 8.9917 0 0 0 0
1706671388.199999835 992.6255 2140.2587 8.9818 0 0 0 0
1706671388.560000272 992.6017 2140.9291 8.9751 0 0 0 0
1706671389.060000074 992.5694 2141.5876 8.9877 0 0 0 0
1706671389.489999879 992.5384 2142.2189 8.9821 0 0 0 0
1706671390.030000219 992.4720 2142.9021 8.9803 0 0 0 0
1706671390.569999930 992.3805 2143.6668 8.9395 0 0 0 0
1706671390.999999736 992.3176 2144.3905 8.9179 0 0 0 0
1706671391.449999809 992.1915 2145.2268 8.8780 0 0 0 0
1706671391.780000157 992.1162 2145.7686 8.8952 0 0 0 0
1706671392.200000142 992.0895 2146.3985 8.8698 0 0 0 0
1706671392.569999769 992.0219 2147.0995 8.8389 0 0 0 0
1706671392.970000114 992.0296 2147.6908 8.7987 0 0 0 0
1706671393.360000011 991.9432 2148.8150 8.8254 0 0 0 0
1706671393.630000181 991.9432 2148.8150 8.8254 0 0 0 0
1706671394.230000069 991.8922 2149.4706 8.8105 0 0 0 0
1706671394.540000148 991.7857 2150.2068 8.7811 0 0 0 0
1706671394.860000047 991.7552 2150.6727 8.7301 0 0 0 0
1706671395.300000301 991.6890 2151.2494 8.7297 0 0 0 0
1706671395.760000194 991.6348 2151.9361 8.7361 0 0 0 0
1706671396.089999913 991.6076 2152.7367 8.7107 0 0 0 0
1706671396.449999721 991.5955 2153.2778 8.7233 0 0 0 0
1706671396.780000068 991.6510 2153.7696 8.6694 0 0 0 0
1706671397.190000233 991.6370 2154.3572 8.6864 0 0 0 0
1706671397.580000130 991.6724 2154.9984 8.6741 0 0 0 0
1706671397.869999940 991.6613 2155.6119 8.6995 0 0 0 0
1706671398.280000105 991.6595 2156.0603 8.6716 0 0 0 0
1706671398.600000003 991.7490 2156.5755 8.6685 0 0 0 0
1706671399.089999986 991.6649 2157.4085 8.6547 0 0 0 0
1706671399.540000060 991.6131 2157.8472 8.6471 0 0 0 0
1706671399.909999687 991.5107 2158.6099 8.6347 0 0 0 0
1706671400.410000118 991.4594 2159.1869 8.6258 0 0 0 0
1706671400.879999832 991.3953 2159.9738 8.5987 0 0 0 0
1706671401.189999911 991.3396 2160.4778 8.5907 0 0 0 0
1706671401.639999985 991.3127 2161.0819 8.5613 0 0 0 0
1706671402.020000061 991.2362 2161.8270 8.5385 0 0 0 0
1706671402.510000044 991.1905 2162.4299 8.5344 0 0 0 0
1706671402.990000206 991.1161 2163.2036 8.5109 0 0 0 0
1706671403.480000189 991.0835 2163.9018 8.5070 0 0 0 0
1706671403.849999816 991.0292 2164.7404 8.4861 0 0 0 0
1706671404.290000070 991.0136 2165.3538 8.4797 0 0 0 0
1706671404.710000055 991.0010 2165.9735 8.4984 0 0 0 0
1706671405.150000309 990.9816 2166.6772 8.5005 0 0 0 0
1706671405.589999934 991.0018 2167.2613 8.4850 0 0 0 0
1706671405.979999830 990.9661 2167.9861 8.4942 0 0 0 0
1706671406.509999721 990.9988 2168.6071 8.4636 0 0 0 0
1706671407.029999793 990.9649 2169.4019 8.4766 0 0 0 0
1706671407.489999686 990.9681 2170.1029 8.4595 0 0 0 0
1706671407.840000303 990.9041 2170.9371 8.4667 0 0 0 0
1706671408.190000290 990.8812 2171.5504 8.4268 0 0 0 0
1706671408.739999821 990.7833 2172.1654 8.4026 0 0 0 0
1706671409.079999989 990.7461 2172.7847 8.3852 0 0 0 0
1706671409.369999799 990.6090 2173.6770 8.3999 0 0 0 0
1706671409.649999789 990.6090 2173.6770 8.3999 0 0 0 0
1706671409.999999776 990.6057 2174.0992 8.3835 0 0 0 0
1706671410.260000126 990.5790 2174.7443 8.3793 0 0 0 0
1706671410.720000020 990.5727 2175.7384 8.3386 0 0 0 0
1706671410.960000101 990.5727 2175.7384 8.3386 0 0 0 0
1706671411.280000000 990.5620 2176.3286 8.3702 0 0 0 0
1706671411.669999897 990.5130 2177.0321 8.3627 0 0 0 0
1706671412.110000150 990.5329 2177.6517 8.3461 0 0 0 0
1706671412.649999862 990.4882 2178.4522 8.3513 0 0 0 0
1706671413.150000293 990.4420 2179.4417 8.2881 0 0 0 0
1706671413.340000017 990.4420 2179.4417 8.2881 0 0 0 0
1706671413.550000009 990.4108 2179.9615 8.3310 0 0 0 0
1706671413.799999910 990.3947 2180.2433 8.2908 0 0 0 0
1706671414.219999895 990.3555 2180.6518 8.3200 0 0 0 0
1706671414.739999967 990.3171 2181.3058 8.3050 0 0 0 0
1706671415.140000312 990.3145 2182.0589 8.2920 0 0 0 0
1706671415.560000297 990.2487 2182.7041 8.2806 0 0 0 0
1706671416.009999742 990.2617 2183.2961 8.2425 0 0 0 0
1706671416.429999727 990.2039 2184.0220 8.2138 0 0 0 0
1706671416.919999709 990.2054 2184.6557 8.1909 0 0 0 0
1706671417.299999786 990.0934 2185.4680 8.1796 0 0 0 0
1706671417.620000313 989.9864 2185.9071 8.1385 0 0 0 0
1706671417.959999852 989.9662 2186.4069 8.1394 0 0 0 0
1706671418.230000022 989.8699 2186.9521 8.0942 0 0 0 0
1706671418.610000098 989.8525 2187.5433 8.0722 0 0 0 0
1706671418.869999819 989.8326 2188.0055 8.0962 0 0 0 0
1706671419.270000164 989.7889 2188.4393 8.0465 0 0 0 0
1706671419.639999792 989.7816 2189.0084 8.0315 0 0 0 0
1706671419.970000139 989.7735 2189.6116 8.0220 0 0 0 0
1706671420.240000309 989.7617 2190.1637 8.0416 0 0 0 0
1706671420.399999944 989.7617 2190.1637 8.0416 0 0 0 0
1706671420.740000112 989.7722 2190.6790 8.0075 0 0 0 0
1706671420.969999745 989.7584 2191.1258 7.9976 0 0 0 0
1706671421.160000097 989.7186 2191.4434 7.9905 0 0 0 0
1706671421.370000090 989.6898 2191.7644 8.0042 0 0 0 0
1706671421.589999902 989.6776 2191.9907 7.9648 0 0 0 0
1706671421.990000247 989.6370 2192.5636 7.9946 0 0 0 0
1706671422.350000055 989.5582 2193.1214 7.9894 0 0 0 0
1706671422.779999860 989.4770 2193.7452 7.9397 0 0 0 0
1706671423.159999936 989.4063 2194.2739 7.9258 0 0 0 0
1706671423.509999923 989.4114 2195.1076 7.9593 0 0 0 0
1706671423.719999916 989.4114 2195.1076 7.9593 0 0 0 0
1706671423.969999817 989.3807 2195.5695 7.9248 0 0 0 0
1706671424.239999987 989.3673 2195.8998 7.9529 0 0 0 0
1706671424.510000157 989.3810 2196.3836 7.8903 0 0 0 0
1706671425.119999866 989.2927 2197.6117 7.9143 0 0 0 0
1706671425.439999765 989.2666 2198.2345 7.8736 0 0 0 0
1706671425.719999755 989.2666 2198.2345 7.8736 0 0 0 0
1706671426.050000102 989.2049 2198.8277 7.8379 0 0 0 0
1706671426.349999732 989.2135 2199.3154 7.8418 0 0 0 0
1706671426.680000080 989.1980 2199.7992 7.8529 0 0 0 0
1706671427.049999707 989.1457 2200.4856 7.8233 0 0 0 0
1706671427.359999786 989.1486 2201.1427 7.7908 0 0 0 0
1706671427.860000217 989.1519 2201.6016 7.8299 0 0 0 0
1706671428.110000119 989.2005 2202.1835 7.8326 0 0 0 0
1706671428.420000197 989.2579 2202.5424 7.7984 0 0 0 0
1706671428.989999997 989.2396 2203.0334 7.7883 0 0 0 0
1706671429.370000074 989.1785 2203.7798 7.7703 0 0 0 0
1706671429.790000059 989.1251 2204.2891 7.7845 0 0 0 0
1706671430.179999955 989.0624 2204.9548 7.7888 0 0 0 0
1706671430.560000031 989.0302 2205.4244 7.7544 0 0 0 0
1706671430.910000019 988.9713 2205.8564 7.7566 0 0 0 0
1706671431.290000095 988.9568 2206.5335 7.7559 0 0 0 0
1706671431.539999996 988.9575 2207.1093 7.7588 0 0 0 0
1706671431.950000161 988.9174 2207.5539 7.7227 0 0 0 0
1706671432.300000149 988.9079 2208.2360 7.7077 0 0 0 0
1706671432.629999868 988.8763 2208.6839 7.7294 0 0 0 0
1706671433.030000213 988.8366 2209.1179 7.7149 0 0 0 0
1706671433.460000018 988.8543 2209.6970 7.6844 0 0 0 0
1706671433.870000183 988.8143 2210.2424 7.6904 0 0 0 0
1706671434.290000168 988.7829 2211.0246 7.6759 0 0 0 0
1706671434.759999881 988.7471 2211.5512 7.6940 0 0 0 0
1706671435.090000229 988.7057 2212.2282 7.6903 0 0 0 0
1706671435.459999857 988.6698 2212.8488 7.6914 0 0 0 0
1706671435.790000204 988.5702 2213.2869 7.6437 0 0 0 0
1706671436.030000285 988.4838 2213.7651 7.7134 0 0 0 0
1706671436.329999915 988.4297 2214.1927 7.6941 0 0 0 0
1706671436.679999903 988.3496 2214.6252 7.6838 0 0 0 0
1706671437.050000159 988.2736 2215.0519 7.7265 0 0 0 0
1706671437.290000240 988.2073 2215.5215 7.6929 0 0 0 0
1706671437.589999870 988.1423 2215.8776 7.7035 0 0 0 0
1706671437.869999860 988.0936 2216.3477 7.7249 0 0 0 0
1706671438.189999759 988.0884 2216.7634 7.6752 0 0 0 0
1706671438.469999749 988.0665 2217.1777 7.6969 0 0 0 0
1706671438.860000274 988.0321 2217.7144 7.6911 0 0 0 0
1706671439.239999722 988.0109 2218.1629 7.6425 0 0 0 0
1706671439.659999707 987.9357 2218.7625 7.6536 0 0 0 0
1706671440.139999869 987.9033 2219.3994 7.6804 0 0 0 0
1706671440.410000039 987.8819 2219.9570 7.6730 0 0 0 0
1706671440.650000121 987.8501 2220.4045 7.6251 0 0 0 0
1706671440.990000288 987.8613 2221.1344 7.6242 0 0 0 0
1706671441.270000278 987.8613 2221.1344 7.6242 0 0 0 0
1706671441.509999731 987.8659 2221.7879 7.6199 0 0 0 0
1706671441.970000253 987.8632 2222.3675 7.6448 0 0 0 0
1706671442.309999792 987.8722 2222.8479 7.6258 0 0 0 0
1706671442.600000231 987.8447 2223.3374 7.5952 0 0 0 0
1706671442.999999947 987.8328 2223.7486 7.6405 0 0 0 0
1706671443.370000203 987.8317 2224.3708 7.6240 0 0 0 0
1706671443.860000186 987.7687 2224.9710 7.6016 0 0 0 0
1706671444.180000084 987.7014 2225.7804 7.5770 0 0 0 0
1706671444.469999894 987.6306 2226.2818 7.5612 0 0 0 0
1706671444.819999882 987.5950 2226.7675 7.5994 0 0 0 0
1706671445.090000052 987.6005 2227.1737 7.5368 0 0 0 0
1706671445.349999773 987.5933 2227.6686 7.5603 0 0 0 0
1706671445.689999941 987.5264 2228.1059 7.5529 0 0 0 0
1706671446.039999928 987.4619 2228.9647 7.5784 0 0 0 0
1706671446.270000190 987.4619 2228.9647 7.5784 0 0 0 0
1706671446.669999906 987.3962 2229.4420 7.5442 0 0 0 0
1706671446.949999896 987.3810 2229.9280 7.5394 0 0 0 0
1706671447.309999703 987.3182 2230.5263 7.5444 0 0 0 0
1706671447.689999780 987.2968 2230.9798 7.5740 0 0 0 0
1706671448.020000127 987.2974 2231.3885 7.5213 0 0 0 0
1706671448.389999755 987.2784 2231.8189 7.5519 0 0 0 0
1706671448.680000193 987.2232 2232.4420 7.5607 0 0 0 0
1706671449.100000178 987.2192 2232.8573 7.5089 0 0 0 0
1706671449.459999986 987.1946 2233.4459 7.5148 0 0 0 0
1706671449.889999791 987.1865 2234.4657 7.5266 0 0 0 0
1706671450.229999959 987.1865 2234.4657 7.5266 0 0 0 0
1706671450.610000035 987.1297 2235.1538 7.5027 0 0 0 0
1706671451.069999929 987.1204 2235.8091 7.4851 0 0 0 0
1706671451.470000274 987.0437 2236.5843 7.4892 0 0 0 0
1706671451.970000076 987.0604 2237.1320 7.4835 0 0 0 0
1706671452.289999975 987.0406 2237.8683 7.4714 0 0 0 0
1706671452.660000231 987.0167 2238.5376 7.4884 0 0 0 0
1706671452.959999861 986.9928 2238.9575 7.4852 0 0 0 0
1706671453.120000125 986.9287 2239.3959 7.4595 0 0 0 0
1706671453.440000024 986.8829 2239.6777 7.4773 0 0 0 0
1706671453.769999743 986.8754 2239.9628 7.4740 0 0 0 0
1706671454.119999730 986.8566 2240.5835 7.4869 0 0 0 0
1706671454.590000072 986.8071 2241.2035 7.4744 0 0 0 0
1706671455.059999786 986.8535 2241.9310 7.4617 0 0 0 0
1706671455.309999688 986.8293 2242.5309 7.4329 0 0 0 0
1706671455.590000306 986.8467 2243.0251 7.4202 0 0 0 0
1706671455.959999934 986.8577 2243.3380 7.4150 0 0 0 0
1706671456.230000104 986.7823 2243.9385 7.4026 0 0 0 0
1706671456.559999823 986.7403 2244.3557 7.4478 0 0 0 0
1706671456.979999808 986.7025 2244.7842 7.4076 0 0 0 0
1706671457.270000246 986.6116 2245.4965 7.3975 0 0 0 0
1706671457.730000140 986.6194 2245.9778 7.4018 0 0 0 0
1706671458.099999768 986.5978 2246.5512 7.4313 0 0 0 0
1706671458.460000204 986.5809 2247.1564 7.4249 0 0 0 0
1706671458.840000280 986.6026 2247.7324 7.3912 0 0 0 0
1706671459.139999910 986.5713 2248.3330 7.3817 0 0 0 0
1706671459.529999807 986.5580 2248.7619 7.4203 0 0 0 0
1706671459.839999885 986.5609 2249.2119 7.3969 0 0 0 0
1706671460.250000050 986.5682 2249.6776 7.3891 0 0 0 0
1706671460.670000035 986.5321 2250.2763 7.4145 0 0 0 0
1706671461.160000018 986.5071 2251.0260 7.3968 0 0 0 0
1706671461.689999909 986.4315 2251.8109 7.3909 0 0 0 0
1706671461.979999719 986.3816 2252.3353 7.4084 0 0 0 0
1706671462.209999980 986.3081 2252.9699 7.3976 0 0 0 0
1706671462.690000143 986.2959 2253.5565 7.3653 0 0 0 0
1706671463.229999854 986.2472 2254.6720 7.3850 0 0 0 0
1706671463.640000019 986.2472 2254.6720 7.3850 0 0 0 0
1706671464.109999733 986.1931 2255.4514 7.3720 0 0 0 0
1706671464.440000081 986.1487 2256.0756 7.3998 0 0 0 0
1706671464.829999977 986.1264 2256.5967 7.3850 0 0 0 0
1706671465.149999876 986.0768 2257.2078 7.3725 0 0 0 0
1706671465.679999767 986.0967 2257.7886 7.3578 0 0 0 0
1706671466.000000294 986.0924 2258.3615 7.3566 0 0 0 0
1706671466.439999919 986.0752 2258.8053 7.3907 0 0 0 0
1706671466.799999727 986.0967 2259.4912 7.3896 0 0 0 0
1706671467.279999889 986.0397 2260.1274 7.3761 0 0 0 0
1706671467.680000234 986.0409 2260.6612 7.3539 0 0 0 0
1706671467.900000047 986.0342 2261.1325 7.3739 0 0 0 0
1706671468.140000128 986.0332 2261.5264 7.3545 0 0 0 0
1706671468.390000029 986.0592 2261.8434 7.3768 0 0 0 0
1706671468.620000291 986.0853 2262.2942 7.3625 0 0 0 0
1706671469.129999913 986.0524 2262.8322 7.3475 0 0 0 0
1706671469.530000258 986.0257 2263.4270 7.3562 0 0 0 0
1706671469.929999975 985.9942 2263.8986 7.3815 0 0 0 0
1706671470.529999863 985.9478 2264.3366 7.3690 0 0 0 0
1706671470.989999757 985.9542 2265.0758 7.3837 0 0 0 0
1706671471.390000102 985.8478 2266.0310 7.3447 0 0 0 0
1706671471.759999730 985.8478 2266.0310 7.3447 0 0 0 0
1706671472.109999717 985.7748 2266.7075 7.3385 0 0 0 0
1706671472.379999887 985.7690 2267.1797 7.3772 0 0 0 0
1706671472.769999783 985.7688 2267.5801 7.3178 0 0 0 0
1706671473.090000311 985.7050 2268.1567 7.3349 0 0 0 0
1706671473.529999936 985.6564 2268.6364 7.3837 0 0 0 0
1706671473.900000192 985.6653 2269.2421 7.3446 0 0 0 0
1706671474.329999997 985.6122 2269.8295 7.3219 0 0 0 0
1706671474.829999800 985.5892 2270.6109 7.3126 0 0 0 0
1706671475.160000147 985.5133 2271.2022 7.3322 0 0 0 0
1706671475.550000044 985.4643 2271.7410 7.3643 0 0 0 0
1706671476.040000026 985.3768 2272.2969 7.3633 0 0 0 0
1706671476.429999922 985.2914 2272.9160 7.3668 0 0 0 0
1706671476.910000085 985.2754 2273.5055 7.3424 0 0 0 0
1706671477.229999984 985.2138 2274.2699 7.3581 0 0 0 0
1706671477.540000062 985.2054 2274.8586 7.3388 0 0 0 0
1706671477.979999688 985.1961 2275.2701 7.3722 0 0 0 0
1706671478.240000037 985.1369 2275.8565 7.3682 0 0 0 0
1706671478.720000200 985.1171 2276.2873 7.3320 0 0 0 0
1706671479.189999914 985.0579 2276.8999 7.3489 0 0 0 0
1706671479.560000170 985.0108 2277.6570 7.3400 0 0 0 0
1706671480.129999970 984.9897 2278.2078 7.3700 0 0 0 0
1706671480.619999953 984.9535 2278.8599 7.3862 0 0 0 0
1706671481.079999846 984.9333 2279.5710 7.3808 0 0 0 0
1706671481.440000283 984.8659 2280.2335 7.3929 0 0 0 0
1706671481.870000088 984.8400 2280.8278 7.3605 0 0 0 0
1706671482.409999799 984.7741 2281.4035 7.3543 0 0 0 0
1706671482.869999693 984.7572 2282.0443 7.3470 0 0 0 0
1706671483.279999858 984.7146 2282.6172 7.3591 0 0 0 0
1706671483.690000023 984.6613 2283.3085 7.3674 0 0 0 0
1706671484.240000183 984.6022 2283.8576 7.3897 0 0 0 0
1706671484.749999805 984.5073 2284.6101 7.4031 0 0 0 0
1706671485.269999877 984.4923 2285.2880 7.4002 0 0 0 0
1706671485.710000130 984.4250 2286.0202 7.3988 0 0 0 0
1706671486.060000118 984.3989 2286.6989 7.3856 0 0 0 0
1706671486.459999834 984.3455 2287.1344 7.3574 0 0 0 0
1706671486.879999819 984.3236 2287.7313 7.3713 0 0 0 0
1706671487.259999895 984.3248 2288.3217 7.3939 0 0 0 0
1706671487.660000240 984.2984 2288.9891 7.4394 0 0 0 0
1706671488.180000312 984.3152 2289.5390 7.4468 0 0 0 0
1706671488.619999937 984.2569 2290.1500 7.4410 0 0 0 0
1706671488.960000104 984.2397 2290.7576 7.4077 0 0 0 0
1706671489.230000274 984.1805 2291.6808 7.4082 0 0 0 0
1706671489.429999818 984.1805 2291.6808 7.4082 0 0 0 0
1706671489.760000166 984.1485 2292.0836 7.4010 0 0 0 0
1706671490.019999887 984.1389 2292.3127 7.4041 0 0 0 0
1706671490.369999874 984.0996 2292.7801 7.4006 0 0 0 0
1706671490.600000136 984.0731 2293.2551 7.4307 0 0 0 0
1706671491.080000298 984.0597 2293.8406 7.4379 0 0 0 0
1706671491.449999926 984.0116 2294.2750 7.4039 0 0 0 0
1706671491.839999822 983.9819 2294.6269 7.4333 0 0 0 0
1706671492.210000078 983.9458 2295.1998 7.4392 0 0 0 0
1706671492.599999974 983.8821 2295.6819 7.4385 0 0 0 0
1706671492.889999785 983.8484 2296.2844 7.4233 0 0 0 0
1706671493.420000304 983.8094 2296.8329 7.4266 0 0 0 0
1706671493.789999932 983.7630 2297.4741 7.4491 0 0 0 0
1706671494.060000102 983.7357 2298.0035 7.4450 0 0 0 0
1706671494.629999902 983.6757 2298.4495 7.4159 0 0 0 0
1706671495.119999885 983.5986 2299.1509 7.4254 0 0 0 0
1706671495.460000052 983.5590 2299.8283 7.4412 0 0 0 0
1706671495.870000217 983.5424 2300.2836 7.4749 0 0 0 0
1706671496.290000202 983.5478 2300.9850 7.4741 0 0 0 0
1706671496.689999918 983.5268 2301.4896 7.4667 0 0 0 0
1706671497.119999724 983.5419 2301.9231 7.4516 0 0 0 0
1706671497.510000248 983.5692 2302.6544 7.4807 0 0 0 0
1706671497.909999965 983.5617 2303.0781 7.5121 0 0 0 0
1706671498.269999772 983.5723 2303.5223 7.4818 0 0 0 0
1706671498.539999942 983.5187 2304.0524 7.4725 0 0 0 0
1706671498.859999841 983.4680 2304.5694 7.5059 0 0 0 0
1706671499.200000009 983.4741 2304.9970 7.4998 0 0 0 0
1706671499.519999907 983.4444 2305.5204 7.4785 0 0 0 0
1706671499.969999981 983.4033 2305.9821 7.5165 0 0 0 0
1706671500.429999875 983.3754 2306.5268 7.5216 0 0 0 0
1706671500.770000042 983.3162 2307.0501 7.5019 0 0 0 0
1706671501.070000301 983.2897 2307.4959 7.5111 0 0 0 0
1706671501.530000195 983.2540 2307.9875 7.5382 0 0 0 0
1706671501.850000094 983.1757 2308.4887 7.5278 0 0 0 0
1706671502.260000259 983.1494 2308.9694 7.5128 0 0 0 0
1706671502.720000152 983.1133 2309.5304 7.5379 0 0 0 0
1706671503.149999958 983.0719 2310.0403 7.5824 0 0 0 0
1706671503.550000302 983.0747 2310.5195 7.5782 0 0 0 0
1706671503.830000293 983.0484 2311.2237 7.6053 0 0 0 0
1706671503.989999928 983.0484 2311.2237 7.6053 0 0 0 0
1706671504.460000270 983.0624 2311.7536 7.5649 0 0 0 0
1706671504.839999718 983.0920 2312.3054 7.5620 0 0 0 0
1706671505.209999974 983.0782 2312.6699 7.5810 0 0 0 0
1706671505.599999870 983.0771 2313.5281 7.5660 0 0 0 0
1706671505.890000309 983.0771 2313.5281 7.5660 0 0 0 0
1706671506.220000028 982.9790 2314.0105 7.5943 0 0 0 0
1706671506.630000193 982.9374 2314.4491 7.5557 0 0 0 0
1706671506.950000091 982.8578 2314.8868 7.5793 0 0 0 0
1706671507.220000261 982.8105 2315.4496 7.5907 0 0 0 0
1706671507.440000074 982.8084 2315.7242 7.5746 0 0 0 0
1706671507.659999887 982.8138 2315.9969 7.5852 0 0 0 0
1706671507.869999879 982.8414 2316.2452 7.6237 0 0 0 0
1706671508.189999778 982.8495 2316.4912 7.6047 0 0 0 0
1706671508.590000123 982.9026 2316.9901 7.6227 0 0 0 0
1706671509.210000280 982.9085 2318.0002 7.6173 0 0 0 0
1706671509.470000002 982.9085 2318.0002 7.6173 0 0 0 0
1706671509.859999898 982.9034 2318.7438 7.6107 0 0 0 0
1706671510.289999703 982.8426 2319.1713 7.6004 0 0 0 0
1706671510.669999779 982.7716 2319.6824 7.6392 0 0 0 0
1706671511.119999853 982.7050 2320.1814 7.6568 0 0 0 0
1706671511.509999749 982.5898 2320.8036 7.6685 0 0 0 0
1706671511.690000282 982.5380 2321.2428 7.6377 0 0 0 0
1706671512.010000180 982.5213 2321.5913 7.6740 0 0 0 0
1706671512.349999719 982.4942 2321.8665 7.6424 0 0 0 0
1706671512.820000062 982.4818 2322.4012 7.6635 0 0 0 0
1706671513.219999778 982.4268 2322.9454 7.6670 0 0 0 0
1706671513.590000034 982.3779 2323.4750 7.6532 0 0 0 0
1706671513.930000202 982.3833 2323.9498 7.6403 0 0 0 0
1706671514.339999738 982.4086 2324.5334 7.6893 0 0 0 0
1706671514.609999908 982.4168 2324.9018 7.7014 0 0 0 0
1706671514.859999809 982.4173 2325.3550 7.6941 0 0 0 0
1706671515.050000162 982.4109 2325.5376 7.7010 0 0 0 0
1706671515.379999881 982.4002 2325.8080 7.7343 0 0 0 0
1706671515.689999959 982.3242 2326.3719 7.7308 0 0 0 0
1706671516.109999944 982.2569 2326.9181 7.7156 0 0 0 0
1706671516.410000203 982.2108 2327.2964 7.7204 0 0 0 0
1706671516.800000099 982.1550 2327.8968 7.7465 0 0 0 0
1706671517.099999730 982.1372 2328.2742 7.7122 0 0 0 0
1706671517.379999720 982.1521 2328.6668 7.7440 0 0 0 0
1706671517.810000153 982.1278 2329.4381 7.7455 0 0 0 0
1706671518.179999781 982.1278 2329.4381 7.7455 0 0 0 0
1706671518.459999771 982.0773 2330.1405 7.7421 0 0 0 0
1706671518.680000212 982.0773 2330.1405 7.7421 0 0 0 0
1706671519.060000288 982.0675 2330.7121 7.7662 0 0 0 0
1706671519.439999736 982.0601 2331.1153 7.7388 0 0 0 0
1706671519.849999901 981.9958 2331.8511 7.7417 0 0 0 0
1706671520.369999972 981.9897 2332.4447 7.7578 0 0 0 0
1706671520.799999777 981.9768 2332.9773 7.7972 0 0 0 0
1706671521.270000120 981.9728 2333.6021 7.8072 0 0 0 0
1706671521.620000107 981.9812 2334.1003 7.8094 0 0 0 0
1706671522.059999732 981.9560 2334.6538 7.7968 0 0 0 0
1706671522.369999811 981.9484 2335.1766 7.8014 0 0 0 0
1706671522.819999885 981.9049 2335.6323 7.8442 0 0 0 0
1706671523.230000050 981.7975 2336.1921 7.8597 0 0 0 0
1706671523.580000037 981.7564 2336.7165 7.8368 0 0 0 0
1706671523.860000027 981.7059 2337.1298 7.8436 0 0 0 0
1706671524.319999921 981.7123 2337.6558 7.8779 0 0 0 0
1706671524.660000089 981.7605 2338.0907 7.8898 0 0 0 0
1706671525.019999896 981.7281 2338.5099 7.8805 0 0 0 0
1706671525.409999792 981.6964 2338.8417 7.9231 0 0 0 0
1706671525.749999960 981.6906 2339.3323 7.9014 0 0 0 0
1706671526.109999768 981.6675 2339.7126 7.9085 0 0 0 0
1706671526.459999755 981.6701 2340.1414 7.9338 0 0 0 0
1706671526.960000186 981.7012 2340.6254 7.9294 0 0 0 0
1706671527.310000174 981.6623 2340.9790 7.9174 0 0 0 0
1706671527.620000253 981.6353 2341.3611 7.9166 0 0 0 0
1706671527.929999703 981.6419 2341.6050 7.9250 0 0 0 0
1706671528.309999779 981.6113 2341.8580 7.9253 0 0 0 0
1706671528.719999944 981.5789 2342.1594 7.9494 0 0 0 0
1706671529.050000291 981.5533 2342.5398 7.9360 0 0 0 0
1706671529.410000099 981.4968 2342.8538 7.9359 0 0 0 0
1706671529.869999993 981.3894 2343.2401 7.9475 0 0 0 0
1706671530.320000066 981.3511 2343.5485 7.9379 0 0 0 0
1706671530.770000140 981.2511 2344.2351 7.9617 0 0 0 0
1706671530.989999953 981.2511 2344.2351 7.9617 0 0 0 0
1706671531.220000214 981.2551 2344.5323 7.9415 0 0 0 0
1706671531.510000024 981.2191 2344.8200 7.9659 0 0 0 0
1706671531.880000280 981.1554 2345.0566 7.9600 0 0 0 0
1706671532.079999824 981.1382 2345.2499 7.9904 0 0 0 0
1706671532.529999898 981.1110 2345.4443 8.0045 0 0 0 0
1706671532.909999974 981.0443 2345.8075 7.9991 0 0 0 0
1706671533.290000050 981.0453 2345.9216 7.9939 0 0 0 0
1706671533.600000129 981.0747 2346.1043 8.0225 0 0 0 0
1706671533.889999939 981.1063 2346.2790 8.0308 0 0 0 0
1706671534.279999835 981.1361 2346.5191 8.0350 0 0 0 0
1706671534.589999914 981.1330 2346.7980 8.0286 0 0 0 0
1706671534.969999990 981.1159 2346.9282 8.0247 0 0 0 0
1706671535.310000158 981.1387 2347.3191 8.0174 0 0 0 0
1706671535.609999788 981.1234 2347.5516 8.0225 0 0 0 0
1706671535.859999689 981.1013 2347.8062 8.0272 0 0 0 0
1706671536.129999859 981.1008 2347.9857 8.0370 0 0 0 0
1706671536.409999849 981.0955 2348.2161 8.0209 0 0 0 0
1706671536.820000014 981.0834 2348.4516 8.0340 0 0 0 0
1706671537.130000093 981.1214 2348.6148 8.0435 0 0 0 0
1706671537.550000078 981.1896 2348.5146 8.0414 0 0 0 0
1706671537.909999886 981.1789 2348.2776 8.0267 0 0 0 0
1706671538.229999784 981.1475 2348.2413 8.0165 0 0 0 0
1706671538.609999861 981.1649 2348.2583 8.0189 0 0 0 0
1706671538.940000208 981.2524 2348.1565 8.0070 0 0 0 0
1706671539.440000011 981.3981 2347.7352 7.9537 0 0 0 0
1706671539.850000176 981.5053 2347.3549 7.9661 0 0 0 0
1706671540.149999806 981.5171 2346.8631 7.9367 0 0 0 0
1706671540.459999884 981.5160 2346.6914 7.9524 0 0 0 0
1706671540.949999867 981.5470 2346.0699 7.9732 0 0 0 0
1706671541.460000118 981.5469 2345.6302 7.9300 0 0 0 0
1706671541.880000103 981.5659 2345.0044 7.9207 0 0 0 0
1706671542.200000002 981.5613 2344.6053 7.9479 0 0 0 0
1706671542.610000167 981.5570 2344.0016 7.9343 0 0 0 0
1706671542.949999706 981.5545 2343.5152 7.8928 0 0 0 0
1706671543.329999782 981.4678 2342.9329 7.8542 0 0 0 0
1706671543.720000307 981.4626 2342.5242 7.8794 0 0 0 0
1706671544.059999846 981.5407 2342.0153 7.8534 0 0 0 0
1706671544.369999925 981.5237 2341.3785 7.8187 0 0 0 0
1706671544.719999912 981.5075 2340.9338 7.8446 0 0 0 0
1706671545.260000252 981.3889 2340.0365 7.8287 0 0 0 0
1706671545.589999971 981.3889 2340.0365 7.8287 0 0 0 0
1706671545.849999692 981.3779 2339.6710 7.8654 0 0 0 0
1706671546.130000311 981.3973 2339.2655 7.8043 0 0 0 0
1706671546.410000301 981.3859 2338.7741 7.8080 0 0 0 0
1706671546.779999929 981.3844 2338.3897 7.7962 0 0 0 0
1706671547.090000007 981.4116 2337.9371 7.7725 0 0 0 0
1706671547.519999812 981.3981 2337.3421 7.7738 0 0 0 0
1706671547.789999982 981.4107 2336.9445 7.7773 0 0 0 0
1706671548.179999879 981.4603 2336.5291 7.7352 0 0 0 0
1706671548.459999869 981.4888 2336.1582 7.7848 0 0 0 0
1706671548.879999854 981.5786 2335.6056 7.7563 0 0 0 0
1706671549.199999752 981.6967 2335.1161 7.7310 0 0 0 0
1706671549.520000280 981.7125 2334.7186 7.7677 0 0 0 0
1706671549.800000270 981.7030 2334.2306 7.7280 0 0 0 0
1706671550.209999806 981.7158 2333.8228 7.7220 0 0 0 0
1706671550.589999883 981.7070 2333.3703 7.7587 0 0 0 0
1706671551.109999954 981.6950 2332.5853 7.7384 0 0 0 0
1706671551.510000299 981.7455 2331.9926 7.7336 0 0 0 0
1706671551.849999838 981.6979 2331.5745 7.6804 0 0 0 0
1706671552.229999914 981.9104 2330.6529 7.6839 0 0 0 0
1706671552.649999899 981.8969 2330.1552 7.6686 0 0 0 0
1706671552.969999798 981.8969 2330.1552 7.6686 0 0 0 0
1706671553.400000231 982.0225 2329.5051 7.6920 0 0 0 0
1706671553.839999856 982.1022 2328.9329 7.7027 0 0 0 0
1706671554.270000290 982.1063 2328.3603 7.6803 0 0 0 0
1706671554.709999915 982.1879 2327.8562 7.6361 0 0 0 0
1706671555.089999991 982.1762 2327.2699 7.6233 0 0 0 0
1706671555.379999802 982.2069 2326.6358 7.6351 0 0 0 0
1706671555.920000141 982.0817 2325.9790 7.6275 0 0 0 0
1706671556.260000309 982.0844 2325.4430 7.6520 0 0 0 0
1706671556.660000025 982.1246 2324.9747 7.6240 0 0 0 0
1706671557.049999922 982.0875 2324.4765 7.5906 0 0 0 0
1706671557.539999904 982.1615 2323.8349 7.6038 0 0 0 0
1706671558.039999707 982.2203 2323.1473 7.6127 0 0 0 0
1706671558.409999963 982.2445 2322.5567 7.6012 0 0 0 0
1706671558.899999945 982.2929 2321.8848 7.5952 0 0 0 0
1706671559.329999750 982.2650 2321.3068 7.5659 0 0 0 0
1706671559.730000095 982.3271 2320.7403 7.5581 0 0 0 0
1706671560.140000260 982.2904 2320.0366 7.5417 0 0 0 0
1706671560.630000243 982.2967 2319.4440 7.5665 0 0 0 0
1706671560.950000142 982.3358 2318.8554 7.5856 0 0 0 0
1706671561.349999858 982.3527 2318.3689 7.5241 0 0 0 0
1706671561.680000206 982.4427 2317.8325 7.5181 0 0 0 0
1706671562.000000104 982.4738 2317.4670 7.5629 0 0 0 0
1706671562.320000003 982.5049 2316.9289 7.5361 0 0 0 0
1706671562.819999806 982.5932 2316.1996 7.5428 0 0 0 0
1706671563.379999786 982.5863 2315.7322 7.5083 0 0 0 0
1706671563.789999951 982.7010 2314.9224 7.5051 0 0 0 0
1706671564.120000298 982.7681 2314.3373 7.5128 0 0 0 0
1706671564.529999834 982.7985 2313.9556 7.5082 0 0 0 0
1706671565.019999817 982.8864 2313.3813 7.5033 0 0 0 0
1706671565.499999980 982.8742 2312.6564 7.4946 0 0 0 0
1706671565.910000145 982.8970 2312.1127 7.4973 0 0 0 0
1706671566.230000043 982.9229 2311.4181 7.4903 0 0 0 0
1706671566.680000117 982.9235 2311.0860 7.5282 0 0 0 0
1706671567.049999745 982.9692 2310.5462 7.4960 0 0 0 0
1706671567.459999910 983.0163 2309.9085 7.4580 0 0 0 0
1706671567.889999715 983.1392 2309.2353 7.4530 0 0 0 0
1706671568.350000237 983.2070 2308.7094 7.4730 0 0 0 0
1706671568.770000222 983.2018 2308.0928 7.4818 0 0 0 0
1706671569.220000296 983.1804 2307.4539 7.4786 0 0 0 0
1706671569.690000010 983.1178 2306.6739 7.4736 0 0 0 0
1706671570.270000258 983.1340 2305.9214 7.4802 0 0 0 0
1706671570.639999886 983.1529 2305.3977 7.5140 0 0 0 0
1706671571.099999780 983.1905 2304.7588 7.5489 0 0 0 0
1706671571.579999942 983.1978 2304.2693 7.6081 0 0 0 0
1706671571.929999930 983.2098 2303.6544 7.6942 0 0 0 0
1706671572.349999915 983.1966 2303.2173 7.6552 0 0 0 0
1706671572.769999900 983.2298 2302.6818 7.5809 0 0 0 0
1706671573.170000245 983.3523 2302.0058 7.6034 0 0 0 0
1706671573.679999867 983.4576 2301.4128 7.6299 0 0 0 0
1706671574.110000301 983.4770 2300.6776 7.6397 0 0 0 0
1706671574.600000284 983.5269 2300.0603 7.6679 0 0 0 0
1706671574.960000091 983.6516 2299.4485 7.6545 0 0 0 0
1706671575.289999810 983.6690 2298.9883 7.6171 0 0 0 0
1706671575.699999975 983.7033 2298.4718 7.6488 0 0 0 0
1706671576.140000229 983.7911 2297.5418 7.6116 0 0 0 0
1706671576.430000039 983.8202 2297.1169 7.6317 0 0 0 0
1706671576.689999760 983.8202 2297.1169 7.6317 0 0 0 0
1706671577.139999834 983.8920 2296.5151 7.6053 0 0 0 0
1706671577.619999996 983.9047 2295.9743 7.5827 0 0 0 0
1706671577.969999984 983.9824 2295.2969 7.5963 0 0 0 0
1706671578.289999883 984.0259 2294.7704 7.6341 0 0 0 0
1706671578.660000139 984.0060 2294.2973 7.5848 0 0 0 0
1706671579.110000213 983.9945 2293.6530 7.5809 0 0 0 0
1706671579.540000018 983.9640 2293.1229 7.6124 0 0 0 0
1706671579.990000091 983.9897 2292.0636 7.6084 0 0 0 0
1706671580.359999719 983.9897 2292.0636 7.6084 0 0 0 0
1706671580.799999973 984.0356 2291.4998 7.5949 0 0 0 0
1706671581.259999867 984.0966 2290.7722 7.5798 0 0 0 0
1706671581.700000120 984.1495 2290.2174 7.5979 0 0 0 0
1706671582.150000194 984.1623 2289.5969 7.6155 0 0 0 0
1706671582.530000270 984.2169 2288.9455 7.5805 0 0 0 0
1706671583.079999802 984.2363 2288.2989 7.5511 0 0 0 0
1706671583.459999878 984.2460 2287.5940 7.5551 0 0 0 0
1706671583.800000045 984.2679 2287.1776 7.5769 0 0 0 0
1706671584.119999944 984.3069 2286.3705 7.5717 0 0 0 0
1706671584.420000203 984.3069 2286.3705 7.5717 0 0 0 0
1706671584.829999739 984.3911 2285.7820 7.5638 0 0 0 0
1706671585.300000082 984.4181 2285.2866 7.5452 0 0 0 0
1706671585.720000067 984.4473 2284.5569 7.5615 0 0 0 0
1706671586.109999963 984.4530 2284.0740 7.5653 0 0 0 0
1706671586.440000311 984.4800 2283.4909 7.5773 0 0 0 0
1706671586.889999756 984.5200 2282.9149 7.5593 0 0 0 0
1706671587.339999829 984.5249 2282.2560 7.5463 0 0 0 0
1706671587.619999819 984.5378 2281.7961 7.5401 0 0 0 0
1706671587.950000167 984.5608 2281.3533 7.5427 0 0 0 0
1706671588.260000246 984.5841 2280.9226 7.5308 0 0 0 0
1706671588.629999873 984.6524 2280.3343 7.5336 0 0 0 0
1706671589.119999856 984.7059 2279.7190 7.5241 0 0 0 0
1706671589.520000201 984.7159 2279.1090 7.5334 0 0 0 0
1706671589.919999917 984.7578 2278.5207 7.5150 0 0 0 0
1706671590.269999905 984.7777 2277.9341 7.5013 0 0 0 0
1706671590.610000072 984.7958 2277.3668 7.5107 0 0 0 0
1706671591.030000057 984.7884 2276.8270 7.5202 0 0 0 0
1706671591.279999958 984.7869 2276.4446 7.5211 0 0 0 0
1706671591.510000220 984.8062 2276.1420 7.5247 0 0 0 0
1706671591.790000210 984.8184 2275.7635 7.5151 0 0 0 0
1706671592.210000195 984.7912 2275.2174 7.5052 0 0 0 0
1706671592.490000185 984.8049 2274.8140 7.5145 0 0 0 0
1706671592.940000258 984.8326 2274.2693 7.4961 0 0 0 0
1706671593.260000157 984.8479 2273.8249 7.4924 0 0 0 0
1706671593.619999965 984.9023 2273.0717 7.4968 0 0 0 0
1706671593.829999957 984.9098 2272.7659 7.5052 0 0 0 0
1706671594.090000307 984.9098 2272.7659 7.5052 0 0 0 0
1706671594.669999927 984.9909 2271.5271 7.4694 0 0 0 0
1706671595.019999915 984.9909 2271.5271 7.4694 0 0 0 0
1706671595.290000085 984.9611 2270.9886 7.4485 0 0 0 0
1706671595.619999804 984.9650 2270.7020 7.4652 0 0 0 0
1706671596.029999969 984.9905 2270.2058 7.4542 0 0 0 0
1706671596.400000225 984.9904 2269.6874 7.4491 0 0 0 0
1706671596.809999761 985.0379 2269.1152 7.4541 0 0 0 0
1706671597.289999924 985.0708 2268.6101 7.4607 0 0 0 0
1706671597.579999734 985.0670 2267.9328 7.4487 0 0 0 0
1706671597.859999724 985.0750 2267.5489 7.4221 0 0 0 0
1706671598.110000254 985.0628 2267.2411 7.4297 0 0 0 0
1706671598.379999795 985.0572 2266.7914 7.4287 0 0 0 0
1706671598.600000236 985.0549 2266.3961 7.4315 0 0 0 0
1706671598.880000226 985.0640 2266.1168 7.4205 0 0 0 0
1706671599.109999859 985.0732 2265.8064 7.4459 0 0 0 0
1706671599.480000115 985.1104 2265.4124 7.4490 0 0 0 0
1706671599.900000100 985.1607 2265.0837 7.4553 0 0 0 0
1706671600.289999996 985.3410 2264.1734 7.4287 0 0 0 0
1706671600.539999898 985.3410 2264.1734 7.4287 0 0 0 0
1706671601.010000240 985.4929 2263.6537 7.4524 0 0 0 0
1706671601.349999779 985.5988 2263.1590 7.4741 0 0 0 0
1706671601.710000215 985.6564 2262.8018 7.4774 0 0 0 0
1706671602.009999845 985.7134 2262.2484 7.4709 0 0 0 0
1706671602.429999830 985.7260 2261.8625 7.4840 0 0 0 0
1706671602.889999724 985.7172 2261.4030 7.4916 0 0 0 0
1706671603.379999707 985.7421 2260.7007 7.4989 0 0 0 0
1706671603.829999780 985.7444 2260.0623 7.5039 0 0 0 0
1706671604.239999945 985.7537 2259.5150 7.4927 0 0 0 0
1706671604.739999748 985.7643 2258.8738 7.4953 0 0 0 0
1706671605.289999908 985.8111 2258.1756 7.4927 0 0 0 0
1706671605.609999807 985.8269 2257.5951 7.4860 0 0 0 0
1706671605.989999883 985.8436 2257.1816 7.4918 0 0 0 0
1706671606.330000050 985.8861 2256.6402 7.5027 0 0 0 0
1706671606.859999942 985.8714 2256.0090 7.5058 0 0 0 0
1706671607.200000109 985.8806 2255.5295 7.4850 0 0 0 0
1706671607.540000277 985.8869 2255.1308 7.4844 0 0 0 0
1706671607.809999818 985.8882 2254.7329 7.4877 0 0 0 0
1706671608.129999717 985.9079 2254.3797 7.4826 0 0 0 0
1706671608.409999707 985.9341 2253.9639 7.4841 0 0 0 0
1706671608.829999692 985.9410 2253.5726 7.4799 0 0 0 0
1706671609.279999766 985.9446 2253.0194 7.4838 0 0 0 0
1706671609.659999842 985.9461 2251.9791 7.4886 0 0 0 0
1706671610.090000276 985.9461 2251.9791 7.4886 0 0 0 0
1706671610.510000261 985.9956 2251.3411 7.4957 0 0 0 0
1706671611.010000063 986.0238 2250.8337 7.4949 0 0 0 0
1706671611.469999957 986.0900 2250.0684 7.4897 0 0 0 0
1706671611.850000033 986.1099 2249.4535 7.4893 0 0 0 0
1706671612.230000109 986.2003 2248.4846 7.5119 0 0 0 0
1706671612.510000099 986.2003 2248.4846 7.5119 0 0 0 0
1706671612.969999993 986.2473 2247.9296 7.5288 0 0 0 0
1706671613.459999976 986.3374 2247.4246 7.5327 0 0 0 0
1706671613.789999695 986.3927 2246.8997 7.5275 0 0 0 0
1706671614.140000311 986.4386 2246.3421 7.5284 0 0 0 0
1706671614.509999938 986.4973 2245.7794 7.5075 0 0 0 0
1706671614.859999926 986.5250 2245.3848 7.4999 0 0 0 0
1706671615.230000182 986.5232 2244.8717 7.5116 0 0 0 0
1706671615.589999990 986.5443 2244.2642 7.5162 0 0 0 0
1706671616.049999883 986.5575 2243.8077 7.5195 0 0 0 0
1706671616.579999775 986.5615 2243.3169 7.5236 0 0 0 0
1706671616.989999940 986.5680 2242.6768 7.5484 0 0 0 0
1706671617.290000198 986.5947 2242.1694 7.5953 0 0 0 0
1706671617.659999826 986.6052 2241.7880 7.5862 0 0 0 0
1706671617.979999725 986.6005 2241.3984 7.5732 0 0 0 0
1706671618.270000163 986.6055 2240.8777 7.5887 0 0 0 0
1706671618.739999877 986.6569 2239.9754 7.5690 0 0 0 0
1706671618.919999781 986.6569 2239.9754 7.5690 0 0 0 0
1706671619.339999766 986.6993 2239.4453 7.5815 0 0 0 0
1706671619.870000286 986.7479 2238.8640 7.5872 0 0 0 0
1706671620.270000002 986.7388 2238.3053 7.5998 0 0 0 0
1706671620.689999987 986.7658 2237.7842 7.5962 0 0 0 0
1706671621.009999886 986.7763 2237.2760 7.5967 0 0 0 0
1706671621.490000049 986.8278 2236.6452 7.5989 0 0 0 0
1706671621.860000305 986.8930 2236.0839 7.5943 0 0 0 0
1706671622.330000019 986.8900 2235.6610 7.5834 0 0 0 0
1706671622.740000184 986.9502 2235.1231 7.5761 0 0 0 0
1706671623.130000080 986.9930 2234.5549 7.6069 0 0 0 0
1706671623.550000065 987.0019 2234.0800 7.6220 0 0 0 0
1706671623.890000232 987.0664 2233.1104 7.5891 0 0 0 0
1706671624.170000223 987.0664 2233.1104 7.5891 0 0 0 0
1706671624.539999850 987.1133 2232.5417 7.6004 0 0 0 0
1706671624.789999751 987.1591 2232.1772 7.6047 0 0 0 0
1706671625.120000099 987.1978 2231.7398 7.6068 0 0 0 0
1706671625.489999726 987.2466 2231.2403 7.6243 0 0 0 0
1706671625.829999894 987.3408 2230.6326 7.6201 0 0 0 0
1706671626.139999973 987.3753 2230.2473 7.6148 0 0 0 0
1706671626.389999874 987.4275 2229.8275 7.6272 0 0 0 0
1706671626.820000308 987.4609 2229.4021 7.6280 0 0 0 0
1706671627.189999935 987.4703 2229.0407 7.6288 0 0 0 0
1706671627.549999743 987.4989 2228.5014 7.6424 0 0 0 0
1706671627.770000184 987.5240 2228.0788 7.6400 0 0 0 0
1706671627.999999817 987.5241 2227.7085 7.6307 0 0 0 0
1706671628.239999898 987.5226 2227.2666 7.6497 0 0 0 0
1706671628.680000152 987.5550 2226.8474 7.6308 0 0 0 0
1706671629.009999870 987.5630 2226.4882 7.6483 0 0 0 0
1706671629.440000304 987.5747 2226.0595 7.6478 0 0 0 0
1706671629.790000292 987.6120 2225.4219 7.6663 0 0 0 0
1706671630.099999742 987.6440 2225.0176 7.6799 0 0 0 0
1706671630.430000089 987.6580 2224.6160 7.6950 0 0 0 0
1706671630.759999808 987.6854 2223.8392 7.6987 0 0 0 0
1706671631.179999793 987.6854 2223.8392 7.6987 0 0 0 0
1706671631.589999958 987.6869 2223.2209 7.7011 0 0 0 0
1706671632.070000120 987.7140 2222.6028 7.6902 0 0 0 0
1706671632.499999925 987.7656 2222.0414 7.6962 0 0 0 0
1706671632.980000088 987.7629 2221.4352 7.6998 0 0 0 0
1706671633.409999893 987.7669 2220.9403 7.7075 0 0 0 0
1706671633.769999701 987.7798 2220.3552 7.7258 0 0 0 0
1706671634.060000139 987.8333 2219.8610 7.7127 0 0 0 0
1706671634.410000127 987.8405 2219.4365 7.6936 0 0 0 0
1706671634.750000294 987.8590 2219.0707 7.7206 0 0 0 0
1706671634.989999747 987.9245 2218.4830 7.7192 0 0 0 0
1706671635.269999737 987.9494 2218.2038 7.7248 0 0 0 0
1706671635.639999993 987.9670 2217.8229 7.7426 0 0 0 0
1706671636.169999884 988.0232 2217.2864 7.7238 0 0 0 0
1706671636.559999781 988.0647 2216.6408 7.7216 0 0 0 0
1706671636.990000214 988.0621 2216.0941 7.7367 0 0 0 0
1706671637.249999936 988.0825 2215.5419 7.7563 0 0 0 0
1706671637.550000194 988.0934 2215.1538 7.7530 0 0 0 0
1706671637.949999911 988.1068 2214.7708 7.7680 0 0 0 0
1706671638.239999721 988.1520 2214.2851 7.7713 0 0 0 0
1706671638.740000152 988.1673 2213.9054 7.7532 0 0 0 0
1706671639.069999871 988.1815 2213.3754 7.7634 0 0 0 0
1706671639.340000041 988.2313 2212.8221 7.7828 0 0 0 0
1706671639.760000026 988.2521 2212.2768 7.8023 0 0 0 0
1706671640.359999915 988.2957 2211.8168 7.7938 0 0 0 0
1706671640.700000082 988.3526 2211.2214 7.8076 0 0 0 0
1706671641.279999702 988.3960 2210.4792 7.8205 0 0 0 0
1706671641.729999776 988.4217 2209.9984 7.8316 0 0 0 0
1706671642.100000032 988.4411 2209.5024 7.8403 0 0 0 0
1706671642.459999840 988.4818 2208.9182 7.8178 0 0 0 0
1706671642.960000271 988.5453 2207.9428 7.8661 0 0 0 0
1706671643.380000256 988.5453 2207.9428 7.8661 0 0 0 0
1706671643.789999792 988.6404 2207.2690 7.8470 0 0 0 0
1706671644.160000049 988.6474 2206.7641 7.8520 0 0 0 0
1706671644.610000122 988.6935 2206.1960 7.8492 0 0 0 0
1706671645.020000287 988.7194 2205.7265 7.8433 0 0 0 0
1706671645.469999732 988.7290 2205.1287 7.8481 0 0 0 0
1706671645.760000171 988.7455 2204.6125 7.8435 0 0 0 0
1706671646.080000070 988.7630 2204.2353 7.8307 0 0 0 0
1706671646.449999698 988.7704 2203.7234 7.8490 0 0 0 0
1706671646.889999951 988.7856 2203.2236 7.8502 0 0 0 0
1706671647.200000030 988.8569 2202.4579 7.8695 0 0 0 0
1706671647.389999754 988.8569 2202.4579 7.8695 0 0 0 0
1706671647.780000279 988.9213 2202.0496 7.8491 0 0 0 0
1706671648.130000266 988.9624 2201.5346 7.8511 0 0 0 0
1706671648.679999798 988.9975 2200.8462 7.8661 0 0 0 0
1706671649.040000234 989.0536 2200.3564 7.8799 0 0 0 0
1706671649.369999953 989.0716 2199.8345 7.9110 0 0 0 0
1706671649.899999844 989.1331 2199.2777 7.9402 0 0 0 0
1706671650.249999831 989.1856 2198.8504 7.9484 0 0 0 0
1706671650.699999905 989.1701 2198.5076 7.9698 0 0 0 0
1706671651.119999890 989.2203 2197.8369 7.9590 0 0 0 0
1706671651.569999964 989.2043 2197.2786 7.9566 0 0 0 0
1706671651.950000040 989.2123 2196.8581 7.9803 0 0 0 0
1706671652.279999759 989.2740 2196.2472 7.9877 0 0 0 0
1706671652.909999737 989.3307 2195.5948 8.0034 0 0 0 0
1706671653.419999988 989.3749 2194.8231 7.9970 0 0 0 0
1706671653.790000244 989.3382 2194.3133 7.9894 0 0 0 0
1706671654.220000049 989.3839 2193.3854 7.9881 0 0 0 0
1706671654.439999862 989.3839 2193.3854 7.9881 0 0 0 0
1706671654.749999940 989.3813 2192.9932 7.9857 0 0 0 0
1706671655.039999750 989.3937 2192.6324 8.0064 0 0 0 0
1706671655.400000187 989.4357 2192.2431 7.9973 0 0 0 0
1706671655.850000260 989.4790 2191.7758 7.9902 0 0 0 0
1706671656.340000243 989.5280 2191.1331 8.0066 0 0 0 0
1706671656.779999868 989.5815 2190.5504 8.0104 0 0 0 0
1706671657.159999944 989.6011 2189.9515 8.0223 0 0 0 0
1706671657.439999934 989.6390 2189.4684 8.0004 0 0 0 0
1706671657.740000193 989.6880 2189.1289 8.0252 0 0 0 0
1706671658.020000183 989.7158 2188.7823 8.0300 0 0 0 0
1706671658.429999719 989.7390 2188.4379 8.0470 0 0 0 0
1706671658.949999791 989.8719 2187.7764 8.0589 0 0 0 0
1706671659.329999867 989.9240 2187.1423 8.0789 0 0 0 0
1706671659.679999854 989.9662 2186.6898 8.0932 0 0 0 0
1706671660.080000199 989.9942 2186.2615 8.1277 0 0 0 0
1706671660.570000182 989.9810 2185.6451 8.1353 0 0 0 0
1706671660.990000167 989.9952 2185.0766 8.1272 0 0 0 0
1706671661.459999881 989.9877 2184.4448 8.1375 0 0 0 0
1706671662.010000041 990.0688 2183.3641 8.1383 0 0 0 0
1706671662.269999762 990.0688 2183.3641 8.1383 0 0 0 0
1706671662.660000287 990.0479 2182.9182 8.1597 0 0 0 0
1706671663.179999730 990.0295 2182.3214 8.1687 0 0 0 0
1706671663.699999801 990.0025 2181.8114 8.1824 0 0 0 0
1706671664.159999695 990.0147 2181.0768 8.1936 0 0 0 0
1706671664.630000037 990.0314 2180.4705 8.2075 0 0 0 0
1706671665.089999931 990.0633 2179.9767 8.1971 0 0 0 0
1706671665.460000187 990.0774 2179.3805 8.2090 0 0 0 0
1706671665.950000170 990.0675 2178.8567 8.2207 0 0 0 0
1706671666.300000157 990.0473 2178.2516 8.2204 0 0 0 0
1706671666.909999866 990.0243 2177.5602 8.2612 0 0 0 0
1706671667.270000302 990.0573 2177.0958 8.2743 0 0 0 0
1706671667.609999841 990.0950 2176.6227 8.2748 0 0 0 0
1706671668.020000006 990.2059 2175.8263 8.2775 0 0 0 0
1706671668.279999727 990.2059 2175.8263 8.2775 0 0 0 0
1706671668.579999986 990.2438 2175.3194 8.2819 0 0 0 0
1706671668.920000154 990.2593 2175.0104 8.3017 0 0 0 0
1706671669.319999870 990.3137 2174.3482 8.3006 0 0 0 0
1706671669.550000131 990.3219 2173.9911 8.3013 0 0 0 0
1706671669.900000119 990.3563 2173.5596 8.3062 0 0 0 0
1706671670.189999929 990.3974 2173.1965 8.3125 0 0 0 0
1706671670.630000182 990.4167 2172.8190 8.3063 0 0 0 0
1706671670.940000261 990.4395 2172.2862 8.3266 0 0 0 0
1706671671.419999795 990.4751 2171.7373 8.3345 0 0 0 0
1706671671.750000142 990.4615 2171.2130 8.3471 0 0 0 0
1706671672.079999861 990.5312 2170.4023 8.3744 0 0 0 0
1706671672.510000295 990.5312 2170.4023 8.3744 0 0 0 0
1706671673.010000098 990.6083 2169.6819 8.3963 0 0 0 0
1706671673.519999720 990.7029 2169.0657 8.3907 0 0 0 0
1706671673.899999796 990.7176 2168.3760 8.4050 0 0 0 0
1706671674.270000053 990.7603 2167.8791 8.3985 0 0 0 0
1706671674.589999951 990.8121 2167.3483 8.3940 0 0 0 0
1706671675.089999754 990.8388 2166.9361 8.4108 0 0 0 0
1706671675.469999830 990.9129 2166.1758 8.4285 0 0 0 0
1706671675.859999727 990.9302 2165.7287 8.4235 0 0 0 0
1706671676.239999803 990.9598 2165.2936 8.4567 0 0 0 0
1706671676.659999788 991.0279 2164.2880 8.4745 0 0 0 0
1706671677.050000313 991.0279 2164.2880 8.4745 0 0 0 0
1706671677.459999849 991.0247 2163.7761 8.4852 0 0 0 0
1706671677.809999837 991.0492 2163.1383 8.4996 0 0 0 0
1706671678.220000002 991.0237 2162.7451 8.5384 0 0 0 0
1706671678.549999720 991.0528 2162.3059 8.5263 0 0 0 0
1706671678.789999802 991.0925 2161.8820 8.5337 0 0 0 0
1706671679.120000149 991.0637 2161.5350 8.5310 0 0 0 0
1706671679.519999865 991.0714 2161.0415 8.5223 0 0 0 0
1706671679.820000124 991.0651 2160.6306 8.5443 0 0 0 0
1706671680.109999934 991.0641 2160.3053 8.5445 0 0 0 0
1706671680.539999739 991.0528 2159.8464 8.5864 0 0 0 0
1706671680.909999995 991.0896 2159.2888 8.5999 0 0 0 0
1706671681.280000252 991.1191 2158.9669 8.6056 0 0 0 0
1706671681.579999882 991.1619 2158.5700 8.6332 0 0 0 0
1706671681.859999872 991.2331 2158.1026 8.6231 0 0 0 0
1706671682.169999951 991.2521 2157.6571 8.6379 0 0 0 0
1706671682.529999758 991.2554 2157.4202 8.6584 0 0 0 0
1706671682.879999746 991.3849 2156.5703 8.6461 0 0 0 0
1706671683.229999733 991.3849 2156.5703 8.6461 0 0 0 0
1706671683.630000078 991.3874 2156.0934 8.6931 0 0 0 0
1706671684.050000063 991.4186 2155.5919 8.6731 0 0 0 0
1706671684.460000228 991.4508 2154.6604 8.6964 0 0 0 0
1706671684.759999858 991.4508 2154.6604 8.6964 0 0 0 0
1706671685.060000117 991.5498 2154.0743 8.7036 0 0 0 0
1706671685.419999924 991.5719 2153.6900 8.6780 0 0 0 0
1706671685.669999826 991.6026 2153.3151 8.7096 0 0 0 0
1706671686.019999813 991.6683 2152.9559 8.6931 0 0 0 0
1706671686.409999710 991.7051 2152.6715 8.7091 0 0 0 0
1706671686.840000143 991.7342 2152.1619 8.7268 0 0 0 0
1706671687.290000217 991.8042 2151.5026 8.7442 0 0 0 0
1706671687.790000020 991.8298 2151.0346 8.7476 0 0 0 0
1706671688.240000093 991.8608 2150.3892 8.7778 0 0 0 0
1706671688.779999805 991.8879 2149.8217 8.7880 0 0 0 0
1706671689.339999785 991.9226 2149.1327 8.7890 0 0 0 0
1706671689.859999856 991.9837 2148.5039 8.7989 0 0 0 0
1706671690.290000290 992.0255 2147.8906 8.8350 0 0 0 0
1706671690.659999917 992.0694 2147.2376 8.8102 0 0 0 0
1706671691.329999804 992.0280 2146.6168 8.8618 0 0 0 0
1706671691.719999700 992.0713 2145.9474 8.9021 0 0 0 0
1706671692.069999687 992.0692 2145.3932 8.9010 0 0 0 0
1706671692.420000304 992.0991 2144.7043 8.9346 0 0 0 0
1706671692.829999840 992.0991 2144.7043 8.9346 0 0 0 0
1706671693.289999734 992.1224 2143.9568 8.9715 0 0 0 0
1706671693.869999982 992.1249 2143.2453 8.9432 0 0 0 0
1706671694.250000059 992.0891 2142.5109 8.9587 0 0 0 0
1706671694.569999957 992.1203 2142.0280 8.9433 0 0 0 0
1706671694.980000122 992.1383 2141.6542 8.9473 0 0 0 0
1706671695.440000016 992.1665 2141.1743 8.9725 0 0 0 0
1706671695.820000092 992.2474 2140.5878 8.9760 0 0 0 0
1706671696.240000078 992.3415 2140.0680 8.9695 0 0 0 0
1706671696.809999878 992.4002 2139.6034 8.9750 0 0 0 0
1706671697.329999949 992.4249 2138.9753 8.9947 0 0 0 0
1706671697.670000116 992.4286 2138.3641 9.0137 0 0 0 0
1706671698.020000104 992.4399 2137.8815 9.0247 0 0 0 0
1706671698.340000003 992.4229 2137.5258 9.0313 0 0 0 0
1706671698.599999724 992.4128 2137.1757 9.0493 0 0 0 0
1706671698.990000249 992.4287 2136.8067 9.0264 0 0 0 0
1706671699.439999694 992.4529 2136.2907 9.0392 0 0 0 0
1706671699.930000305 992.5102 2135.6072 9.0615 0 0 0 0
1706671700.290000113 992.5624 2135.0828 9.0803 0 0 0 0
1706671700.619999832 992.5616 2134.7259 9.0996 0 0 0 0
1706671701.039999817 992.5909 2134.2484 9.1078 0 0 0 0
1706671701.410000073 992.5966 2133.7744 9.1371 0 0 0 0
1706671701.750000240 992.6133 2133.2394 9.1477 0 0 0 0
1706671702.129999688 992.6320 2132.8580 9.1291 0 0 0 0
1706671702.630000119 992.6673 2132.1566 9.1441 0 0 0 0
1706671703.040000284 992.6256 2131.6297 9.1871 0 0 0 0
1706671703.390000272 992.6184 2131.2019 9.1863 0 0 0 0
1706671703.869999805 992.6781 2130.6137 9.1883 0 0 0 0
1706671704.370000237 992.7359 2130.1304 9.1909 0 0 0 0
1706671704.790000222 992.8779 2129.0594 9.2165 0 0 0 0
1706671705.140000209 992.8779 2129.0594 9.2165 0 0 0 0
1706671705.630000192 992.9336 2128.3944 9.2000 0 0 0 0
1706671705.969999731 992.9275 2127.8780 9.2026 0 0 0 0
1706671706.330000167 992.9461 2127.3267 9.1920 0 0 0 0
1706671706.629999797 992.9726 2126.9332 9.2177 0 0 0 0
1706671706.939999876 992.9868 2126.5528 9.2270 0 0 0 0
1706671707.189999777 993.0089 2126.1184 9.2525 0 0 0 0
1706671707.569999853 993.0292 2125.7226 9.2423 0 0 0 0
1706671707.889999752 993.0350 2125.2288 9.2567 0 0 0 0
1706671708.299999917 993.0457 2124.7386 9.2775 0 0 0 0
1706671708.659999724 993.0940 2124.2656 9.2707 0 0 0 0
1706671708.969999803 993.1402 2123.8976 9.2812 0 0 0 0
1706671709.279999882 993.1690 2123.4827 9.3334 0 0 0 0
1706671709.559999872 993.1885 2123.1102 9.3626 0 0 0 0
1706671709.970000037 993.1937 2122.7618 9.4132 0 0 0 0
1706671710.359999933 993.1992 2122.2513 9.4718 0 0 0 0
1706671710.889999825 993.2505 2121.7492 9.4156 0 0 0 0
1706671711.400000076 993.2792 2121.0570 9.4043 0 0 0 0
1706671711.829999881 993.3397 2120.4422 9.3883 0 0 0 0
1706671712.160000228 993.4192 2120.0013 9.3992 0 0 0 0
1706671712.569999765 993.4794 2119.5780 9.3818 0 0 0 0
1706671712.909999932 993.5162 2118.9526 9.3587 0 0 0 0
1706671713.479999732 993.5799 2118.4849 9.3733 0 0 0 0
1706671713.880000077 993.5853 2117.8435 9.3925 0 0 0 0
1706671714.220000245 993.5834 2117.3237 9.4052 0 0 0 0
1706671714.689999959 993.6035 2116.7676 9.4428 0 0 0 0
1706671715.109999944 993.6435 2116.2815 9.4481 0 0 0 0
1706671715.539999749 993.7201 2115.3385 9.4818 0 0 0 0
1706671715.860000276 993.7201 2115.3385 9.4818 0 0 0 0
1706671716.259999992 993.7493 2114.8666 9.4797 0 0 0 0
1706671716.589999711 993.7911 2114.4402 9.4751 0 0 0 0
1706671717.020000145 993.8150 2113.9443 9.4960 0 0 0 0
1706671717.430000310 993.8465 2113.4458 9.5007 0 0 0 0
1706671717.850000295 993.8971 2112.8912 9.4970 0 0 0 0
1706671718.280000100 993.9466 2112.3639 9.5135 0 0 0 0
1706671718.649999727 994.0338 2111.7644 9.5009 0 0 0 0
1706671719.159999979 994.0465 2111.2458 9.4913 0 0 0 0
1706671719.649999961 994.0651 2110.5507 9.5553 0 0 0 0
1706671720.120000304 994.0611 2109.9944 9.6145 0 0 0 0
1706671720.620000106 994.0585 2109.4694 9.6091 0 0 0 0
1706671721.119999909 994.0689 2108.8575 9.6228 0 0 0 0
1706671721.560000163 994.1374 2107.8303 9.6661 0 0 0 0
1706671721.950000059 994.1374 2107.8303 9.6661 0 0 0 0
1706671722.339999955 994.1140 2107.2040 9.6947 0 0 0 0
1706671722.990000201 994.1162 2106.4982 9.7031 0 0 0 0
1706671723.399999738 994.1726 2105.8697 9.7093 0 0 0 0
1706671723.800000083 994.2156 2105.4870 9.7243 0 0 0 0
1706671724.189999979 994.3102 2105.0502 9.7336 0 0 0 0
1706671724.710000050 994.3325 2104.5104 9.7122 0 0 0 0
1706671725.169999944 994.4336 2103.7738 9.6965 0 0 0 0
1706671725.599999749 994.4339 2103.1729 9.7199 0 0 0 0
1706671725.930000097 994.4736 2102.6836 9.7135 0 0 0 0
1706671726.280000084 994.4751 2102.3394 9.7237 0 0 0 0
1706671726.679999800 994.4858 2101.7703 9.7503 0 0 0 0
1706671727.169999783 994.5176 2101.3677 9.7609 0 0 0 0
1706671727.470000042 994.5707 2100.9489 9.7708 0 0 0 0
1706671727.719999943 994.5959 2100.4754 9.7766 0 0 0 0
1706671728.020000202 994.5964 2100.1156 9.7907 0 0 0 0
1706671728.429999738 994.5936 2099.7520 9.8007 0 0 0 0
1706671728.739999817 994.6206 2098.9903 9.8256 0 0 0 0
1706671728.949999809 994.6206 2098.9903 9.8256 0 0 0 0
1706671729.310000245 994.6860 2098.6277 9.8320 0 0 0 0
1706671729.700000142 994.7375 2098.1445 9.8386 0 0 0 0
1706671730.169999856 994.7548 2097.6081 9.8377 0 0 0 0
1706671730.600000289 994.7836 2097.1156 9.8346 0 0 0 0
1706671730.979999737 994.8208 2096.6619 9.8835 0 0 0 0
1706671731.279999996 994.8285 2096.1741 9.9146 0 0 0 0
1706671731.800000067 994.9181 2095.3012 9.9042 0 0 0 0
1706671732.250000141 994.9181 2095.3012 9.9042 0 0 0 0
1706671732.870000298 994.9407 2094.5788 9.8974 0 0 0 0
1706671733.379999921 995.0646 2093.8800 9.8831 0 0 0 0
1706671733.790000086 995.0968 2093.3265 9.8923 0 0 0 0
1706671734.060000256 995.1287 2092.8886 9.8992 0 0 0 0
1706671734.359999886 995.1169 2092.5059 9.8817 0 0 0 0
1706671734.749999782 995.0629 2092.0723 9.9019 0 0 0 0
1706671735.050000041 995.0283 2091.6060 9.8964 0 0 0 0
1706671735.519999755 995.0260 2091.2596 9.9140 0 0 0 0
1706671735.850000102 994.9983 2090.7935 9.9410 0 0 0 0
1706671736.130000092 995.0020 2090.4307 9.9396 0 0 0 0
1706671736.400000262 995.0316 2089.9982 9.9681 0 0 0 0
1706671736.709999712 995.0564 2089.6678 9.9571 0 0 0 0
1706671737.070000148 995.1012 2089.2643 9.9992 0 0 0 0
1706671737.380000227 995.2000 2088.9013 9.9917 0 0 0 0
1706671737.579999771 995.2699 2088.5731 10.0020 0 0 0 0
1706671737.859999761 995.2936 2088.1867 10.0081 0 0 0 0
1706671738.239999837 995.3347 2087.8484 10.0237 0 0 0 0
1706671738.729999820 995.4012 2087.3487 10.0362 0 0 0 0
1706671739.160000253 995.3900 2086.8777 10.0397 0 0 0 0
1706671739.520000061 995.3580 2086.4115 10.0417 0 0 0 0
1706671739.879999869 995.3228 2085.8963 10.0666 0 0 0 0
1706671740.250000125 995.3114 2085.5579 10.0732 0 0 0 0
1706671740.609999932 995.3517 2085.0437 10.0688 0 0 0 0
1706671741.060000006 995.3953 2084.5161 10.0883 0 0 0 0
1706671741.409999994 995.4098 2083.9951 10.0903 0 0 0 0
1706671741.790000070 995.4411 2083.6148 10.0830 0 0 0 0
1706671742.170000146 995.4951 2083.0853 10.1100 0 0 0 0
1706671742.590000131 995.5112 2082.6474 10.1451 0 0 0 0
1706671743.120000022 995.5426 2082.1033 10.1648 0 0 0 0
1706671743.540000007 995.5241 2081.4936 10.1597 0 0 0 0
1706671744.020000170 995.5318 2080.9666 10.1711 0 0 0 0
1706671744.429999706 995.5657 2080.4814 10.1875 0 0 0 0
1706671744.849999691 995.6037 2079.8962 10.2075 0 0 0 0
1706671745.270000305 995.6669 2079.4268 10.2136 0 0 0 0
1706671745.649999753 995.7210 2078.9750 10.2103 0 0 0 0
1706671746.139999735 995.7728 2078.4989 10.2260 0 0 0 0
1706671746.589999809 995.8267 2077.9481 10.2403 0 0 0 0
1706671746.929999976 995.8809 2077.3565 10.2358 0 0 0 0
1706671747.459999868 995.9278 2076.8560 10.2561 0 0 0 0
1706671747.949999850 995.9915 2076.2717 10.2801 0 0 0 0
1706671748.320000106 996.0073 2075.6279 10.2858 0 0 0 0
1706671748.689999734 996.0723 2075.2026 10.2899 0 0 0 0
1706671749.150000256 996.0680 2074.7155 10.2883 0 0 0 0
1706671749.650000059 996.0690 2074.2444 10.2911 0 0 0 0
1706671750.090000313 996.0398 2073.3172 10.3154 0 0 0 0
1706671750.529999938 996.0398 2073.3172 10.3154 0 0 0 0
1706671750.930000283 996.0505 2072.7434 10.3200 0 0 0 0
1706671751.309999730 996.0608 2072.2922 10.3343 0 0 0 0
1706671751.789999893 996.0981 2071.7789 10.3517 0 0 0 0
1706671752.160000149 996.1778 2071.1701 10.3439 0 0 0 0
1706671752.690000040 996.2015 2070.7153 10.3465 0 0 0 0
1706671753.089999757 996.2681 2070.1237 10.3469 0 0 0 0
1706671753.509999742 996.2863 2069.6539 10.3576 0 0 0 0
1706671753.889999818 996.2838 2069.2008 10.3828 0 0 0 0
1706671754.220000166 996.3315 2068.7402 10.3718 0 0 0 0
1706671754.699999699 996.3611 2068.3922 10.3808 0 0 0 0
1706671755.219999771 996.4153 2067.7432 10.4025 0 0 0 0
1706671755.650000204 996.4720 2067.1984 10.4264 0 0 0 0
1706671755.989999743 996.4774 2066.7385 10.4178 0 0 0 0
1706671756.399999908 996.5012 2066.2176 10.4207 0 0 0 0
1706671756.889999891 996.5404 2065.7397 10.4530 0 0 0 0
1706671757.379999873 996.5634 2065.1360 10.4780 0 0 0 0
1706671757.759999949 996.6053 2064.5131 10.4844 0 0 0 0
1706671758.189999755 996.6385 2064.0345 10.4778 0 0 0 0
1706671758.569999831 996.6803 2063.5346 10.4959 0 0 0 0
1706671759.029999725 996.7763 2062.8946 10.5217 0 0 0 0
1706671759.379999712 996.8033 2062.4537 10.5150 0 0 0 0
1706671759.780000057 996.8333 2061.9363 10.5082 0 0 0 0
1706671760.239999951 996.8402 2061.5911 10.5147 0 0 0 0
1706671760.680000205 996.8508 2061.0101 10.5499 0 0 0 0
1706671761.189999827 996.9001 2060.3407 10.5338 0 0 0 0
1706671761.669999990 996.8698 2059.7111 10.5434 0 0 0 0
1706671762.120000063 996.8549 2059.2039 10.5440 0 0 0 0
1706671762.509999960 996.8702 2058.6787 10.5514 0 0 0 0
1706671762.899999856 996.8849 2058.1977 10.5550 0 0 0 0
1706671763.279999932 996.9113 2057.7059 10.5489 0 0 0 0
1706671763.699999917 996.9133 2057.2078 10.5412 0 0 0 0
1706671764.059999725 996.9228 2056.6754 10.5464 0 0 0 0
1706671764.409999712 996.9606 2056.1928 10.5815 0 0 0 0
1706671764.840000146 996.9725 2055.7199 10.5837 0 0 0 0
1706671765.239999862 997.0188 2055.2074 10.5821 0 0 0 0
1706671765.540000121 997.0473 2054.8391 10.6010 0 0 0 0
1706671765.860000020 997.0508 2054.4598 10.5983 0 0 0 0
1706671766.149999830 997.0725 2053.9796 10.6092 0 0 0 0
1706671766.650000261 997.1094 2053.4513 10.6206 0 0 0 0
1706671766.979999980 997.1275 2052.9684 10.6228 0 0 0 0
1706671767.329999967 997.1493 2052.6096 10.6278 0 0 0 0
1706671767.740000132 997.2018 2052.1909 10.6490 0 0 0 0
1706671768.209999846 997.2414 2051.6099 10.6333 0 0 0 0
1706671768.629999831 997.2655 2050.9625 10.6239 0 0 0 0
1706671769.009999908 997.2988 2050.4124 10.6184 0 0 0 0
1706671769.459999981 997.2965 2049.9551 10.6530 0 0 0 0
1706671769.910000055 997.3822 2049.4308 10.6425 0 0 0 0
1706671770.320000220 997.4344 2048.9444 10.6373 0 0 0 0
1706671770.770000294 997.4510 2048.4523 10.6664 0 0 0 0
1706671771.190000279 997.5135 2047.7512 10.7235 0 0 0 0
1706671771.659999993 997.5910 2047.0688 10.7881 0 0 0 0
1706671772.040000069 997.5940 2046.5675 10.7581 0 0 0 0
1706671772.409999697 997.5757 2046.1459 10.7571 0 0 0 0
1706671772.819999862 997.5933 2045.6002 10.7758 0 0 0 0
1706671773.279999755 997.6328 2045.1743 10.7716 0 0 0 0
1706671773.659999832 997.6790 2044.5424 10.7752 0 0 0 0
1706671774.069999997 997.6976 2043.9980 10.7907 0 0 0 0
1706671774.480000162 997.7444 2043.5173 10.8050 0 0 0 0
1706671774.959999695 997.6873 2042.9146 10.8249 0 0 0 0
1706671775.360000040 997.7648 2042.0520 10.8227 0 0 0 0
1706671775.740000117 997.7648 2042.0520 10.8227 0 0 0 0
1706671776.069999835 997.7979 2041.6162 10.8262 0 0 0 0
1706671776.360000274 997.8633 2041.1188 10.8072 0 0 0 0
1706671776.839999808 997.9195 2040.5756 10.8006 0 0 0 0
1706671777.130000247 997.9435 2040.1752 10.8236 0 0 0 0
1706671777.550000232 997.9918 2039.6815 10.8121 0 0 0 0
1706671777.870000130 998.0280 2039.1860 10.8175 0 0 0 0
1706671778.330000024 998.0514 2038.6399 10.8328 0 0 0 0
1706671778.829999827 998.0811 2037.9387 10.8313 0 0 0 0
1706671779.130000086 998.0994 2037.4373 10.8266 0 0 0 0
1706671779.559999891 998.1380 2037.0455 10.8276 0 0 0 0
1706671779.930000147 998.1764 2036.5431 10.8270 0 0 0 0
1706671780.520000216 998.1906 2035.9835 10.8292 0 0 0 0
1706671780.980000109 998.2856 2034.7929 10.8391 0 0 0 0
1706671781.400000094 998.2856 2034.7929 10.8391 0 0 0 0
1706671781.839999720 998.3172 2034.1161 10.8435 0 0 0 0
1706671782.219999796 998.3334 2033.5002 10.8386 0 0 0 0
1706671782.690000138 998.3118 2032.9253 10.8551 0 0 0 0
1706671783.189999941 998.3385 2032.4171 10.8677 0 0 0 0
1706671783.600000106 998.3344 2031.7324 10.8771 0 0 0 0
1706671784.080000268 998.3497 2031.0923 10.8705 0 0 0 0
1706671784.580000071 998.3680 2030.4337 10.8750 0 0 0 0
1706671785.100000142 998.4043 2029.9125 10.8733 0 0 0 0
1706671785.630000033 998.4958 2029.2759 10.8728 0 0 0 0
1706671786.050000018 998.5504 2028.6351 10.8831 0 0 0 0
1706671786.409999826 998.6341 2027.7756 10.8703 0 0 0 0
1706671786.819999991 998.6357 2027.2257 10.8682 0 0 0 0
1706671787.130000070 998.6357 2027.2257 10.8682 0 0 0 0
1706671787.489999877 998.7139 2026.6489 10.8584 0 0 0 0
1706671787.809999776 998.7101 2026.1449 10.8578 0 0 0 0
1706671788.189999852 998.7367 2025.7629 10.8592 0 0 0 0
1706671788.550000289 998.7954 2025.1717 10.8655 0 0 0 0
1706671788.929999736 998.7793 2024.6501 10.8657 0 0 0 0
1706671789.339999901 998.7909 2024.1685 10.8504 0 0 0 0
1706671789.769999706 998.7986 2023.6286 10.8622 0 0 0 0
1706671790.090000234 998.8023 2023.0898 10.8659 0 0 0 0
1706671790.540000307 998.8099 2022.6073 10.8447 0 0 0 0
1706671790.930000204 998.8024 2022.1080 10.8394 0 0 0 0
1706671791.339999740 998.8190 2021.6368 10.8528 0 0 0 0
1706671791.829999723 998.8612 2021.0548 10.8330 0 0 0 0
1706671792.220000247 998.8805 2020.3642 10.8322 0 0 0 0
1706671792.619999964 998.9151 2019.8547 10.8188 0 0 0 0
1706671793.009999860 998.9490 2019.3464 10.8097 0 0 0 0
1706671793.389999936 998.9718 2018.8528 10.8266 0 0 0 0
1706671793.760000193 999.0715 2018.2821 10.8294 0 0 0 0
1706671794.210000266 999.1019 2017.8657 10.8252 0 0 0 0
1706671794.549999805 999.1392 2017.3349 10.8489 0 0 0 0
1706671794.889999973 999.2041 2016.7818 10.8752 0 0 0 0
1706671795.239999960 999.2361 2016.2561 10.8788 0 0 0 0
1706671795.510000130 999.2765 2015.8925 10.9019 0 0 0 0
1706671795.780000300 999.3315 2015.4866 10.9042 0 0 0 0
1706671796.100000199 999.3733 2015.1332 10.8905 0 0 0 0
1706671796.410000278 999.4198 2014.7498 10.9078 0 0 0 0
1706671796.760000265 999.4491 2014.3532 10.8708 0 0 0 0
1706671797.069999715 999.4947 2013.9564 10.8766 0 0 0 0
1706671797.479999880 999.4898 2013.5505 10.8618 0 0 0 0
1706671797.829999868 999.5469 2012.9835 10.8472 0 0 0 0
1706671798.179999855 999.6038 2012.5028 10.8466 0 0 0 0
1706671798.690000107 999.6675 2011.8230 10.8685 0 0 0 0
1706671799.189999909 999.7450 2011.2344 10.8349 0 0 0 0
1706671799.530000077 999.7049 2010.7376 10.8381 0 0 0 0
1706671799.940000242 999.7193 2010.2850 10.8335 0 0 0 0
1706671800.440000044 999.7415 2009.7489 10.8490 0 0 0 0
1706671800.920000207 999.7330 2009.1380 10.8545 0 0 0 0
1706671801.469999738 999.7873 2008.5442 10.8541 0 0 0 0
1706671801.800000085 999.8533 2008.1164 10.8621 0 0 0 0
1706671802.180000162 999.9477 2007.6414 10.8510 0 0 0 0
1706671802.539999969 999.9941 2007.3143 10.8587 0 0 0 0
1706671802.799999691 1000.0043 2007.0459 10.8445 0 0 0 0
1706671803.179999767 1000.0189 2006.6375 10.8407 0 0 0 0
1706671803.559999843 1000.0130 2006.0848 10.8525 0 0 0 0
1706671803.979999828 1000.0130 2006.0848 10.8525 0 0 0 0
1706671804.459999991 999.9677 2005.6088 10.8561 0 0 0 0
1706671804.889999796 999.9115 2005.3145 10.8461 0 0 0 0
1706671805.409999867 999.9429 2005.2406 10.8339 0 0 0 0
1706671805.759999854 1000.0602 2004.8486 10.7603 0 0 0 0
1706671806.069999933 1000.0602 2004.8486 10.7603 0 0 0 0
1706671806.370000192 1000.1100 2004.7545 10.6923 0 0 0 0
1706671806.900000083 1000.1280 2004.7640 10.4782 0 0 0 0
1706671807.210000162 1000.0769 2004.8026 10.2715 0 0 0 0
1706671807.269999711 1000.0769 2004.8026 10.2715 0 0 0 0
1706671807.549999701 1000.0364 2004.7295 10.1649 0 0 0 0
1706671808.010000223 999.9736 2004.6577 10.1309 0 0 0 0
1706671808.349999762 999.8986 2004.6210 10.1204 0 0 0 0
1706671808.939999831 999.9127 2004.6251 10.1185 0 0 0 0
1706671809.109999915 999.9127 2004.6251 10.1185 0 0 0 0
1706671809.660000075 999.9127 2004.6254 10.1185 0 0 0 0
1706671810.040000151 999.9131 2004.6252 10.1184 0 0 0 0