1706669518.450000137 1000.0002 2001.7890 10.1253 0 0 0 0
1706669518.679999770 1000.0002 2001.7890 10.1253 0 0 0 0
1706669518.949999940 1000.0001 2001.7890 10.1253 0 0 0 0
1706669519.180000201 1000.0002 2001.7890 10.1253 0 0 0 0
1706669519.490000280 1000.0002 2001.7891 10.1253 0 0 0 0
1706669519.850000087 1000.0002 2001.7891 10.1254 0 0 0 0
1706669520.160000166 1000.0001 2001.7892 10.1254 0 0 0 0
1706669520.459999796 1000.0002 2001.7890 10.1253 0 0 0 0
1706669520.589999971 1000.0002 2001.7890 10.1253 0 0 0 0
1706669520.750000235 1000.0001 2001.7890 10.1253 0 0 0 0
1706669520.949999779 1000.0001 2001.7890 10.1253 0 0 0 0
1706669521.170000220 1000.0002 2001.7891 10.1253 0 0 0 0
1706669521.460000030 1000.0001 2001.7892 10.1254 0 0 0 0
1706669521.700000111 1000.0001 2001.7892 10.1254 0 0 0 0
1706669522.040000279 1000.0001 2001.7892 10.1253 0 0 0 0
1706669522.349999729 1000.0000 2001.7891 10.1254 0 0 0 0
1706669522.629999719 1000.0056 2001.8028 10.1669 0 0 0 0
1706669522.850000160 1000.0337 2001.8094 10.3255 0 0 0 0
1706669523.289999785 1000.0842 2001.8131 10.7069 0 0 0 0
1706669523.610000312 1000.1190 2001.8605 10.8362 0 0 0 0
1706669523.919999762 1000.1136 2002.0000 10.8429 0 0 0 0
1706669524.159999844 1000.0531 2002.2495 10.8352 0 0 0 0
1706669524.399999925 999.9834 2002.5776 10.8544 0 0 0 0
1706669524.810000090 999.9451 2002.9983 10.8244 0 0 0 0
1706669525.139999809 999.9072 2003.3245 10.8435 0 0 0 0
1706669525.500000245 999.8090 2003.8694 10.8614 0 0 0 0
1706669525.780000235 999.7675 2004.2700 10.8306 0 0 0 0
1706669526.049999776 999.7240 2004.6820 10.8615 0 0 0 0
1706669526.319999946 999.6596 2005.1127 10.8489 0 0 0 0
1706669526.660000114 999.6371 2005.5441 10.8503 0 0 0 0
1706669526.989999833 999.6279 2005.9236 10.8602 0 0 0 0
1706669527.269999823 999.6024 2006.3745 10.8523 0 0 0 0
1706669527.539999993 999.5654 2006.8173 10.8736 0 0 0 0
1706669527.950000158 999.5458 2007.2329 10.8399 0 0 0 0
1706669528.410000051 999.4779 2007.8225 10.8415 0 0 0 0
1706669528.820000216 999.4568 2008.3629 10.8258 0 0 0 0
1706669529.310000199 999.3888 2009.0587 10.8285 0 0 0 0
1706669529.660000186 999.3590 2009.6064 10.8426 0 0 0 0
1706669529.959999816 999.3719 2010.1340 10.8540 0 0 0 0
1706669530.279999715 999.3092 2010.5428 10.8292 0 0 0 0
1706669530.610000063 999.2776 2011.2832 10.8469 0 0 0 0
1706669530.859999964 999.2776 2011.2832 10.8469 0 0 0 0
1706669531.139999954 999.2235 2011.8389 10.8595 0 0 0 0
1706669531.470000301 999.1765 2012.2635 10.8890 0 0 0 0
1706669531.839999929 999.1331 2013.0491 10.8854 0 0 0 0
1706669532.049999922 999.1331 2013.0491 10.8854 0 0 0 0
1706669532.310000272 999.0613 2013.4720 10.8694 0 0 0 0
1706669532.819999894 999.0242 2014.1431 10.8635 0 0 0 0
1706669533.050000155 998.9823 2014.6118 10.8919 0 0 0 0
1706669533.389999694 998.9516 2015.0606 10.8993 0 0 0 0
1706669533.659999864 998.9600 2015.4749 10.8707 0 0 0 0
1706669533.950000303 998.9398 2015.9190 10.9240 0 0 0 0
1706669534.230000293 998.8636 2016.3920 10.8970 0 0 0 0
1706669534.709999827 998.8054 2017.2922 10.9044 0 0 0 0
1706669534.940000088 998.8054 2017.2922 10.9044 0 0 0 0
1706669535.360000073 998.7412 2017.9060 10.8925 0 0 0 0
1706669535.749999969 998.7224 2018.5819 10.8737 0 0 0 0
1706669536.109999777 998.6644 2019.1892 10.8875 0 0 0 0
1706669536.550000031 998.5616 2020.3085 10.9154 0 0 0 0
1706669536.799999932 998.5616 2020.3085 10.9154 0 0 0 0
1706669537.060000282 998.4916 2020.8384 10.8913 0 0 0 0
1706669537.350000092 998.4628 2021.2414 10.9113 0 0 0 0
1706669537.550000264 998.4392 2021.5587 10.8850 0 0 0 0
1706669537.739999988 998.3923 2021.8896 10.9241 0 0 0 0
1706669538.080000156 998.3100 2022.3530 10.8987 0 0 0 0
1706669538.419999694 998.2892 2022.8105 10.8897 0 0 0 0
1706669538.859999948 998.2214 2023.3847 10.8984 0 0 0 0
1706669539.310000022 998.1702 2023.9667 10.9051 0 0 0 0
1706669539.690000098 998.1085 2024.5958 10.8880 0 0 0 0
1706669539.970000088 997.9947 2025.3158 10.8829 0 0 0 0
1706669540.170000261 997.9896 2025.5813 10.9059 0 0 0 0
1706669540.420000162 997.9666 2026.0172 10.8681 0 0 0 0
1706669540.660000243 997.9274 2026.3488 10.8882 0 0 0 0
1706669540.980000142 997.8920 2026.7944 10.8685 0 0 0 0
1706669541.260000132 997.9058 2027.2127 10.8291 0 0 0 0
1706669541.559999762 997.8243 2027.8843 10.8412 0 0 0 0
1706669541.780000203 997.8243 2027.8843 10.8412 0 0 0 0
1706669542.179999920 997.7438 2028.3995 10.8499 0 0 0 0
1706669542.639999813 997.6514 2028.9437 10.8385 0 0 0 0
1706669542.949999892 997.4596 2029.6516 10.8175 0 0 0 0
1706669543.159999885 997.4396 2029.9064 10.7899 0 0 0 0
1706669543.449999695 997.4789 2030.3569 10.8260 0 0 0 0
1706669543.840000220 997.5955 2031.2608 10.7927 0 0 0 0
1706669544.160000118 997.5955 2031.2608 10.7927 0 0 0 0
1706669544.419999840 997.6125 2031.6938 10.7900 0 0 0 0
1706669544.739999739 997.4688 2032.2256 10.7908 0 0 0 0
1706669545.170000172 997.3374 2032.7705 10.7697 0 0 0 0
1706669545.590000157 997.2071 2033.2764 10.7860 0 0 0 0
1706669545.999999694 997.1663 2033.7644 10.7879 0 0 0 0
1706669546.299999952 997.1172 2034.1656 10.7759 0 0 0 0
1706669546.680000029 997.0549 2034.6330 10.7858 0 0 0 0
1706669546.990000107 997.1024 2035.4613 10.7626 0 0 0 0
1706669547.179999831 997.1024 2035.4613 10.7626 0 0 0 0
1706669547.410000092 997.1161 2035.6998 10.7852 0 0 0 0
1706669547.610000265 997.0816 2036.0948 10.7619 0 0 0 0
1706669547.979999892 997.0212 2036.7588 10.7541 0 0 0 0
1706669548.199999705 997.0212 2036.7588 10.7541 0 0 0 0
1706669548.579999781 996.9198 2037.6553 10.7869 0 0 0 0
1706669548.789999774 996.9198 2037.6553 10.7869 0 0 0 0
1706669549.110000301 996.9204 2038.0832 10.7586 0 0 0 0
1706669549.370000022 996.8954 2038.4492 10.7848 0 0 0 0
1706669549.589999835 996.8543 2038.7006 10.7639 0 0 0 0
1706669549.960000091 996.8192 2039.1673 10.7788 0 0 0 0
1706669550.370000256 996.7823 2039.6248 10.7827 0 0 0 0
1706669550.599999889 996.7151 2039.9398 10.7750 0 0 0 0
1706669550.809999881 996.6799 2040.1725 10.7899 0 0 0 0
1706669551.029999694 996.6728 2040.4224 10.7588 0 0 0 0
1706669551.290000044 996.6617 2040.6746 10.7675 0 0 0 0
1706669551.660000300 996.6104 2041.0250 10.7637 0 0 0 0
1706669552.090000105 996.5601 2041.4950 10.7745 0 0 0 0
1706669552.480000001 996.5627 2042.0492 10.7655 0 0 0 0
1706669552.860000078 996.4827 2042.5422 10.7515 0 0 0 0
1706669553.289999883 996.4508 2043.0664 10.7225 0 0 0 0
1706669553.669999959 996.3933 2043.5566 10.7338 0 0 0 0
1706669554.029999766 996.3247 2044.0989 10.7359 0 0 0 0
1706669554.260000028 996.3243 2044.4757 10.7029 0 0 0 0
1706669554.589999747 996.2724 2045.0614 10.6739 0 0 0 0
1706669554.780000099 996.2724 2045.0614 10.6739 0 0 0 0
1706669555.020000180 996.2415 2045.3646 10.7129 0 0 0 0
1706669555.279999902 996.1747 2046.0283 10.7065 0 0 0 0
1706669555.620000069 996.1747 2046.0283 10.7065 0 0 0 0
1706669555.979999877 996.1013 2046.5335 10.6871 0 0 0 0
1706669556.299999775 996.0831 2047.1073 10.6623 0 0 0 0
1706669556.609999854 996.0419 2047.5159 10.6879 0 0 0 0
1706669556.880000024 995.9834 2047.8908 10.6754 0 0 0 0
1706669557.199999923 995.9845 2048.2672 10.6560 0 0 0 0
1706669557.600000268 995.9611 2048.6392 10.6714 0 0 0 0
1706669558.030000073 995.8540 2049.1208 10.6561 0 0 0 0
1706669558.450000058 995.8145 2049.8154 10.6475 0 0 0 0
1706669558.879999863 995.7265 2050.6279 10.6626 0 0 0 0
1706669559.089999855 995.7265 2050.6279 10.6626 0 0 0 0
1706669559.380000294 995.7019 2051.0990 10.6333 0 0 0 0
1706669559.740000102 995.6270 2051.4863 10.6382 0 0 0 0
1706669560.090000089 995.5615 2052.0153 10.6481 0 0 0 0
1706669560.479999986 995.5705 2052.5898 10.6406 0 0 0 0
1706669560.650000069 995.5181 2052.9602 10.6244 0 0 0 0
1706669560.860000062 995.5181 2052.9602 10.6244 0 0 0 0
1706669561.289999867 995.4983 2053.4308 10.6017 0 0 0 0
1706669561.630000034 995.4548 2053.8679 10.6292 0 0 0 0
1706669561.980000022 995.4055 2054.2694 10.6096 0 0 0 0
1706669562.369999918 995.4038 2055.0320 10.6050 0 0 0 0
1706669562.579999911 995.4038 2055.0320 10.6050 0 0 0 0
1706669562.969999807 995.3365 2055.5502 10.5981 0 0 0 0
1706669563.270000066 995.3156 2055.9609 10.6364 0 0 0 0
1706669563.550000056 995.3178 2056.3612 10.6099 0 0 0 0
1706669563.779999688 995.2846 2056.7816 10.6068 0 0 0 0
1706669563.979999861 995.2391 2057.3776 10.6171 0 0 0 0
1706669564.189999853 995.2391 2057.3776 10.6171 0 0 0 0
1706669564.509999752 995.2067 2057.7940 10.6252 0 0 0 0
1706669564.849999920 995.1378 2058.2854 10.6252 0 0 0 0
1706669565.180000267 995.1347 2058.6787 10.6363 0 0 0 0
1706669565.559999715 995.0932 2059.0720 10.6398 0 0 0 0
1706669565.890000062 995.0015 2059.5277 10.6211 0 0 0 0
1706669566.230000230 994.9370 2060.0489 10.6180 0 0 0 0
1706669566.610000306 994.8562 2060.5104 10.6344 0 0 0 0
1706669566.879999847 994.8056 2060.9613 10.6140 0 0 0 0
1706669567.140000197 994.7874 2061.3420 10.5944 0 0 0 0
1706669567.369999830 994.7531 2061.7720 10.6203 0 0 0 0
1706669567.560000182 994.7531 2061.7720 10.6203 0 0 0 0
1706669567.779999995 994.7402 2062.1372 10.5953 0 0 0 0
1706669568.160000071 994.7580 2062.5363 10.5991 0 0 0 0
1706669568.559999787 994.7591 2062.9318 10.5920 0 0 0 0
1706669568.899999955 994.6913 2063.3431 10.5659 0 0 0 0
1706669569.200000213 994.6501 2063.8286 10.5712 0 0 0 0
1706669569.410000206 994.6025 2064.2000 10.5673 0 0 0 0
1706669569.679999747 994.5208 2064.5977 10.5384 0 0 0 0
1706669570.029999735 994.4849 2065.1310 10.5649 0 0 0 0
1706669570.229999907 994.4626 2065.3830 10.5199 0 0 0 0
1706669570.530000166 994.4287 2065.6801 10.5302 0 0 0 0
1706669570.799999707 994.3706 2066.0989 10.5193 0 0 0 0
1706669571.099999966 994.3496 2066.4345 10.5553 0 0 0 0
1706669571.430000314 994.3311 2066.7896 10.5107 0 0 0 0
1706669571.650000126 994.2808 2067.2017 10.5216 0 0 0 0
1706669572.040000022 994.2375 2067.6260 10.5336 0 0 0 0
1706669572.340000281 994.2333 2067.9952 10.4841 0 0 0 0
1706669572.649999731 994.2071 2068.5239 10.4872 0 0 0 0
1706669572.879999992 994.1975 2068.9017 10.4983 0 0 0 0
1706669573.220000160 994.2098 2069.2768 10.4611 0 0 0 0
1706669573.570000147 994.2097 2069.7129 10.4949 0 0 0 0
1706669573.960000044 994.1530 2070.1277 10.4674 0 0 0 0
1706669574.389999849 994.0478 2071.1032 10.4763 0 0 0 0
1706669574.580000201 994.0478 2071.1032 10.4763 0 0 0 0
1706669575.049999915 993.9579 2071.8485 10.4381 0 0 0 0
1706669575.329999905 993.9579 2071.8485 10.4381 0 0 0 0
1706669575.719999801 993.9185 2072.3781 10.4450 0 0 0 0
1706669576.139999786 993.8510 2072.8769 10.4346 0 0 0 0
1706669576.570000220 993.8174 2073.4344 10.3969 0 0 0 0
1706669576.850000210 993.7366 2073.9823 10.3875 0 0 0 0
1706669577.149999840 993.6698 2074.7390 10.3800 0 0 0 0
1706669577.520000096 993.6698 2074.7390 10.3800 0 0 0 0
1706669577.849999815 993.5885 2075.3059 10.3692 0 0 0 0
1706669578.259999980 993.5526 2075.8492 10.3574 0 0 0 0
1706669578.679999965 993.5332 2076.2522 10.3632 0 0 0 0
1706669579.090000130 993.4774 2076.9236 10.3517 0 0 0 0
1706669579.360000300 993.4583 2077.3966 10.3094 0 0 0 0
1706669579.500000295 993.4315 2077.6714 10.3400 0 0 0 0
1706669579.680000199 993.4106 2077.8831 10.3088 0 0 0 0
1706669579.890000192 993.3955 2078.1622 10.3335 0 0 0 0
1706669580.130000273 993.3910 2078.4522 10.3080 0 0 0 0
1706669580.410000263 993.3880 2078.6824 10.2964 0 0 0 0
1706669580.929999705 993.3389 2079.4147 10.2849 0 0 0 0
1706669581.390000228 993.3375 2079.9800 10.2476 0 0 0 0
1706669581.689999858 993.2817 2080.4983 10.2591 0 0 0 0
1706669582.139999932 993.1872 2080.9958 10.2676 0 0 0 0
1706669582.550000097 993.1025 2081.4773 10.2549 0 0 0 0
1706669582.909999904 993.0200 2081.8647 10.2232 0 0 0 0
1706669583.299999801 992.9901 2082.4108 10.2120 0 0 0 0
1706669583.779999963 992.9891 2082.9259 10.2324 0 0 0 0
1706669584.230000037 992.9696 2083.5587 10.2269 0 0 0 0
1706669584.629999753 992.9188 2084.0612 10.1970 0 0 0 0
1706669584.950000281 992.8288 2084.5846 10.1678 0 0 0 0
1706669585.219999822 992.8616 2084.9710 10.1705 0 0 0 0
1706669585.459999903 992.9038 2085.3883 10.1517 0 0 0 0
1706669585.720000253 992.9027 2085.6265 10.1760 0 0 0 0
1706669585.989999794 992.8528 2086.0036 10.1613 0 0 0 0
1706669586.250000144 992.7609 2086.5378 10.1438 0 0 0 0
1706669586.439999868 992.7609 2086.5378 10.1438 0 0 0 0
1706669586.780000036 992.7378 2086.7498 10.1529 0 0 0 0
1706669587.169999932 992.7348 2087.3151 10.1496 0 0 0 0
1706669587.669999734 992.6036 2088.3237 10.1069 0 0 0 0
1706669587.990000262 992.6036 2088.3237 10.1069 0 0 0 0
1706669588.480000244 992.5244 2088.9030 10.0869 0 0 0 0
1706669588.849999872 992.5280 2089.5056 10.0683 0 0 0 0
1706669589.229999948 992.5384 2089.9343 10.0798 0 0 0 0
1706669589.719999931 992.4888 2090.7311 10.1198 0 0 0 0
1706669590.079999738 992.4278 2091.2421 10.1513 0 0 0 0
1706669590.489999903 992.3877 2091.7554 10.1563 0 0 0 0
1706669590.839999891 992.3535 2092.2249 10.1477 0 0 0 0
1706669591.180000058 992.3355 2092.6784 10.1584 0 0 0 0
1706669591.479999688 992.3059 2093.4909 10.1791 0 0 0 0
1706669591.700000130 992.3059 2093.4909 10.1791 0 0 0 0
1706669592.110000295 992.2342 2093.9368 10.1761 0 0 0 0
1706669592.670000275 992.1985 2094.6265 10.1317 0 0 0 0
1706669592.979999725 992.1595 2095.1231 10.0974 0 0 0 0
1706669593.259999715 992.1250 2095.4723 10.1176 0 0 0 0
1706669593.709999789 992.0731 2095.9551 10.0834 0 0 0 0
1706669593.989999779 992.0247 2096.3511 10.0526 0 0 0 0
1706669594.339999766 991.9644 2096.9315 10.0394 0 0 0 0
1706669594.789999840 991.9403 2097.3037 10.0454 0 0 0 0
1706669595.260000182 991.8639 2097.8238 10.0313 0 0 0 0
1706669595.720000076 991.8118 2098.3026 10.0225 0 0 0 0
1706669596.170000150 991.7166 2098.9598 10.0097 0 0 0 0
1706669596.480000229 991.6589 2099.4435 10.0467 0 0 0 0
1706669596.919999854 991.6164 2099.9537 10.0460 0 0 0 0
1706669597.290000110 991.5635 2100.4907 10.0286 0 0 0 0
1706669597.780000092 991.5531 2100.9790 9.9813 0 0 0 0
1706669598.209999898 991.5249 2101.4037 9.9785 0 0 0 0
1706669598.499999708 991.4696 2102.1169 9.9555 0 0 0 0
1706669598.820000235 991.4423 2102.4908 9.9702 0 0 0 0
1706669599.159999774 991.3793 2102.8454 9.9356 0 0 0 0
1706669599.429999944 991.3428 2103.2187 9.9565 0 0 0 0
1706669599.679999845 991.3064 2103.6134 9.9155 0 0 0 0
1706669600.069999741 991.2619 2103.9985 9.9245 0 0 0 0
1706669600.379999820 991.1964 2104.3771 9.9110 0 0 0 0
1706669600.750000076 991.1902 2104.9072 9.8679 0 0 0 0
1706669601.020000246 991.1631 2105.2819 9.8755 0 0 0 0
1706669601.240000059 991.1144 2105.7073 9.8054 0 0 0 0
1706669601.580000226 991.1156 2106.0494 9.7596 0 0 0 0
1706669601.989999763 991.1504 2106.4720 9.7401 0 0 0 0
1706669602.409999748 991.1193 2106.9809 9.7169 0 0 0 0
1706669602.740000095 991.0282 2107.4516 9.7246 0 0 0 0
1706669603.190000169 990.9437 2107.9287 9.7816 0 0 0 0
1706669603.689999972 990.8958 2108.4441 9.7866 0 0 0 0
1706669604.160000314 990.8908 2109.0006 9.7647 0 0 0 0
1706669604.440000304 990.8692 2109.4389 9.7123 0 0 0 0
1706669604.949999927 990.8687 2109.9365 9.6889 0 0 0 0
1706669605.350000272 990.8051 2110.6251 9.6579 0 0 0 0
1706669605.729999719 990.7836 2111.1323 9.6809 0 0 0 0
1706669606.079999707 990.7644 2111.5195 9.6664 0 0 0 0
1706669606.429999694 990.7073 2112.0612 9.6513 0 0 0 0
1706669606.900000037 990.5926 2112.9742 9.6422 0 0 0 0
1706669607.189999847 990.5926 2112.9742 9.6422 0 0 0 0
1706669607.539999834 990.4856 2113.5292 9.6121 0 0 0 0
1706669607.779999916 990.4493 2113.9427 9.6018 0 0 0 0
1706669608.180000260 990.3967 2114.3372 9.6169 0 0 0 0
1706669608.439999982 990.3301 2114.7863 9.5836 0 0 0 0
1706669608.789999969 990.2996 2115.1832 9.5855 0 0 0 0
1706669609.190000314 990.2367 2115.7556 9.5829 0 0 0 0
1706669609.639999759 990.1687 2116.2641 9.5669 0 0 0 0
1706669610.059999744 990.1529 2116.6711 9.5276 0 0 0 0
1706669610.579999816 990.0957 2117.2722 9.5222 0 0 0 0
1706669610.919999983 990.0783 2117.8697 9.5249 0 0 0 0
1706669611.300000059 990.0732 2118.3790 9.5377 0 0 0 0
1706669611.650000047 990.0251 2118.9348 9.5260 0 0 0 0
1706669612.060000212 990.0140 2119.4414 9.4851 0 0 0 0
1706669612.429999840 989.9407 2120.3132 9.5193 0 0 0 0
1706669612.679999741 989.9407 2120.3132 9.5193 0 0 0 0
1706669613.189999992 989.8934 2120.8027 9.4824 0 0 0 0
1706669613.619999797 989.8167 2121.3606 9.4612 0 0 0 0
1706669613.969999785 989.7411 2121.8432 9.4525 0 0 0 0
1706669614.279999863 989.6888 2122.2760 9.4647 0 0 0 0
1706669614.570000302 989.6226 2122.8195 9.4390 0 0 0 0
1706669615.000000107 989.5984 2123.1373 9.4383 0 0 0 0
1706669615.480000270 989.5591 2123.8225 9.4201 0 0 0 0
1706669615.959999803 989.5513 2124.5369 9.3949 0 0 0 0
1706669616.479999875 989.4930 2125.2331 9.3851 0 0 0 0
1706669616.999999946 989.4485 2125.9237 9.3653 0 0 0 0
1706669617.330000293 989.4009 2126.4280 9.3655 0 0 0 0
1706669617.669999832 989.3404 2126.9664 9.3412 0 0 0 0
1706669617.909999914 989.3275 2127.4302 9.3118 0 0 0 0
1706669618.329999899 989.2956 2127.7821 9.3432 0 0 0 0
1706669618.789999792 989.2642 2128.8535 9.2768 0 0 0 0
1706669619.109999691 989.2642 2128.8535 9.2768 0 0 0 0
1706669619.640000211 989.2041 2129.4365 9.2726 0 0 0 0
1706669620.119999745 989.1232 2130.1662 9.2584 0 0 0 0
1706669620.580000267 989.0841 2130.8452 9.2358 0 0 0 0
1706669620.849999809 989.0501 2131.5581 9.2083 0 0 0 0
1706669621.329999971 989.0206 2132.0018 9.2395 0 0 0 0
1706669621.780000045 988.9356 2132.5064 9.2465 0 0 0 0
1706669622.249999759 988.7844 2133.6846 9.1927 0 0 0 0
1706669622.739999741 988.7844 2133.6846 9.1927 0 0 0 0
1706669623.289999901 988.7034 2134.5185 9.1834 0 0 0 0
1706669623.749999795 988.6073 2135.1719 9.1829 0 0 0 0
1706669623.999999696 988.5790 2135.7771 9.1527 0 0 0 0
1706669624.250000226 988.5366 2136.1875 9.1410 0 0 0 0
1706669624.729999760 988.5029 2136.7846 9.1530 0 0 0 0
1706669625.109999836 988.4923 2137.3125 9.1470 0 0 0 0
1706669625.520000001 988.4380 2137.8611 9.1107 0 0 0 0
1706669626.049999893 988.3620 2138.5682 9.0924 0 0 0 0
1706669626.469999878 988.2772 2139.1077 9.0780 0 0 0 0
1706669626.880000043 988.2488 2139.6705 9.0646 0 0 0 0
1706669627.360000205 988.2189 2140.2320 9.0643 0 0 0 0
1706669627.799999830 988.1707 2140.9252 9.0499 0 0 0 0
1706669628.240000084 988.1250 2141.5016 9.0555 0 0 0 0
1706669628.760000155 988.0303 2142.2516 9.0379 0 0 0 0
1706669629.119999963 987.8784 2143.2586 8.9932 0 0 0 0
1706669629.439999862 987.8784 2143.2586 8.9932 0 0 0 0
1706669629.880000115 987.8405 2143.7607 8.9887 0 0 0 0
1706669630.279999832 987.7830 2144.5402 8.9615 0 0 0 0
1706669630.629999819 987.7669 2145.0946 8.9695 0 0 0 0
1706669631.079999893 987.7526 2145.7032 8.9659 0 0 0 0
1706669631.480000238 987.6980 2146.2664 8.9556 0 0 0 0
1706669631.949999952 987.6719 2146.7636 8.9146 0 0 0 0
1706669632.290000119 987.5788 2147.3792 8.8973 0 0 0 0
1706669632.829999831 987.4912 2148.0680 8.8773 0 0 0 0
1706669633.190000267 987.4134 2148.6436 8.8863 0 0 0 0
1706669633.580000163 987.3761 2149.2201 8.8916 0 0 0 0
1706669633.930000151 987.3361 2149.7239 8.8878 0 0 0 0
1706669634.140000143 987.2871 2150.1331 8.8399 0 0 0 0
1706669634.329999867 987.2597 2150.4839 8.8734 0 0 0 0
1706669634.579999768 987.2505 2150.7316 8.8267 0 0 0 0
1706669635.050000111 987.2117 2151.1624 8.8484 0 0 0 0
1706669635.300000012 987.1326 2151.7556 8.8388 0 0 0 0
1706669635.610000091 987.1256 2152.0155 8.8216 0 0 0 0
1706669635.990000167 987.0911 2152.5274 8.8339 0 0 0 0
1706669636.389999883 987.0288 2153.1044 8.8122 0 0 0 0
1706669636.699999962 987.0178 2153.6249 8.7602 0 0 0 0
1706669636.940000043 986.9586 2154.0619 8.7772 0 0 0 0
1706669637.290000031 986.9142 2154.5075 8.7744 0 0 0 0
1706669637.549999752 986.9030 2154.9283 8.7420 0 0 0 0
1706669637.929999828 986.8526 2155.4000 8.8056 0 0 0 0
1706669638.269999996 986.8043 2156.0204 8.7773 0 0 0 0
1706669638.519999897 986.8043 2156.0204 8.7773 0 0 0 0
1706669638.949999702 986.7682 2156.6479 8.7513 0 0 0 0
1706669639.340000227 986.7254 2157.0798 8.7021 0 0 0 0
1706669639.760000212 986.7132 2157.6040 8.6827 0 0 0 0
1706669640.089999931 986.6636 2158.0781 8.7107 0 0 0 0
1706669640.509999916 986.5900 2158.6521 8.7146 0 0 0 0
1706669640.920000081 986.5249 2159.1510 8.6810 0 0 0 0
1706669641.319999797 986.4571 2159.6955 8.6525 0 0 0 0
1706669641.720000142 986.4008 2160.8162 8.6551 0 0 0 0
1706669642.000000132 986.4008 2160.8162 8.6551 0 0 0 0
1706669642.530000024 986.3664 2161.2694 8.6286 0 0 0 0
1706669643.050000095 986.3483 2161.9809 8.6247 0 0 0 0
1706669643.540000077 986.2706 2162.9186 8.6172 0 0 0 0
1706669643.909999705 986.1787 2163.7915 8.5629 0 0 0 0
1706669644.160000235 986.1787 2163.7915 8.5629 0 0 0 0
1706669644.550000131 986.1583 2164.2485 8.5866 0 0 0 0
1706669644.919999759 986.1259 2164.7666 8.5832 0 0 0 0
1706669645.310000284 986.0743 2165.3046 8.5619 0 0 0 0
1706669645.630000182 986.0510 2165.8447 8.5328 0 0 0 0
1706669646.020000079 985.9998 2166.2994 8.5437 0 0 0 0
1706669646.330000157 985.9451 2166.8828 8.5290 0 0 0 0
1706669646.650000056 985.8556 2167.7587 8.5110 0 0 0 0
1706669646.879999689 985.8556 2167.7587 8.5110 0 0 0 0
1706669647.140000039 985.7917 2168.3269 8.5232 0 0 0 0
1706669647.410000209 985.7702 2168.5912 8.4739 0 0 0 0
1706669647.730000108 985.7171 2169.0571 8.4967 0 0 0 0
1706669648.120000004 985.6420 2169.6216 8.4816 0 0 0 0
1706669648.360000085 985.6444 2169.7205 8.4844 0 0 0 0
1706669648.710000073 985.6421 2170.1981 8.4434 0 0 0 0
1706669649.239999964 985.6013 2170.7776 8.4270 0 0 0 0
1706669649.629999860 985.5707 2171.5731 8.4080 0 0 0 0
1706669649.909999850 985.4957 2172.1573 8.4019 0 0 0 0
1706669650.219999929 985.4620 2172.5595 8.4279 0 0 0 0
1706669650.490000099 985.4341 2173.0275 8.3812 0 0 0 0
1706669650.840000086 985.3603 2173.5019 8.3854 0 0 0 0
1706669651.269999892 985.3123 2173.9745 8.4095 0 0 0 0
1706669651.699999697 985.2662 2174.5131 8.3892 0 0 0 0
1706669651.990000135 985.2006 2175.0515 8.3687 0 0 0 0
1706669652.349999943 985.1823 2175.5026 8.3485 0 0 0 0
1706669652.680000290 985.1463 2175.8760 8.3622 0 0 0 0
1706669653.030000278 985.0773 2176.4529 8.3314 0 0 0 0
1706669653.409999725 985.0349 2177.0502 8.3047 0 0 0 0
1706669653.770000162 984.9756 2177.6234 8.3030 0 0 0 0
1706669654.139999789 984.9210 2178.0838 8.3183 0 0 0 0
1706669654.500000225 984.8901 2178.4186 8.2674 0 0 0 0
1706669654.810000304 984.7975 2178.9741 8.2797 0 0 0 0
1706669655.140000023 984.7508 2179.4355 8.3013 0 0 0 0
1706669655.520000099 984.7189 2179.9334 8.2608 0 0 0 0
1706669655.959999724 984.6630 2180.5497 8.2388 0 0 0 0
1706669656.329999981 984.6330 2181.1156 8.2271 0 0 0 0
1706669656.549999793 984.6068 2181.5163 8.2493 0 0 0 0
1706669657.029999956 984.5689 2182.3651 8.2370 0 0 0 0
1706669657.349999854 984.5689 2182.3651 8.2370 0 0 0 0
1706669657.650000113 984.5893 2182.8883 8.2493 0 0 0 0
1706669658.009999921 984.5732 2183.4754 8.2344 0 0 0 0
1706669658.369999728 984.5783 2183.8647 8.1883 0 0 0 0
1706669658.900000248 984.5192 2184.5556 8.1796 0 0 0 0
1706669659.220000147 984.4599 2185.1564 8.1775 0 0 0 0
1706669659.579999954 984.4089 2185.6325 8.1938 0 0 0 0
1706669660.039999848 984.3393 2186.1461 8.1667 0 0 0 0
1706669660.400000284 984.2842 2186.7331 8.1350 0 0 0 0
1706669660.660000006 984.1357 2187.6031 8.1567 0 0 0 0
1706669660.970000084 984.1357 2187.6031 8.1567 0 0 0 0
1706669661.380000249 984.1092 2188.0754 8.1163 0 0 0 0
1706669661.749999877 984.0217 2188.6495 8.1223 0 0 0 0
1706669662.080000225 983.9817 2189.0430 8.1428 0 0 0 0
1706669662.570000207 983.9294 2189.7574 8.1222 0 0 0 0
1706669662.920000195 983.8333 2190.3779 8.0991 0 0 0 0
1706669663.149999827 983.8028 2190.7845 8.0740 0 0 0 0
1706669663.559999992 983.7382 2191.2825 8.1067 0 0 0 0
1706669664.010000066 983.6718 2191.7609 8.0904 0 0 0 0
1706669664.250000147 983.6566 2192.3883 8.0582 0 0 0 0
1706669664.549999777 983.6290 2192.7039 8.0792 0 0 0 0
1706669664.920000033 983.5884 2193.2139 8.0725 0 0 0 0
1706669665.270000021 983.5815 2193.6208 8.0355 0 0 0 0
1706669665.510000102 983.5356 2194.1235 8.0510 0 0 0 0
1706669665.760000004 983.4839 2194.5188 8.0353 0 0 0 0
1706669666.060000262 983.4640 2194.9158 8.0258 0 0 0 0
1706669666.410000250 983.4302 2195.2959 8.0347 0 0 0 0
1706669666.789999697 983.3708 2195.8853 8.0298 0 0 0 0
1706669667.059999867 983.3598 2196.3056 8.0179 0 0 0 0
1706669667.299999949 983.3358 2196.6261 8.0122 0 0 0 0
1706669667.600000207 983.3004 2197.0413 8.0099 0 0 0 0
1706669667.880000197 983.2696 2197.4416 8.0242 0 0 0 0
1706669668.330000271 983.2486 2197.8404 7.9738 0 0 0 0
1706669668.779999716 983.1761 2198.4478 7.9730 0 0 0 0
1706669669.189999881 983.1105 2199.2011 7.9631 0 0 0 0
1706669669.509999780 983.0577 2199.7285 7.9884 0 0 0 0
1706669669.810000039 983.0191 2200.1457 7.9637 0 0 0 0
1706669669.999999763 983.0028 2200.5882 7.9398 0 0 0 0
1706669670.510000014 982.9596 2201.1758 7.9519 0 0 0 0
1706669671.049999725 982.8573 2201.9485 7.9397 0 0 0 0
1706669671.349999984 982.8244 2202.3657 7.9348 0 0 0 0
1706669671.609999705 982.7862 2202.8845 7.9223 0 0 0 0
1706669672.059999779 982.7734 2203.4253 7.9147 0 0 0 0
1706669672.439999855 982.7348 2203.9567 7.9273 0 0 0 0
1706669672.789999843 982.6872 2204.3909 7.9129 0 0 0 0
1706669673.169999919 982.6287 2204.9160 7.8963 0 0 0 0
1706669673.619999993 982.5553 2205.4540 7.9153 0 0 0 0
1706669673.939999891 982.4801 2206.0869 7.9115 0 0 0 0
1706669674.329999788 982.4298 2206.5914 7.8978 0 0 0 0
1706669674.539999780 982.3834 2207.0243 7.8628 0 0 0 0
1706669674.790000310 982.3777 2207.3813 7.8892 0 0 0 0
1706669675.390000199 982.3822 2208.0883 7.8649 0 0 0 0
1706669675.750000007 982.3490 2208.7340 7.8521 0 0 0 0
1706669676.149999723 982.3375 2209.2250 7.8314 0 0 0 0
1706669676.400000253 982.2893 2209.6375 7.8450 0 0 0 0
1706669676.650000154 982.2449 2210.0827 7.8424 0 0 0 0
1706669676.839999878 982.2366 2210.2976 7.8508 0 0 0 0
1706669677.119999868 982.1972 2210.7199 7.7968 0 0 0 0
1706669677.499999944 982.1452 2211.1674 7.8162 0 0 0 0
1706669677.830000292 982.1236 2211.5897 7.8038 0 0 0 0
1706669678.199999919 982.1547 2211.9223 7.7793 0 0 0 0
1706669678.699999722 982.1307 2212.4026 7.7907 0 0 0 0
1706669679.090000247 982.0240 2212.9740 7.7898 0 0 0 0
1706669679.440000234 982.0152 2213.4448 7.7721 0 0 0 0
1706669679.679999687 981.9986 2213.7504 7.6982 0 0 0 0
1706669679.960000305 981.9149 2214.0619 7.7303 0 0 0 0
1706669680.290000024 981.8907 2214.3545 7.6893 0 0 0 0
1706669680.710000009 981.9190 2214.6633 7.6795 0 0 0 0
1706669681.010000268 981.8412 2215.1703 7.7131 0 0 0 0
1706669681.419999804 981.7552 2215.6328 7.6814 0 0 0 0
1706669681.759999972 981.6744 2216.0436 7.6846 0 0 0 0
1706669682.219999866 981.5824 2216.4675 7.7222 0 0 0 0
1706669682.580000302 981.5538 2216.7670 7.7388 0 0 0 0
1706669682.860000292 981.5533 2217.0465 7.7884 0 0 0 0
1706669683.180000191 981.5376 2217.2500 7.8257 0 0 0 0
1706669683.509999909 981.5860 2217.5168 7.8554 0 0 0 0
1706669683.889999986 981.5730 2217.7494 7.8788 0 0 0 0
1706669684.230000153 981.5622 2217.9953 7.8899 0 0 0 0
1706669684.650000138 981.5569 2218.1590 7.8346 0 0 0 0
1706669685.180000030 981.4118 2218.4459 7.9116 0 0 0 0
1706669685.490000108 981.4118 2218.4459 7.9116 0 0 0 0
1706669685.950000002 981.4009 2218.5493 7.8928 0 0 0 0
1706669686.360000167 981.4666 2218.6993 7.9341 0 0 0 0
1706669686.859999970 981.5138 2218.8990 7.9271 0 0 0 0
1706669687.380000041 981.4211 2219.1618 7.9264 0 0 0 0
1706669687.900000112 981.3414 2219.7134 7.9412 0 0 0 0
1706669688.360000006 981.2513 2220.2942 7.9177 0 0 0 0
1706669688.770000171 981.1712 2220.6302 7.9499 0 0 0 0
1706669689.150000247 981.0907 2221.0222 7.9830 0 0 0 0
1706669689.430000237 981.0122 2221.4885 7.9568 0 0 0 0
1706669689.729999867 980.9764 2221.8587 7.9387 0 0 0 0
1706669690.000000037 980.9359 2222.2019 7.9440 0 0 0 0
1706669690.210000030 980.9174 2222.5350 7.9497 0 0 0 0
1706669690.639999835 980.9112 2222.8254 7.9815 0 0 0 0
1706669690.989999822 980.9149 2223.1553 7.9608 0 0 0 0
1706669691.339999810 980.9010 2223.6126 7.9617 0 0 0 0
1706669691.539999982 980.8977 2223.9609 7.9666 0 0 0 0
1706669691.749999975 980.8920 2224.1630 7.9743 0 0 0 0
1706669692.029999965 980.8836 2224.4158 7.9417 0 0 0 0
1706669692.330000224 980.8665 2224.7258 7.9600 0 0 0 0
1706669692.850000295 980.8376 2225.3737 7.9659 0 0 0 0
1706669693.229999742 980.7909 2225.8320 7.9438 0 0 0 0
1706669693.669999996 980.7064 2226.4000 7.9392 0 0 0 0
1706669694.050000072 980.6711 2226.9963 7.9338 0 0 0 0
1706669694.549999875 980.6408 2227.5013 7.9569 0 0 0 0
1706669694.869999774 980.6230 2227.7877 7.9614 0 0 0 0
1706669695.270000119 980.5119 2228.5999 7.9656 0 0 0 0
1706669695.730000013 980.5119 2228.5999 7.9656 0 0 0 0
1706669696.059999731 980.4904 2229.3110 7.9543 0 0 0 0
1706669696.299999813 980.4689 2229.7385 7.9313 0 0 0 0
1706669696.579999803 980.4352 2230.0776 7.9389 0 0 0 0
1706669696.910000150 980.4166 2230.4406 7.9524 0 0 0 0
1706669697.279999778 980.4181 2230.7857 7.9332 0 0 0 0
1706669697.629999765 980.3912 2231.2410 7.9369 0 0 0 0
1706669697.950000293 980.3740 2231.6459 7.9373 0 0 0 0
1706669698.179999925 980.3313 2232.0306 7.9351 0 0 0 0
1706669698.550000181 980.2881 2232.3963 7.9357 0 0 0 0
1706669698.930000258 980.2612 2232.8895 7.9091 0 0 0 0
1706669699.320000154 980.2085 2233.4757 7.8952 0 0 0 0
1706669699.619999784 980.1602 2233.8766 7.9091 0 0 0 0
1706669699.920000043 980.1171 2234.2720 7.8914 0 0 0 0
1706669700.209999853 980.0832 2234.6647 7.9123 0 0 0 0
1706669700.610000198 980.0160 2235.1367 7.8820 0 0 0 0
1706669701.060000272 979.9591 2235.6833 7.8746 0 0 0 0
1706669701.369999722 979.9339 2236.1949 7.8955 0 0 0 0
1706669701.609999803 979.8878 2236.6332 7.8876 0 0 0 0
1706669701.859999704 979.8449 2237.0031 7.8906 0 0 0 0
1706669702.199999872 979.8214 2237.3704 7.9087 0 0 0 0
1706669702.610000037 979.7717 2237.7769 7.8771 0 0 0 0
1706669703.079999750 979.7006 2238.2464 7.8927 0 0 0 0
1706669703.559999913 979.6411 2238.8591 7.8979 0 0 0 0
1706669703.949999809 979.5000 2240.0121 7.8778 0 0 0 0
1706669704.359999974 979.5000 2240.0121 7.8778 0 0 0 0
1706669704.549999698 979.4973 2240.5498 7.8599 0 0 0 0
1706669704.759999691 979.4833 2240.8168 7.8674 0 0 0 0
1706669705.069999769 979.4749 2241.2732 7.8445 0 0 0 0
1706669705.379999848 979.4815 2241.6682 7.8748 0 0 0 0
1706669705.750000104 979.4705 2242.0492 7.8384 0 0 0 0
1706669705.990000186 979.4392 2242.4610 7.8634 0 0 0 0
1706669706.240000087 979.4226 2242.8664 7.8403 0 0 0 0
1706669706.599999894 979.4081 2243.2686 7.8633 0 0 0 0
1706669706.900000153 979.3661 2243.6730 7.8367 0 0 0 0
1706669707.250000141 979.3066 2244.0916 7.8312 0 0 0 0
1706669707.539999951 979.2786 2244.5069 7.8456 0 0 0 0
1706669707.789999852 979.2442 2244.9031 7.8234 0 0 0 0
1706669708.069999842 979.2016 2245.3144 7.8367 0 0 0 0
1706669708.400000189 979.1881 2245.7178 7.8133 0 0 0 0
1706669708.750000177 979.1992 2246.1468 7.8371 0 0 0 0
1706669709.140000073 979.1694 2246.7090 7.8240 0 0 0 0
1706669709.429999883 979.1333 2247.0880 7.8120 0 0 0 0
1706669709.690000233 979.1124 2247.4818 7.8411 0 0 0 0
1706669710.010000132 979.0656 2247.8771 7.8119 0 0 0 0
1706669710.409999848 979.0189 2248.2669 7.8324 0 0 0 0
1706669710.799999745 978.9477 2248.7391 7.8556 0 0 0 0
1706669711.170000001 978.8409 2249.2287 7.8419 0 0 0 0
1706669711.379999993 978.7919 2249.6245 7.8382 0 0 0 0
1706669711.620000075 978.7583 2249.9837 7.8490 0 0 0 0
1706669712.079999968 978.6378 2250.7812 7.8422 0 0 0 0
1706669712.439999776 978.6378 2250.7812 7.8422 0 0 0 0
1706669712.849999941 978.5976 2251.4407 7.8447 0 0 0 0
1706669713.269999926 978.5525 2251.8509 7.8052 0 0 0 0
1706669713.699999731 978.5082 2252.5547 7.7982 0 0 0 0
1706669714.119999716 978.5099 2253.0324 7.8094 0 0 0 0
1706669714.440000243 978.4765 2253.5750 7.8214 0 0 0 0
1706669714.709999785 978.4566 2253.9945 7.8126 0 0 0 0
1706669714.959999686 978.4378 2254.4010 7.8402 0 0 0 0
1706669715.320000122 978.4118 2254.7852 7.8312 0 0 0 0
1706669715.619999752 978.3675 2255.2547 7.8185 0 0 0 0
1706669715.990000009 978.3605 2255.6653 7.8441 0 0 0 0
1706669716.269999999 978.3268 2256.0768 7.8056 0 0 0 0
1706669716.599999717 978.2823 2256.4297 7.8342 0 0 0 0
1706669716.930000065 978.2662 2256.8339 7.8187 0 0 0 0
1706669717.299999692 978.2708 2257.2438 7.8212 0 0 0 0
1706669717.550000222 978.2487 2257.7300 7.8277 0 0 0 0
1706669717.739999946 978.2361 2258.0057 7.8198 0 0 0 0
1706669718.040000205 978.2260 2258.4073 7.8394 0 0 0 0
1706669718.339999835 978.1828 2258.7985 7.8114 0 0 0 0
1706669718.619999825 978.0933 2259.2766 7.8218 0 0 0 0
1706669718.810000177 978.0933 2259.2766 7.8218 0 0 0 0
1706669719.190000254 978.0463 2259.6947 7.7908 0 0 0 0
1706669719.589999970 977.9743 2260.1782 7.7895 0 0 0 0
1706669720.079999953 977.8632 2260.7245 7.7986 0 0 0 0
1706669720.530000026 977.7692 2261.3561 7.8083 0 0 0 0
1706669720.950000011 977.6573 2261.8107 7.7958 0 0 0 0
1706669721.349999728 977.4810 2262.7327 7.8140 0 0 0 0
1706669721.710000164 977.4810 2262.7327 7.8140 0 0 0 0
1706669722.069999971 977.3593 2263.2835 7.8143 0 0 0 0
1706669722.410000139 977.2702 2264.0577 7.8057 0 0 0 0
1706669722.769999946 977.2702 2264.0577 7.8057 0 0 0 0
1706669723.199999752 977.1603 2264.7118 7.7925 0 0 0 0
1706669723.520000279 977.1535 2265.2063 7.8005 0 0 0 0
1706669723.819999909 977.1230 2265.6977 7.7551 0 0 0 0
1706669724.120000168 977.0872 2266.1231 7.7724 0 0 0 0
1706669724.529999704 977.0650 2266.9786 7.7466 0 0 0 0
1706669724.699999788 977.0650 2266.9786 7.7466 0 0 0 0
1706669725.070000044 977.0685 2267.4458 7.7754 0 0 0 0
1706669725.429999852 977.0756 2267.8322 7.7983 0 0 0 0
1706669725.840000017 977.0802 2268.1682 7.8047 0 0 0 0
1706669726.190000004 977.0455 2268.6239 7.8022 0 0 0 0
1706669726.649999898 977.0660 2269.0551 7.8207 0 0 0 0
1706669726.990000065 977.0684 2269.5241 7.7935 0 0 0 0
1706669727.349999873 977.0546 2269.9391 7.8022 0 0 0 0
1706669727.559999865 977.0200 2270.4516 7.8117 0 0 0 0
1706669727.799999947 976.9899 2270.8195 7.7853 0 0 0 0
1706669728.079999937 976.9772 2271.1482 7.8074 0 0 0 0
1706669728.390000015 976.9765 2271.3899 7.8069 0 0 0 0
1706669728.929999727 976.9514 2271.9529 7.8086 0 0 0 0
1706669729.279999714 976.9049 2272.2740 7.8228 0 0 0 0
1706669729.719999968 976.8798 2272.7412 7.8299 0 0 0 0
1706669730.170000042 976.8426 2273.2160 7.8109 0 0 0 0
1706669730.580000207 976.7907 2273.7565 7.8117 0 0 0 0
1706669730.960000283 976.7678 2274.2333 7.8121 0 0 0 0
1706669731.259999913 976.7215 2274.7238 7.8118 0 0 0 0
1706669731.600000081 976.6917 2275.1539 7.8117 0 0 0 0
1706669731.910000159 976.6465 2275.4965 7.8019 0 0 0 0
1706669732.239999878 976.5615 2276.2247 7.8093 0 0 0 0
1706669732.570000226 976.5615 2276.2247 7.8093 0 0 0 0
1706669733.090000297 976.4910 2276.6926 7.8005 0 0 0 0
1706669733.569999831 976.3714 2277.3110 7.8275 0 0 0 0
1706669733.959999727 976.3415 2277.9143 7.8216 0 0 0 0
1706669734.229999897 976.3164 2278.3458 7.8088 0 0 0 0
1706669734.460000158 976.2721 2278.6644 7.8091 0 0 0 0
1706669734.840000235 976.2565 2278.9729 7.8354 0 0 0 0
1706669735.200000042 976.2128 2279.2816 7.8213 0 0 0 0
1706669735.570000298 976.1428 2279.7403 7.8448 0 0 0 0
1706669736.019999743 976.1159 2280.2469 7.8583 0 0 0 0
1706669736.520000175 976.0841 2280.7431 7.8283 0 0 0 0
1706669736.989999888 976.0120 2281.3606 7.8625 0 0 0 0
1706669737.299999967 975.9576 2281.8638 7.8367 0 0 0 0
1706669737.750000041 975.8970 2282.3964 7.8478 0 0 0 0
1706669738.179999846 975.8489 2282.9303 7.8529 0 0 0 0
1706669738.660000009 975.7831 2283.3733 7.8482 0 0 0 0
1706669739.079999994 975.7255 2283.9893 7.8560 0 0 0 0
1706669739.539999887 975.6994 2284.3680 7.8317 0 0 0 0
1706669739.929999784 975.6383 2284.9609 7.8341 0 0 0 0
1706669740.230000042 975.6286 2285.4871 7.8669 0 0 0 0
1706669740.680000116 975.5927 2286.3869 7.7809 0 0 0 0
1706669741.039999924 975.5927 2286.3869 7.7809 0 0 0 0
1706669741.450000089 975.5550 2286.7536 7.8083 0 0 0 0
1706669741.819999716 975.4800 2287.2368 7.8056 0 0 0 0
1706669742.199999793 975.4273 2287.7690 7.7939 0 0 0 0
1706669742.649999866 975.4173 2288.2587 7.8008 0 0 0 0
1706669743.069999851 975.3772 2288.6451 7.8261 0 0 0 0
1706669743.410000019 975.3509 2289.1857 7.8374 0 0 0 0
1706669743.780000275 975.3353 2289.5405 7.8122 0 0 0 0
1706669744.049999816 975.2868 2290.0249 7.8195 0 0 0 0
1706669744.299999718 975.2749 2290.3657 7.8265 0 0 0 0
1706669744.679999794 975.2454 2290.7212 7.8098 0 0 0 0
1706669744.989999873 975.2015 2291.0825 7.8307 0 0 0 0
1706669745.369999949 975.1676 2291.4582 7.8092 0 0 0 0
1706669745.649999939 975.1418 2291.9339 7.8276 0 0 0 0
1706669746.030000015 975.1031 2292.2757 7.8336 0 0 0 0
1706669746.310000005 975.0586 2292.5945 7.8234 0 0 0 0
1706669746.569999726 975.0313 2292.8914 7.8429 0 0 0 0
1706669746.900000074 974.9640 2293.3322 7.8273 0 0 0 0
1706669747.159999795 974.9186 2293.5499 7.8304 0 0 0 0
1706669747.619999689 974.8578 2294.0507 7.8351 0 0 0 0
1706669747.889999859 974.8026 2294.4506 7.8187 0 0 0 0
1706669748.150000209 974.7574 2294.7375 7.8335 0 0 0 0
1706669748.449999839 974.6891 2295.0707 7.8265 0 0 0 0
1706669748.820000095 974.6274 2295.4589 7.8543 0 0 0 0
1706669749.270000169 974.5378 2295.8458 7.8377 0 0 0 0
1706669749.749999703 974.4025 2296.6524 7.8635 0 0 0 0
1706669750.059999782 974.4025 2296.6524 7.8635 0 0 0 0
1706669750.450000307 974.3267 2297.1112 7.8619 0 0 0 0
1706669750.789999845 974.3222 2297.4087 7.8625 0 0 0 0
1706669751.080000284 974.3216 2297.7254 7.8718 0 0 0 0
1706669751.459999732 974.3097 2298.0200 7.8755 0 0 0 0
1706669751.829999988 974.3012 2298.3437 7.8689 0 0 0 0
1706669752.159999707 974.2801 2298.5998 7.8833 0 0 0 0
1706669752.599999961 974.2294 2298.9160 7.8799 0 0 0 0
1706669752.970000217 974.1882 2299.3218 7.8817 0 0 0 0
1706669753.220000118 974.1640 2299.5429 7.8802 0 0 0 0
1706669753.530000197 974.1249 2299.7935 7.8863 0 0 0 0
1706669753.710000101 974.1249 2299.7935 7.8863 0 0 0 0
1706669754.009999731 974.1299 2299.9606 7.8831 0 0 0 0
1706669754.330000258 974.1883 2300.1226 7.8839 0 0 0 0
1706669754.790000152 974.2570 2300.2290 7.9006 0 0 0 0
1706669755.320000043 974.4177 2300.2403 7.9048 0 0 0 0
1706669755.770000117 974.4037 2299.9756 7.8866 0 0 0 0
1706669756.139999744 974.4037 2299.9756 7.8866 0 0 0 0
1706669756.540000089 974.3320 2299.8582 7.8822 0 0 0 0
1706669756.869999808 974.2710 2299.4941 7.8701 0 0 0 0
1706669757.160000247 974.3022 2299.0033 7.8586 0 0 0 0
1706669757.349999971 974.3206 2298.7004 7.8718 0 0 0 0
1706669757.629999961 974.3661 2298.4307 7.8429 0 0 0 0
1706669757.870000042 974.4039 2298.2407 7.8626 0 0 0 0
1706669758.140000212 974.4348 2297.9252 7.8484 0 0 0 0
1706669758.439999842 974.4457 2297.7237 7.8631 0 0 0 0
1706669758.880000096 974.5080 2297.1869 7.8472 0 0 0 0
1706669759.169999906 974.5754 2296.7512 7.8507 0 0 0 0
1706669759.580000071 974.6081 2296.3488 7.8556 0 0 0 0
1706669759.839999792 974.6337 2295.9728 7.8242 0 0 0 0
1706669760.039999965 974.6594 2295.5755 7.8320 0 0 0 0
1706669760.420000041 974.6562 2295.1329 7.8333 0 0 0 0
1706669760.730000120 974.6766 2294.6829 7.8256 0 0 0 0
1706669761.199999833 974.7280 2294.2857 7.8430 0 0 0 0
1706669761.509999912 974.7598 2293.7617 7.8305 0 0 0 0
1706669761.840000260 974.7678 2293.3790 7.8403 0 0 0 0
1706669762.149999710 974.7877 2292.9956 7.8275 0 0 0 0
1706669762.519999966 974.7876 2292.2193 7.8543 0 0 0 0
1706669762.720000139 974.7876 2292.2193 7.8543 0 0 0 0
1706669763.040000037 974.8052 2291.8531 7.8230 0 0 0 0
1706669763.390000025 974.8765 2291.4581 7.8439 0 0 0 0
1706669763.760000281 974.9546 2290.9578 7.8218 0 0 0 0
1706669764.090000000 975.0447 2290.4087 7.8110 0 0 0 0
1706669764.409999899 975.1265 2290.0481 7.8451 0 0 0 0
1706669764.729999797 975.1923 2289.6949 7.8229 0 0 0 0
1706669765.030000056 975.2293 2289.2933 7.8247 0 0 0 0
1706669765.310000046 975.2239 2288.8898 7.8055 0 0 0 0
1706669765.610000305 975.1979 2288.5300 7.8130 0 0 0 0
1706669765.970000112 975.1490 2288.1702 7.8188 0 0 0 0
1706669766.350000189 975.1362 2287.7073 7.7900 0 0 0 0
1706669766.579999821 975.1898 2287.3019 7.8169 0 0 0 0
1706669766.899999720 975.2550 2286.9257 7.7964 0 0 0 0
1706669767.190000159 975.3196 2286.5281 7.8111 0 0 0 0
1706669767.570000235 975.4197 2286.1293 7.7959 0 0 0 0
1706669767.969999951 975.5488 2285.5795 7.7863 0 0 0 0
1706669768.389999936 975.6270 2285.0010 7.7805 0 0 0 0
1706669768.910000008 975.7175 2284.5394 7.7884 0 0 0 0
1706669769.399999990 975.7165 2283.7693 7.8013 0 0 0 0
1706669769.959999970 975.7230 2283.0577 7.7920 0 0 0 0
1706669770.370000135 975.7249 2282.6018 7.7868 0 0 0 0
1706669770.780000300 975.8139 2281.8508 7.7841 0 0 0 0
1706669771.219999925 975.8536 2281.3711 7.7748 0 0 0 0
1706669771.700000088 975.8902 2280.8541 7.7909 0 0 0 0
1706669772.120000073 976.0005 2280.2351 7.7741 0 0 0 0
1706669772.600000235 976.0477 2279.1662 7.7680 0 0 0 0
1706669772.999999952 976.1111 2278.6710 7.7486 0 0 0 0
1706669773.370000208 976.1111 2278.6710 7.7486 0 0 0 0
1706669773.639999749 976.1072 2278.0252 7.7577 0 0 0 0
1706669773.960000277 976.1315 2277.5928 7.7594 0 0 0 0
1706669774.170000269 976.1538 2277.2774 7.7527 0 0 0 0
1706669774.530000077 976.1652 2276.8888 7.7572 0 0 0 0
1706669774.940000242 976.1847 2276.4994 7.7473 0 0 0 0
1706669775.460000313 976.2724 2275.7951 7.7561 0 0 0 0
1706669775.969999935 976.3158 2275.1056 7.7537 0 0 0 0
1706669776.310000103 976.3806 2274.4717 7.7604 0 0 0 0
1706669776.660000090 976.4166 2273.6117 7.7439 0 0 0 0
1706669776.900000172 976.4166 2273.6117 7.7439 0 0 0 0
1706669777.169999713 976.4400 2273.2268 7.7524 0 0 0 0
1706669777.579999878 976.4410 2272.7025 7.7330 0 0 0 0
1706669777.910000226 976.4333 2272.1576 7.7340 0 0 0 0
1706669778.239999944 976.4756 2271.5819 7.7452 0 0 0 0
1706669778.410000028 976.4756 2271.5819 7.7452 0 0 0 0
1706669778.769999836 976.4369 2270.6893 7.7271 0 0 0 0
1706669779.189999821 976.4369 2270.6893 7.7271 0 0 0 0
1706669779.539999808 976.4796 2270.0176 7.7198 0 0 0 0
1706669779.919999884 976.5047 2269.4787 7.7351 0 0 0 0
1706669780.190000054 976.5694 2269.0425 7.7173 0 0 0 0
1706669780.490000313 976.6675 2268.4018 7.7221 0 0 0 0
1706669780.750000034 976.6675 2268.4018 7.7221 0 0 0 0
1706669781.030000024 976.6887 2268.0599 7.7405 0 0 0 0
1706669781.470000278 976.7254 2267.5421 7.7249 0 0 0 0
1706669781.879999815 976.7386 2267.0169 7.7108 0 0 0 0
1706669782.259999891 976.8354 2266.0320 7.7111 0 0 0 0
1706669782.639999967 976.8354 2266.0320 7.7111 0 0 0 0
1706669783.020000043 976.9120 2265.3538 7.7260 0 0 0 0
1706669783.400000120 976.9952 2264.8937 7.7015 0 0 0 0
1706669783.820000105 977.0925 2264.3898 7.7071 0 0 0 0
1706669784.319999907 977.2036 2263.8019 7.7083 0 0 0 0
1706669784.730000072 977.3572 2262.9973 7.7301 0 0 0 0
1706669785.159999877 977.3572 2262.9973 7.7301 0 0 0 0
1706669785.630000220 977.3963 2262.3686 7.7159 0 0 0 0
1706669786.150000291 977.4708 2261.6572 7.7135 0 0 0 0
1706669786.480000010 977.5529 2261.0585 7.6939 0 0 0 0
1706669786.969999992 977.6001 2260.5126 7.7010 0 0 0 0
1706669787.350000069 977.5886 2260.1714 7.7160 0 0 0 0
1706669787.870000140 977.6786 2259.5924 7.6959 0 0 0 0
1706669788.360000122 977.7857 2258.4362 7.6728 0 0 0 0
1706669788.750000019 977.7857 2258.4362 7.6728 0 0 0 0
1706669789.179999824 977.8164 2257.9666 7.6896 0 0 0 0
1706669789.610000257 977.8484 2257.4024 7.7068 0 0 0 0
1706669789.970000065 977.8984 2256.9182 7.6926 0 0 0 0
1706669790.210000146 977.8977 2256.5747 7.6781 0 0 0 0
1706669790.630000131 977.9198 2256.0936 7.6940 0 0 0 0
1706669791.020000027 977.9951 2255.6196 7.6853 0 0 0 0
1706669791.320000286 978.0286 2255.2359 7.6664 0 0 0 0
1706669791.689999914 978.0685 2254.4949 7.6661 0 0 0 0
1706669792.060000170 978.0685 2254.4949 7.6661 0 0 0 0
1706669792.480000155 978.0920 2253.9326 7.6691 0 0 0 0
1706669792.909999960 978.1169 2253.4181 7.6890 0 0 0 0
1706669793.250000128 978.1870 2252.9313 7.7031 0 0 0 0
1706669793.649999844 978.3279 2252.0818 7.6873 0 0 0 0
1706669794.020000100 978.3279 2252.0818 7.6873 0 0 0 0
1706669794.459999725 978.3873 2251.5578 7.6988 0 0 0 0
1706669794.890000159 978.4375 2251.0095 7.7088 0 0 0 0
1706669795.369999693 978.4708 2250.4656 7.6970 0 0 0 0
1706669795.779999858 978.4906 2249.8346 7.6958 0 0 0 0
1706669796.229999932 978.5195 2249.2864 7.6665 0 0 0 0
1706669796.619999828 978.5365 2248.7161 7.6604 0 0 0 0
1706669797.050000262 978.5748 2248.1967 7.7026 0 0 0 0
1706669797.499999707 978.6784 2247.5805 7.7101 0 0 0 0
1706669798.019999778 978.8043 2246.9611 7.7208 0 0 0 0
1706669798.410000303 978.8839 2246.4710 7.7061 0 0 0 0
1706669798.840000108 978.9356 2245.8769 7.7166 0 0 0 0
1706669799.419999728 979.0066 2245.1815 7.7127 0 0 0 0
1706669799.820000073 979.0734 2244.5656 7.7163 0 0 0 0
1706669800.259999698 979.1191 2244.1019 7.7168 0 0 0 0
1706669800.590000045 979.1741 2243.6046 7.7290 0 0 0 0
1706669801.059999759 979.2123 2242.6943 7.7075 0 0 0 0
1706669801.399999927 979.2123 2242.6943 7.7075 0 0 0 0
1706669801.789999823 979.2441 2242.2763 7.7255 0 0 0 0
1706669802.109999722 979.2586 2241.8114 7.7379 0 0 0 0
1706669802.459999709 979.2831 2241.3754 7.7191 0 0 0 0
1706669802.909999783 979.3306 2240.8754 7.7427 0 0 0 0
1706669803.329999768 979.3641 2240.3634 7.7521 0 0 0 0
1706669803.679999756 979.4055 2239.8627 7.7441 0 0 0 0
1706669804.099999741 979.4363 2239.3583 7.7424 0 0 0 0
1706669804.449999728 979.4491 2238.8541 7.7586 0 0 0 0
1706669804.810000164 979.5063 2238.3501 7.7697 0 0 0 0
1706669805.130000063 979.5584 2237.6205 7.7930 0 0 0 0
1706669805.459999782 979.5584 2237.6205 7.7930 0 0 0 0
1706669805.890000216 979.6341 2237.0667 7.7595 0 0 0 0
1706669806.299999752 979.6787 2236.5968 7.7473 0 0 0 0
1706669806.700000097 979.7040 2236.0706 7.7617 0 0 0 0
1706669807.120000082 979.7857 2235.5041 7.7682 0 0 0 0
1706669807.570000156 979.8331 2235.0617 7.7721 0 0 0 0
1706669807.999999961 979.8789 2234.4200 7.7651 0 0 0 0
1706669808.310000040 979.9067 2233.8830 7.7675 0 0 0 0
1706669808.669999847 979.9240 2233.5214 7.7966 0 0 0 0
1706669808.919999748 979.9804 2232.9774 7.7831 0 0 0 0
1706669809.250000096 980.0107 2232.5485 7.7632 0 0 0 0
1706669809.579999815 980.0274 2232.1826 7.7756 0 0 0 0
1706669810.020000068 980.0631 2231.8179 7.7163 0 0 0 0
1706669810.449999874 980.0921 2231.1920 7.7590 0 0 0 0
1706669810.950000305 980.1143 2230.6283 7.7685 0 0 0 0
1706669811.300000292 980.2117 2230.1301 7.7897 0 0 0 0
1706669811.560000014 980.2660 2229.6284 7.7999 0 0 0 0
1706669811.889999732 980.3734 2229.0748 7.8056 0 0 0 0
1706669812.089999905 980.3734 2229.0748 7.8056 0 0 0 0
1706669812.589999707 980.4023 2228.6710 7.8219 0 0 0 0
1706669812.999999872 980.4376 2228.1888 7.8375 0 0 0 0
1706669813.389999769 980.4868 2227.6651 7.8213 0 0 0 0
1706669813.820000202 980.5276 2227.1687 7.8265 0 0 0 0
1706669814.200000279 980.5500 2226.6787 7.8505 0 0 0 0
1706669814.649999724 980.6075 2226.1297 7.8300 0 0 0 0
1706669814.919999894 980.6542 2225.5717 7.8284 0 0 0 0
1706669815.229999973 980.7108 2225.1990 7.8431 0 0 0 0
1706669815.500000142 980.8067 2224.8265 7.8321 0 0 0 0
1706669815.840000310 980.8627 2224.4649 7.8432 0 0 0 0
1706669816.170000029 980.8559 2224.0934 7.8575 0 0 0 0
1706669816.550000105 980.8624 2223.6196 7.8489 0 0 0 0
1706669816.830000095 980.8795 2223.2733 7.8729 0 0 0 0
1706669817.070000176 980.8928 2222.8992 7.8701 0 0 0 0
1706669817.469999893 980.9334 2222.3979 7.8475 0 0 0 0
1706669817.679999885 980.9662 2221.9097 7.8610 0 0 0 0
1706669817.889999878 980.9662 2221.9097 7.8610 0 0 0 0
1706669818.179999688 980.9753 2221.5467 7.8617 0 0 0 0
1706669818.610000121 980.9743 2221.0744 7.8772 0 0 0 0
1706669818.979999749 980.9808 2220.7035 7.8694 0 0 0 0
1706669819.410000183 981.0537 2220.2692 7.8786 0 0 0 0
1706669819.809999899 981.1263 2219.8876 7.9010 0 0 0 0
1706669820.189999975 981.1539 2219.4461 7.9031 0 0 0 0
1706669820.549999783 981.1866 2218.9209 7.8798 0 0 0 0
1706669821.050000214 981.2533 2218.4453 7.8847 0 0 0 0
1706669821.440000110 981.3521 2217.9355 7.8896 0 0 0 0
1706669821.860000095 981.3611 2217.5224 7.9010 0 0 0 0
1706669822.299999720 981.3930 2216.8864 7.8797 0 0 0 0
1706669822.770000063 981.4339 2216.2970 7.8622 0 0 0 0
1706669823.159999959 981.5118 2215.6595 7.8131 0 0 0 0
1706669823.439999949 981.5597 2215.2944 7.8166 0 0 0 0
1706669823.890000023 981.5742 2214.7866 7.8133 0 0 0 0
1706669824.170000013 981.5866 2214.2584 7.8701 0 0 0 0
1706669824.370000185 981.6161 2213.9273 7.8751 0 0 0 0
1706669824.610000267 981.6422 2213.7161 7.8632 0 0 0 0
1706669824.839999899 981.6680 2213.4728 7.8795 0 0 0 0
1706669825.140000158 981.7200 2213.1930 7.8816 0 0 0 0
1706669825.390000059 981.8155 2212.7366 7.8425 0 0 0 0
1706669825.679999869 981.8400 2212.5235 7.8464 0 0 0 0
1706669826.059999946 981.8299 2212.0314 7.8530 0 0 0 0
1706669826.390000293 981.8473 2211.3047 7.8667 0 0 0 0
1706669826.689999923 981.8473 2211.3047 7.8667 0 0 0 0
1706669827.020000271 981.8216 2210.8458 7.8546 0 0 0 0
1706669827.569999802 981.8424 2210.2021 7.8380 0 0 0 0
1706669827.849999792 981.8823 2209.8486 7.8720 0 0 0 0
1706669828.150000051 981.9058 2209.3881 7.8728 0 0 0 0
1706669828.570000036 981.9247 2209.0050 7.9033 0 0 0 0
1706669828.990000021 981.9774 2208.6312 7.9065 0 0 0 0
1706669829.430000274 982.0323 2207.9530 7.9149 0 0 0 0
1706669829.780000262 982.0488 2207.4413 7.9035 0 0 0 0
1706669830.219999887 982.1354 2206.8222 7.9258 0 0 0 0
1706669830.539999786 982.1757 2206.3386 7.9367 0 0 0 0
1706669830.980000040 982.2481 2205.9354 7.9093 0 0 0 0
1706669831.350000296 982.3983 2205.2533 7.9282 0 0 0 0
1706669831.649999926 982.4249 2204.8437 7.9558 0 0 0 0
1706669832.009999733 982.5142 2204.0384 7.9547 0 0 0 0
1706669832.270000083 982.5142 2204.0384 7.9547 0 0 0 0
1706669832.669999800 982.5239 2203.5415 7.9355 0 0 0 0
1706669833.119999873 982.5794 2202.9375 7.9383 0 0 0 0
1706669833.620000305 982.6592 2202.4485 7.9787 0 0 0 0
1706669833.950000023 982.7181 2201.7634 7.9953 0 0 0 0
1706669834.409999917 982.8425 2201.3072 7.9754 0 0 0 0
1706669834.869999811 982.8897 2200.6177 8.0336 0 0 0 0
1706669835.289999796 982.9053 2200.0756 8.0403 0 0 0 0
1706669835.739999870 982.9169 2199.6785 8.0541 0 0 0 0
1706669836.240000301 982.8956 2199.0215 8.0650 0 0 0 0
1706669836.660000286 982.9159 2198.4402 8.0645 0 0 0 0
1706669837.169999909 982.8844 2197.9346 8.0808 0 0 0 0
1706669837.570000254 982.9720 2197.3659 8.0710 0 0 0 0
1706669837.949999701 983.0961 2196.8614 8.0719 0 0 0 0
1706669838.310000137 983.2102 2196.3987 8.0882 0 0 0 0
1706669838.790000300 983.3118 2195.8783 8.1016 0 0 0 0
1706669839.260000014 983.3724 2195.3339 8.1030 0 0 0 0
1706669839.719999908 983.4452 2194.8943 8.0909 0 0 0 0
1706669840.219999710 983.5539 2194.2777 8.1072 0 0 0 0
1706669840.610000235 983.6211 2193.5209 8.0993 0 0 0 0
1706669841.119999858 983.6964 2193.1026 8.1241 0 0 0 0
1706669841.439999756 983.7427 2192.5292 8.1397 0 0 0 0
1706669841.889999830 983.7940 2192.0329 8.1167 0 0 0 0
1706669842.360000173 983.8828 2191.5346 8.1295 0 0 0 0
1706669842.899999884 983.9236 2190.9409 8.1475 0 0 0 0
1706669843.319999869 983.9793 2190.3635 8.1468 0 0 0 0
1706669843.660000036 984.0074 2189.8253 8.1537 0 0 0 0
1706669843.949999847 984.0459 2189.4706 8.1451 0 0 0 0
1706669844.220000017 984.1091 2189.1454 8.1668 0 0 0 0
1706669844.590000273 984.1602 2188.6753 8.1712 0 0 0 0
1706669844.870000263 984.1708 2188.3549 8.1882 0 0 0 0
1706669845.419999794 984.1993 2187.8009 8.1848 0 0 0 0
1706669845.829999959 984.1936 2187.2023 8.2088 0 0 0 0
1706669846.440000297 984.1833 2186.6952 8.1806 0 0 0 0
1706669846.809999924 984.1906 2186.1012 8.1883 0 0 0 0
1706669847.250000178 984.1971 2185.5830 8.2093 0 0 0 0
1706669847.490000259 984.2598 2185.2879 8.2113 0 0 0 0
1706669847.999999882 984.3625 2184.7368 8.2273 0 0 0 0
1706669848.570000310 984.4727 2184.1261 8.2223 0 0 0 0
1706669848.960000207 984.5272 2183.6096 8.2537 0 0 0 0
1706669849.450000189 984.5121 2182.8067 8.2222 0 0 0 0
1706669849.779999908 984.5121 2182.8067 8.2222 0 0 0 0
1706669850.019999989 984.4800 2182.1796 8.2374 0 0 0 0
1706669850.330000068 984.4666 2181.7695 8.2815 0 0 0 0
1706669850.589999789 984.4702 2181.5236 8.2624 0 0 0 0
1706669850.890000048 984.5057 2181.2003 8.2859 0 0 0 0
1706669851.240000036 984.5303 2180.8722 8.3025 0 0 0 0
1706669851.629999932 984.5498 2180.3883 8.3276 0 0 0 0
1706669852.070000186 984.6212 2179.9078 8.3190 0 0 0 0
1706669852.420000173 984.6683 2179.5798 8.3231 0 0 0 0
1706669852.709999983 984.7213 2179.0751 8.3432 0 0 0 0
1706669853.129999968 984.7717 2178.5613 8.3293 0 0 0 0
1706669853.540000133 984.7676 2178.0726 8.3396 0 0 0 0
1706669853.920000209 984.7691 2177.6236 8.3439 0 0 0 0
1706669854.270000197 984.8071 2177.2813 8.3619 0 0 0 0
1706669854.580000276 984.8296 2176.7802 8.3625 0 0 0 0
1706669854.830000177 984.8836 2176.3811 8.3645 0 0 0 0
1706669855.099999718 984.9188 2176.1725 8.3855 0 0 0 0
1706669855.439999886 984.9707 2175.8864 8.3872 0 0 0 0
1706669855.819999962 985.0348 2175.3882 8.4007 0 0 0 0
1706669856.290000305 985.0869 2174.8559 8.3659 0 0 0 0
1706669856.729999930 985.0752 2174.2458 8.3621 0 0 0 0
1706669857.089999737 985.0798 2173.8182 8.3650 0 0 0 0
1706669857.380000176 985.1441 2173.3478 8.3827 0 0 0 0
1706669857.660000166 985.1678 2172.9372 8.3839 0 0 0 0
1706669857.849999890 985.1939 2172.6741 8.4063 0 0 0 0
1706669858.169999789 985.3104 2172.1057 8.4049 0 0 0 0
1706669858.439999959 985.3104 2172.1057 8.4049 0 0 0 0
1706669858.829999855 985.3718 2171.5709 8.3961 0 0 0 0
1706669859.270000109 985.4158 2171.0551 8.4035 0 0 0 0
1706669859.599999827 985.4893 2170.5638 8.4159 0 0 0 0
1706669859.919999726 985.5223 2170.0120 8.4271 0 0 0 0
1706669860.329999891 985.5708 2169.5393 8.4202 0 0 0 0
1706669860.639999970 985.6453 2169.1722 8.4610 0 0 0 0
1706669861.039999686 985.7100 2168.6552 8.4674 0 0 0 0
1706669861.419999762 985.7622 2168.1956 8.4814 0 0 0 0
1706669861.799999839 985.8358 2167.7669 8.5046 0 0 0 0
1706669862.210000004 985.8457 2167.2647 8.4961 0 0 0 0
1706669862.639999809 985.8565 2166.7862 8.4797 0 0 0 0
1706669863.070000242 985.8381 2166.1142 8.4807 0 0 0 0
1706669863.420000230 985.8414 2165.6494 8.5220 0 0 0 0
1706669863.800000306 985.8844 2165.1923 8.5369 0 0 0 0
1706669864.239999931 985.9077 2164.8247 8.5304 0 0 0 0
1706669864.739999734 985.9483 2164.2410 8.5582 0 0 0 0
1706669865.240000165 986.0176 2163.7262 8.5811 0 0 0 0
1706669865.739999968 986.0379 2163.2057 8.5896 0 0 0 0
1706669866.099999775 986.1128 2162.5693 8.5881 0 0 0 0
1706669866.460000211 986.1435 2162.1097 8.5790 0 0 0 0
1706669866.850000108 986.1731 2161.6588 8.6185 0 0 0 0
1706669867.249999824 986.2191 2161.1158 8.6440 0 0 0 0
1706669867.540000263 986.2280 2160.8164 8.6561 0 0 0 0
1706669867.890000250 986.2291 2160.4235 8.7110 0 0 0 0
1706669868.159999792 986.3162 2159.9218 8.6888 0 0 0 0
1706669868.600000045 986.3953 2159.4008 8.7023 0 0 0 0
1706669868.880000035 986.3978 2159.1340 8.7495 0 0 0 0
1706669869.269999932 986.4280 2158.7684 8.7337 0 0 0 0
1706669869.710000185 986.5188 2158.2125 8.7456 0 0 0 0
1706669870.009999815 986.5428 2157.6804 8.7515 0 0 0 0
1706669870.370000252 986.5788 2157.2623 8.7147 0 0 0 0
1706669870.720000239 986.6355 2156.8375 8.7561 0 0 0 0
1706669871.049999958 986.6429 2156.4696 8.7602 0 0 0 0
1706669871.520000300 986.6644 2155.8894 8.7485 0 0 0 0
1706669871.880000108 986.6999 2155.3971 8.7861 0 0 0 0
1706669872.500000265 986.7208 2154.6931 8.8224 0 0 0 0
1706669873.039999977 986.8369 2154.1260 8.8342 0 0 0 0
1706669873.469999782 986.8696 2153.5534 8.8264 0 0 0 0
1706669873.849999858 986.9531 2152.9384 8.8009 0 0 0 0
1706669874.210000294 987.0018 2152.3573 8.8167 0 0 0 0
1706669874.630000279 987.0191 2151.9887 8.8597 0 0 0 0
1706669874.990000087 987.0657 2151.6113 8.8322 0 0 0 0
1706669875.400000252 987.1281 2151.0669 8.8374 0 0 0 0
1706669875.839999877 987.1217 2150.5422 8.8901 0 0 0 0
1706669876.289999951 987.1226 2150.1188 8.8931 0 0 0 0
1706669876.670000027 987.1017 2149.4063 8.9098 0 0 0 0
1706669876.940000197 987.0873 2148.9614 8.8922 0 0 0 0
1706669877.390000271 987.1365 2148.6035 8.9091 0 0 0 0
1706669877.850000164 987.1994 2148.0790 8.9048 0 0 0 0
1706669878.380000056 987.3129 2147.5113 8.9070 0 0 0 0
1706669878.879999858 987.4245 2146.8234 8.9172 0 0 0 0
1706669879.460000107 987.4484 2146.3413 8.9414 0 0 0 0
1706669879.859999823 987.5104 2145.7061 8.9657 0 0 0 0
1706669880.279999808 987.5081 2145.1925 8.9780 0 0 0 0
1706669880.699999793 987.5473 2144.6764 8.9475 0 0 0 0
1706669881.149999867 987.6125 2144.0665 8.9633 0 0 0 0
1706669881.690000207 987.6920 2143.3991 8.9740 0 0 0 0
1706669882.070000283 987.7678 2142.9788 9.0029 0 0 0 0
1706669882.549999817 987.8007 2142.5248 9.0293 0 0 0 0
1706669882.929999894 987.8628 2141.9857 9.0131 0 0 0 0
1706669883.379999967 987.8884 2141.1795 9.0489 0 0 0 0
1706669883.780000312 987.8884 2141.1795 9.0489 0 0 0 0
1706669884.180000029 987.9054 2140.6336 9.0334 0 0 0 0
1706669884.590000194 987.9454 2140.1290 9.0309 0 0 0 0
1706669884.970000270 988.0159 2139.6277 9.0572 0 0 0 0
1706669885.449999804 988.0782 2139.2597 9.0449 0 0 0 0
1706669885.850000149 988.1749 2138.7152 9.0573 0 0 0 0
1706669886.330000311 988.2968 2138.0801 9.0764 0 0 0 0
1706669886.739999847 988.3499 2137.5995 9.0693 0 0 0 0
1706669887.030000286 988.3624 2137.1792 9.1196 0 0 0 0
1706669887.460000091 988.3586 2136.7738 9.1021 0 0 0 0
1706669887.770000170 988.3854 2136.2426 9.0967 0 0 0 0
1706669888.249999704 988.3549 2135.7815 9.1274 0 0 0 0
1706669888.640000229 988.4036 2135.3538 9.1307 0 0 0 0
1706669889.130000211 988.4470 2134.9012 9.1468 0 0 0 0
1706669889.599999925 988.5284 2134.2672 9.1399 0 0 0 0
1706669889.900000184 988.6112 2133.7801 9.1854 0 0 0 0
1706669890.150000085 988.6412 2133.4407 9.1806 0 0 0 0
1706669890.430000075 988.6726 2133.1033 9.2402 0 0 0 0
1706669890.670000156 988.6932 2132.8425 9.2204 0 0 0 0
1706669891.020000144 988.7184 2132.5236 9.2606 0 0 0 0
1706669891.340000043 988.6875 2131.8969 9.2968 0 0 0 0
1706669891.640000301 988.7296 2131.4003 9.2410 0 0 0 0
1706669891.890000203 988.7296 2131.4003 9.2410 0 0 0 0
1706669892.399999825 988.8176 2130.7440 9.2498 0 0 0 0
1706669893.040000251 988.8393 2130.1870 9.2689 0 0 0 0
1706669893.479999877 988.9367 2129.5837 9.2718 0 0 0 0
1706669893.920000130 988.9597 2129.1368 9.3089 0 0 0 0
1706669894.389999844 989.0003 2128.6044 9.3068 0 0 0 0
1706669894.820000278 989.0070 2128.1250 9.3190 0 0 0 0
1706669895.170000265 989.0007 2127.6514 9.3445 0 0 0 0
1706669895.539999893 989.0475 2127.3479 9.3248 0 0 0 0
1706669895.870000240 989.0812 2126.9193 9.3347 0 0 0 0
1706669896.239999868 989.0778 2126.4479 9.3719 0 0 0 0
1706669896.780000208 989.1012 2126.0360 9.3396 0 0 0 0
1706669897.160000284 989.1421 2125.4579 9.3717 0 0 0 0
1706669897.469999734 989.1920 2124.9873 9.3986 0 0 0 0
1706669897.860000259 989.2725 2124.5477 9.3968 0 0 0 0
1706669898.299999884 989.3255 2124.1379 9.3876 0 0 0 0
1706669898.770000227 989.3860 2123.5282 9.4162 0 0 0 0
1706669899.260000209 989.4578 2122.9712 9.4200 0 0 0 0
1706669899.739999743 989.5205 2122.3574 9.4328 0 0 0 0
1706669900.100000179 989.5994 2121.7678 9.4326 0 0 0 0
1706669900.439999718 989.6018 2121.3734 9.4286 0 0 0 0
1706669900.789999706 989.6195 2120.9584 9.4709 0 0 0 0
1706669901.139999693 989.7061 2120.5987 9.4572 0 0 0 0
1706669901.619999856 989.8034 2120.0413 9.4601 0 0 0 0
1706669902.179999836 989.8368 2119.5350 9.4697 0 0 0 0
1706669902.639999730 989.8653 2118.5295 9.5120 0 0 0 0
1706669902.909999900 989.8653 2118.5295 9.5120 0 0 0 0
1706669903.250000067 989.9305 2118.1888 9.4791 0 0 0 0
1706669903.639999963 990.0152 2117.6866 9.4868 0 0 0 0
1706669904.029999860 990.0275 2117.3805 9.5028 0 0 0 0
1706669904.440000025 990.0748 2116.8807 9.4899 0 0 0 0
1706669904.909999738 990.1098 2116.3011 9.5137 0 0 0 0
1706669905.389999901 990.1135 2115.8172 9.5722 0 0 0 0
1706669905.769999977 990.1851 2115.1269 9.5738 0 0 0 0
1706669906.250000140 990.2162 2114.6324 9.5630 0 0 0 0
1706669906.899999757 990.2905 2113.9820 9.5713 0 0 0 0
1706669907.220000285 990.3292 2113.4327 9.5772 0 0 0 0
1706669907.759999996 990.3606 2112.9148 9.5996 0 0 0 0
1706669908.159999712 990.4996 2112.3419 9.5869 0 0 0 0
1706669908.450000151 990.5471 2111.9855 9.5849 0 0 0 0
1706669908.930000314 990.5965 2111.5278 9.6011 0 0 0 0
1706669909.460000205 990.6435 2111.0597 9.6341 0 0 0 0
1706669909.910000279 990.6678 2110.3088 9.6468 0 0 0 0
1706669910.419999901 990.7807 2109.7428 9.6619 0 0 0 0
1706669910.839999886 990.8172 2109.2671 9.6747 0 0 0 0
1706669911.189999874 990.8624 2108.7882 9.6919 0 0 0 0
1706669911.490000132 990.9411 2108.3198 9.7106 0 0 0 0
1706669911.770000122 990.9638 2107.9891 9.6970 0 0 0 0
1706669912.180000287 990.9680 2107.6503 9.7166 0 0 0 0
1706669912.610000093 990.9891 2107.1752 9.6937 0 0 0 0
1706669913.100000075 991.0096 2106.6452 9.6917 0 0 0 0
1706669913.510000240 991.0753 2106.0176 9.6883 0 0 0 0
1706669913.819999690 991.1541 2105.6084 9.7312 0 0 0 0
1706669914.170000306 991.1566 2105.1805 9.7516 0 0 0 0
1706669914.460000116 991.1708 2104.8224 9.7336 0 0 0 0
1706669914.770000195 991.2222 2104.4519 9.7563 0 0 0 0
1706669915.060000005 991.2322 2104.0868 9.7496 0 0 0 0
1706669915.279999818 991.2264 2103.8425 9.7731 0 0 0 0
1706669915.689999983 991.2481 2103.4846 9.7785 0 0 0 0
1706669916.170000145 991.3342 2103.0139 9.7939 0 0 0 0
1706669916.639999859 991.4337 2102.0183 9.7945 0 0 0 0
1706669917.099999753 991.4337 2102.0183 9.7945 0 0 0 0
1706669917.589999735 991.5695 2101.2640 9.7975 0 0 0 0
1706669917.999999900 991.6073 2100.6615 9.8039 0 0 0 0
1706669918.349999888 991.6721 2100.1732 9.8256 0 0 0 0
1706669918.820000230 991.6708 2099.6662 9.8336 0 0 0 0
1706669919.100000220 991.7085 2099.2253 9.8352 0 0 0 0
1706669919.350000122 991.7587 2098.9082 9.8623 0 0 0 0
1706669919.579999754 991.7660 2098.6768 9.8613 0 0 0 0
1706669919.880000013 991.7620 2098.3293 9.8767 0 0 0 0
1706669920.320000267 991.7903 2097.9201 9.8729 0 0 0 0
1706669920.740000252 991.8353 2097.6321 9.9090 0 0 0 0
1706669921.139999968 991.8720 2097.1147 9.9096 0 0 0 0
1706669921.639999771 992.0837 2096.0600 9.9099 0 0 0 0
1706669922.089999844 992.0837 2096.0600 9.9099 0 0 0 0
1706669922.539999918 992.2106 2094.9851 9.9862 0 0 0 0
1706669922.889999906 992.2106 2094.9851 9.9862 0 0 0 0
1706669923.389999708 992.2033 2094.4803 9.9580 0 0 0 0
1706669923.769999784 992.2346 2093.8669 9.9518 0 0 0 0
1706669924.149999861 992.2837 2093.4115 9.9662 0 0 0 0
1706669924.410000211 992.2941 2093.0431 9.9686 0 0 0 0
1706669924.669999932 992.3045 2092.6491 9.9596 0 0 0 0
1706669924.930000282 992.3271 2092.3024 9.9814 0 0 0 0
1706669925.260000001 992.3182 2091.7287 9.9827 0 0 0 0
1706669925.439999904 992.3182 2091.7287 9.9827 0 0 0 0
1706669925.740000163 992.3080 2091.3682 10.0155 0 0 0 0
1706669926.130000059 992.3841 2090.8755 10.0099 0 0 0 0
1706669926.540000224 992.4156 2090.4560 9.9897 0 0 0 0
1706669926.909999852 992.4490 2090.0274 10.0332 0 0 0 0
1706669927.299999748 992.5225 2089.5636 10.0328 0 0 0 0
1706669927.600000007 992.5596 2089.0944 10.0226 0 0 0 0
1706669927.889999817 992.5897 2088.7115 10.0563 0 0 0 0
1706669928.190000076 992.6312 2088.4273 10.0399 0 0 0 0
1706669928.460000246 992.6669 2088.0695 10.0659 0 0 0 0
1706669928.799999785 992.6795 2087.7410 10.0628 0 0 0 0
1706669929.109999863 992.7153 2087.3859 10.0868 0 0 0 0
1706669929.459999851 992.7721 2087.0408 10.0829 0 0 0 0
1706669929.800000018 992.8236 2086.6263 10.0891 0 0 0 0
1706669930.240000272 992.8634 2085.6939 10.1057 0 0 0 0
1706669930.579999811 992.8634 2085.6939 10.1057 0 0 0 0
1706669930.969999707 992.9221 2085.2378 10.1398 0 0 0 0
1706669931.479999959 992.9621 2084.7555 10.1571 0 0 0 0
1706669931.880000303 993.0169 2084.1867 10.1588 0 0 0 0
1706669932.259999751 993.0178 2083.6766 10.1469 0 0 0 0
1706669932.660000096 992.9984 2083.2768 10.1818 0 0 0 0
1706669933.220000076 993.0283 2082.5922 10.1824 0 0 0 0
1706669933.719999879 993.0393 2082.0435 10.1856 0 0 0 0
1706669934.179999772 993.0968 2081.4634 10.1947 0 0 0 0
1706669934.529999760 993.1678 2080.8795 10.1986 0 0 0 0
1706669934.760000021 993.2758 2080.2767 10.2140 0 0 0 0
1706669934.930000105 993.2758 2080.2767 10.2140 0 0 0 0
1706669935.159999738 993.3245 2080.0783 10.2370 0 0 0 0
1706669935.450000176 993.3868 2079.7210 10.2219 0 0 0 0
1706669935.849999893 993.4261 2079.3610 10.2583 0 0 0 0
1706669936.279999698 993.4870 2078.8586 10.2452 0 0 0 0
1706669936.750000040 993.5019 2078.3656 10.2581 0 0 0 0
1706669937.160000205 993.4741 2077.9021 10.3078 0 0 0 0
1706669937.629999919 993.5300 2077.3058 10.3238 0 0 0 0
1706669937.860000180 993.5844 2076.8684 10.3509 0 0 0 0
1706669938.100000261 993.6705 2076.2785 10.3845 0 0 0 0
1706669938.350000163 993.6705 2076.2785 10.3845 0 0 0 0
1706669938.800000236 993.7619 2075.6504 10.3915 0 0 0 0
1706669939.220000221 993.7955 2075.1431 10.3437 0 0 0 0
1706669939.610000118 993.8540 2074.6475 10.3282 0 0 0 0
1706669940.049999743 993.9196 2074.1026 10.3511 0 0 0 0
1706669940.380000090 993.9270 2073.6527 10.3731 0 0 0 0
1706669940.679999720 993.9609 2073.2033 10.3794 0 0 0 0
1706669941.029999708 993.9805 2072.8506 10.3627 0 0 0 0
1706669941.360000055 993.9705 2072.5788 10.3848 0 0 0 0
1706669941.570000048 994.0147 2072.0977 10.3531 0 0 0 0
1706669941.870000307 994.0259 2071.8572 10.3736 0 0 0 0
1706669942.300000112 994.0197 2071.4966 10.3635 0 0 0 0
1706669942.720000097 994.0324 2071.0097 10.4031 0 0 0 0
1706669943.159999722 994.0677 2070.5608 10.4031 0 0 0 0
1706669943.639999884 994.1156 2069.8440 10.4204 0 0 0 0
1706669944.040000229 994.1720 2069.3779 10.4014 0 0 0 0
1706669944.369999948 994.2540 2068.8365 10.4202 0 0 0 0
1706669944.780000113 994.2677 2068.3471 10.4499 0 0 0 0
1706669945.200000098 994.3065 2067.8771 10.4379 0 0 0 0
1706669945.659999992 994.3225 2067.4155 10.4287 0 0 0 0
1706669946.100000245 994.3479 2066.8282 10.4380 0 0 0 0
1706669946.439999784 994.4072 2066.3695 10.4548 0 0 0 0
1706669946.670000046 994.4348 2065.8505 10.4591 0 0 0 0
1706669947.040000302 994.4375 2065.5398 10.4599 0 0 0 0
1706669947.430000198 994.4679 2065.1969 10.4659 0 0 0 0
1706669947.829999914 994.4990 2064.7896 10.4644 0 0 0 0
1706669948.100000084 994.5545 2064.2728 10.4853 0 0 0 0
1706669948.450000072 994.5913 2063.9237 10.4731 0 0 0 0
1706669948.739999882 994.6111 2063.4004 10.4770 0 0 0 0
1706669949.150000047 994.6326 2063.0296 10.5036 0 0 0 0
1706669949.600000121 994.6777 2062.5159 10.4967 0 0 0 0
1706669950.069999835 994.7123 2062.0720 10.4992 0 0 0 0
1706669950.549999997 994.8057 2061.4387 10.5106 0 0 0 0
1706669950.860000076 994.8822 2060.9924 10.5404 0 0 0 0
1706669951.249999972 994.9501 2060.4797 10.5481 0 0 0 0
1706669951.579999691 994.9979 2060.1419 10.5374 0 0 0 0
1706669952.010000125 995.0691 2059.6498 10.5505 0 0 0 0
1706669952.339999843 995.1147 2059.2076 10.5628 0 0 0 0
1706669952.619999833 995.1513 2058.8101 10.5460 0 0 0 0
1706669952.920000092 995.1802 2058.4590 10.5663 0 0 0 0
1706669953.230000171 995.1956 2058.0934 10.5575 0 0 0 0
1706669953.599999798 995.2118 2057.7408 10.5872 0 0 0 0
1706669954.000000143 995.2381 2057.2536 10.5825 0 0 0 0
1706669954.289999953 995.2719 2056.7748 10.5857 0 0 0 0
1706669954.569999943 995.3036 2056.3793 10.6163 0 0 0 0
1706669954.840000113 995.3361 2056.0490 10.6192 0 0 0 0
1706669955.099999835 995.3884 2055.5588 10.6407 0 0 0 0
1706669955.430000182 995.3884 2055.5588 10.6407 0 0 0 0
1706669955.820000079 995.4431 2055.0003 10.6630 0 0 0 0
1706669956.179999886 995.4939 2054.5396 10.6704 0 0 0 0
1706669956.590000051 995.5273 2054.0857 10.6941 0 0 0 0
1706669956.930000219 995.5752 2053.5766 10.6728 0 0 0 0
1706669957.159999851 995.6168 2053.2120 10.6722 0 0 0 0
1706669957.369999844 995.6570 2052.7036 10.6786 0 0 0 0
1706669957.539999927 995.6570 2052.7036 10.6786 0 0 0 0
1706669957.780000009 995.7274 2052.2450 10.6673 0 0 0 0
1706669958.029999910 995.7274 2052.2450 10.6673 0 0 0 0
1706669958.339999989 995.7719 2051.9054 10.6842 0 0 0 0
1706669958.750000154 995.7648 2051.4686 10.6970 0 0 0 0
1706669959.219999867 995.8113 2050.9969 10.6854 0 0 0 0
1706669959.639999853 995.8384 2050.5110 10.7042 0 0 0 0
1706669960.010000109 995.8552 2050.0589 10.7366 0 0 0 0
1706669960.339999828 995.9194 2049.5476 10.7124 0 0 0 0
1706669960.659999726 995.9483 2049.1694 10.7144 0 0 0 0
1706669960.939999716 995.9748 2048.6386 10.7442 0 0 0 0
1706669961.499999696 996.0066 2048.1928 10.7328 0 0 0 0
1706669962.060000305 996.0354 2047.5739 10.7443 0 0 0 0
1706669962.670000014 996.1127 2046.8450 10.7332 0 0 0 0
1706669963.150000176 996.1510 2046.2775 10.7481 0 0 0 0
1706669963.619999890 996.1708 2045.7326 10.7382 0 0 0 0
1706669963.960000058 996.1949 2045.2551 10.7519 0 0 0 0
1706669964.230000228 996.2445 2044.7687 10.7693 0 0 0 0
1706669964.629999944 996.2865 2044.4019 10.7433 0 0 0 0
1706669964.949999843 996.3324 2043.9912 10.7654 0 0 0 0
1706669965.320000099 996.3464 2043.6680 10.7648 0 0 0 0
1706669965.609999909 996.3848 2043.1597 10.7597 0 0 0 0
1706669965.910000168 996.4342 2042.7982 10.7674 0 0 0 0
1706669966.199999978 996.4799 2042.4050 10.7685 0 0 0 0
1706669966.570000234 996.5128 2042.0732 10.7926 0 0 0 0
1706669966.850000224 996.5913 2041.6329 10.7735 0 0 0 0
1706669967.090000305 996.6297 2041.3970 10.7842 0 0 0 0
1706669967.370000295 996.6671 2041.0638 10.7894 0 0 0 0
1706669967.709999834 996.7100 2040.6788 10.7804 0 0 0 0
1706669968.110000179 996.7395 2040.3143 10.7736 0 0 0 0
1706669968.479999807 996.7349 2039.8472 10.7710 0 0 0 0
1706669968.829999794 996.7198 2039.3375 10.7819 0 0 0 0
1706669969.249999779 996.7401 2039.0111 10.7821 0 0 0 0
1706669969.699999853 996.7654 2038.4461 10.8077 0 0 0 0
1706669970.040000021 996.8278 2037.9546 10.7806 0 0 0 0
1706669970.369999739 996.8886 2037.6048 10.8045 0 0 0 0
1706669970.719999727 996.9236 2037.1470 10.8093 0 0 0 0
1706669970.989999897 996.9365 2036.7841 10.8092 0 0 0 0
1706669971.279999707 997.0016 2036.4196 10.7893 0 0 0 0
1706669971.619999874 997.0550 2035.9981 10.7993 0 0 0 0
1706669972.069999948 997.0886 2035.6245 10.8176 0 0 0 0
1706669972.599999839 997.1605 2035.0520 10.8181 0 0 0 0
1706669973.119999911 997.2532 2033.9688 10.8092 0 0 0 0
1706669973.490000167 997.2532 2033.9688 10.8092 0 0 0 0
1706669973.840000154 997.3330 2033.3509 10.8115 0 0 0 0
1706669974.120000144 997.3470 2032.9883 10.8285 0 0 0 0
1706669974.589999858 997.4045 2032.4799 10.7970 0 0 0 0
1706669974.950000294 997.4820 2032.0154 10.8206 0 0 0 0
1706669975.350000011 997.5154 2031.5254 10.8395 0 0 0 0
1706669975.730000087 997.5624 2031.0194 10.8243 0 0 0 0
1706669976.189999981 997.5788 2030.1853 10.8674 0 0 0 0
1706669976.570000057 997.5788 2030.1853 10.8674 0 0 0 0
1706669976.959999953 997.6449 2029.5667 10.8352 0 0 0 0
1706669977.430000296 997.6751 2029.0304 10.8322 0 0 0 0
1706669977.790000103 997.6866 2028.5132 10.8378 0 0 0 0
1706669978.140000091 997.7108 2028.0293 10.8634 0 0 0 0
1706669978.599999985 997.7097 2027.4745 10.9039 0 0 0 0
1706669979.080000147 997.7796 2026.9535 10.9284 0 0 0 0
1706669979.540000041 997.8356 2026.3809 10.9467 0 0 0 0
1706669979.920000117 997.8727 2025.8322 10.9118 0 0 0 0
1706669980.260000285 997.9310 2025.3119 10.8577 0 0 0 0
1706669980.510000186 997.9685 2024.7934 10.8700 0 0 0 0
1706669980.930000171 997.9993 2024.4589 10.9091 0 0 0 0
1706669981.229999801 998.0589 2024.1319 10.8754 0 0 0 0
1706669981.549999700 998.1322 2023.7417 10.8949 0 0 0 0
1706669982.040000311 998.1894 2023.1704 10.9077 0 0 0 0
1706669982.519999845 998.2452 2022.5246 10.9032 0 0 0 0
1706669982.969999919 998.1978 2021.9864 10.9005 0 0 0 0
1706669983.319999906 998.1972 2021.4261 10.8709 0 0 0 0
1706669983.749999711 998.2195 2021.0432 10.8924 0 0 0 0
1706669984.169999696 998.2131 2020.5824 10.8947 0 0 0 0
1706669984.710000036 998.2898 2019.9282 10.8687 0 0 0 0
1706669985.190000199 998.3676 2019.1360 10.8833 0 0 0 0
1706669985.559999826 998.4116 2018.6677 10.8682 0 0 0 0
1706669985.869999905 998.4783 2018.3051 10.8778 0 0 0 0
1706669986.229999713 998.5144 2017.7505 10.8641 0 0 0 0
1706669986.599999969 998.5546 2017.3566 10.8631 0 0 0 0
1706669986.900000228 998.6561 2016.8630 10.8682 0 0 0 0
1706669987.140000309 998.6936 2016.5032 10.8484 0 0 0 0
1706669987.350000301 998.7091 2016.3057 10.8792 0 0 0 0
1706669987.810000195 998.7658 2015.8118 10.8556 0 0 0 0
1706669988.130000094 998.8144 2015.4012 10.8785 0 0 0 0
1706669988.599999808 998.8317 2014.9000 10.8855 0 0 0 0
1706669988.939999975 998.8260 2014.3867 10.8586 0 0 0 0
1706669989.320000052 998.8356 2014.0189 10.8805 0 0 0 0
1706669989.709999948 998.8176 2013.5269 10.8694 0 0 0 0
1706669990.230000019 998.8588 2012.9829 10.8370 0 0 0 0
1706669990.710000182 998.9805 2012.2355 10.8439 0 0 0 0
1706669991.149999807 999.0576 2011.7375 10.8656 0 0 0 0
1706669991.599999880 999.1548 2011.1962 10.8673 0 0 0 0
1706669991.940000048 999.1933 2010.5478 10.8619 0 0 0 0
1706669992.269999767 999.2256 2010.1846 10.8361 0 0 0 0
1706669992.619999754 999.2889 2009.7115 10.8493 0 0 0 0
1706669993.050000188 999.3164 2009.1293 10.8594 0 0 0 0
1706669993.430000264 999.3723 2008.6198 10.8248 0 0 0 0
1706669993.869999889 999.4046 2008.0417 10.8611 0 0 0 0
1706669994.229999697 999.4254 2007.5721 10.8937 0 0 0 0
1706669994.599999953 999.4736 2007.1546 10.8760 0 0 0 0
1706669994.959999761 999.5155 2006.6732 10.8715 0 0 0 0
1706669995.220000111 999.5515 2006.2777 10.8729 0 0 0 0
1706669995.640000096 999.5949 2005.8908 10.8383 0 0 0 0
1706669996.079999721 999.6616 2005.4158 10.8560 0 0 0 0
1706669996.459999797 999.7119 2004.9174 10.8646 0 0 0 0
1706669996.879999782 999.7479 2004.4949 10.8427 0 0 0 0
1706669997.259999858 999.7396 2004.0073 10.8351 0 0 0 0
1706669997.700000112 999.7422 2003.5711 10.8231 0 0 0 0
1706669998.110000277 999.7772 2003.1708 10.8123 0 0 0 0
1706669998.559999722 999.8175 2002.8525 10.8072 0 0 0 0
1706669999.069999973 999.8465 2002.5503 10.7891 0 0 0 0
1706669999.559999956 999.7660 2002.5100 10.7895 0 0 0 0
1706669999.940000032 999.7217 2002.6709 10.7854 0 0 0 0
1706670000.320000108 999.8391 2002.8247 10.7315 0 0 0 0
1706670000.789999822 999.9535 2002.8947 10.6796 0 0 0 0
1706670000.840000180 999.9535 2002.8947 10.6796 0 0 0 0
1706670001.300000073 999.9411 2002.9852 10.4547 0 0 0 0
1706670001.729999878 999.9505 2002.9721 10.2319 0 0 0 0
1706670002.039999957 999.9414 2002.9251 10.1552 0 0 0 0
1706670002.420000033 999.9250 2002.8788 10.1518 0 0 0 0