1706673682.420000294 1000.0935 2002.5260 10.4870 0 0 0 0
1706673682.910000277 1000.1239 2002.6459 10.7245 0 0 0 0
1706673683.260000264 1000.0629 2002.7040 10.6952 0 0 0 0
1706673683.650000161 999.9878 2002.9104 10.7129 0 0 0 0
1706673684.049999877 999.9486 2003.1642 10.6850 0 0 0 0
1706673684.410000313 999.8720 2003.5787 10.6936 0 0 0 0
1706673684.859999758 999.8193 2004.0663 10.6622 0 0 0 0
1706673685.220000194 999.7459 2004.5753 10.6814 0 0 0 0
1706673685.680000088 999.6251 2005.0759 10.6972 0 0 0 0
1706673686.130000162 999.5540 2005.6073 10.6831 0 0 0 0
1706673686.469999701 999.5082 2006.4049 10.6603 0 0 0 0
1706673686.909999955 999.4464 2007.0515 10.6371 0 0 0 0
1706673687.250000122 999.5050 2007.5838 10.6319 0 0 0 0
1706673687.679999927 999.3959 2008.5471 10.6256 0 0 0 0
1706673687.899999740 999.3959 2008.5471 10.6256 0 0 0 0
1706673688.139999821 999.3143 2009.3333 10.6252 0 0 0 0
1706673688.440000080 999.2098 2009.8013 10.6070 0 0 0 0
1706673688.780000247 999.2098 2009.8013 10.6070 0 0 0 0
1706673689.109999966 999.1704 2010.4492 10.6203 0 0 0 0
1706673689.459999953 999.1212 2011.0757 10.6316 0 0 0 0
1706673689.840000030 999.0654 2011.5229 10.6082 0 0 0 0
1706673690.250000195 999.0415 2012.2028 10.5865 0 0 0 0
1706673690.680000000 998.9415 2012.8072 10.5841 0 0 0 0
1706673691.029999987 998.9259 2013.4031 10.5904 0 0 0 0
1706673691.400000243 998.8564 2014.0962 10.5930 0 0 0 0
1706673691.709999694 998.7860 2014.6996 10.6032 0 0 0 0
1706673692.040000041 998.7555 2015.1916 10.5513 0 0 0 0
1706673692.259999854 998.6768 2015.6818 10.5651 0 0 0 0
1706673692.760000285 998.6014 2016.2710 10.5876 0 0 0 0
1706673693.029999826 998.5691 2016.7562 10.5435 0 0 0 0
1706673693.339999905 998.5109 2017.2379 10.5501 0 0 0 0
1706673693.699999712 998.4673 2017.7125 10.5744 0 0 0 0
1706673694.039999880 998.4610 2018.4510 10.5503 0 0 0 0
1706673694.520000042 998.4238 2019.1570 10.5688 0 0 0 0
1706673694.879999850 998.4143 2019.5808 10.5207 0 0 0 0
1706673695.259999926 998.3390 2020.0139 10.5590 0 0 0 0
1706673695.779999997 998.2411 2020.8364 10.5227 0 0 0 0
1706673696.069999808 998.1707 2021.4283 10.5338 0 0 0 0
1706673696.419999795 998.0860 2021.8518 10.5096 0 0 0 0
1706673696.820000140 998.0488 2022.4246 10.4797 0 0 0 0
1706673697.189999768 997.9356 2023.1218 10.4751 0 0 0 0
1706673697.630000021 997.8885 2023.7238 10.4916 0 0 0 0
1706673698.169999733 997.7223 2025.0594 10.4876 0 0 0 0
1706673698.449999723 997.7223 2025.0594 10.4876 0 0 0 0
1706673698.859999888 997.6787 2025.6208 10.4285 0 0 0 0
1706673699.219999695 997.5710 2026.2557 10.4243 0 0 0 0
1706673699.699999858 997.5382 2026.8496 10.4258 0 0 0 0
1706673700.049999845 997.4286 2027.9452 10.4310 0 0 0 0
1706673700.460000010 997.3977 2028.6433 10.3969 0 0 0 0
1706673700.760000269 997.3977 2028.6433 10.3969 0 0 0 0
1706673701.430000155 997.2232 2030.2146 10.3894 0 0 0 0
1706673701.740000234 997.2232 2030.2146 10.3894 0 0 0 0
1706673702.120000310 997.1201 2030.8070 10.3687 0 0 0 0
1706673702.590000024 997.0928 2031.4708 10.3444 0 0 0 0
1706673702.940000012 996.9909 2032.0295 10.3537 0 0 0 0
1706673703.269999730 996.9197 2032.6873 10.3634 0 0 0 0
1706673703.560000169 996.8866 2033.1509 10.3525 0 0 0 0
1706673703.859999799 996.8272 2033.7869 10.3111 0 0 0 0
1706673704.209999787 996.8413 2034.3318 10.2847 0 0 0 0
1706673704.419999779 996.7966 2034.7976 10.3294 0 0 0 0
1706673704.829999944 996.7117 2035.2479 10.2849 0 0 0 0
1706673705.160000292 996.7129 2035.6964 10.3147 0 0 0 0
1706673705.499999830 996.7000 2036.1465 10.2987 0 0 0 0
1706673705.849999818 996.6644 2036.7141 10.2715 0 0 0 0
1706673706.259999983 996.6856 2037.3481 10.2511 0 0 0 0
1706673706.780000054 996.6364 2038.1831 10.2473 0 0 0 0
1706673707.150000311 996.6355 2038.8288 10.2245 0 0 0 0
1706673707.449999941 996.6068 2039.3152 10.2544 0 0 0 0
1706673707.760000019 996.5426 2039.8020 10.2113 0 0 0 0
1706673708.119999827 996.5175 2040.2509 10.2224 0 0 0 0
1706673708.450000174 996.4511 2040.8558 10.2290 0 0 0 0
1706673708.849999891 996.3548 2041.4554 10.2213 0 0 0 0
1706673709.139999701 996.3338 2041.9221 10.1727 0 0 0 0
1706673709.439999959 996.2614 2042.4548 10.2117 0 0 0 0
1706673709.759999858 996.1622 2042.9311 10.2080 0 0 0 0
1706673710.069999937 996.1260 2043.4196 10.1476 0 0 0 0
1706673710.310000018 996.0798 2043.9212 10.1760 0 0 0 0
1706673710.669999826 996.0072 2044.4080 10.1553 0 0 0 0
1706673710.949999816 995.9832 2044.8797 10.1222 0 0 0 0
1706673711.240000254 995.9338 2045.3398 10.1602 0 0 0 0
1706673711.469999887 995.8342 2045.8117 10.1170 0 0 0 0
1706673711.989999958 995.7952 2046.7596 10.1164 0 0 0 0
1706673712.320000306 995.7952 2046.7596 10.1164 0 0 0 0
1706673712.769999751 995.6570 2047.5574 10.1203 0 0 0 0
1706673713.070000010 995.5843 2048.2120 10.0926 0 0 0 0
1706673713.389999908 995.5188 2048.8519 10.0558 0 0 0 0
1706673713.660000078 995.5276 2049.3421 10.0443 0 0 0 0
1706673714.019999886 995.5017 2049.8403 10.0637 0 0 0 0
1706673714.420000231 995.4624 2050.3739 10.0473 0 0 0 0
1706673714.829999767 995.4393 2050.9403 10.0231 0 0 0 0
1706673715.260000201 995.3644 2051.4984 10.0311 0 0 0 0
1706673715.629999829 995.2486 2052.1684 10.0330 0 0 0 0
1706673716.089999722 995.1840 2052.7680 10.0115 0 0 0 0
1706673716.459999979 995.0424 2054.1002 9.9393 0 0 0 0
1706673716.830000235 995.0424 2054.1002 9.9393 0 0 0 0
1706673717.280000309 994.9751 2054.7574 9.9314 0 0 0 0
1706673717.689999845 994.8964 2055.6492 9.9954 0 0 0 0
1706673718.060000101 994.8142 2056.3789 9.9521 0 0 0 0
1706673718.400000269 994.7800 2056.8801 10.0216 0 0 0 0
1706673718.799999985 994.7646 2057.6171 10.0111 0 0 0 0
1706673719.250000059 994.6778 2058.3342 9.9635 0 0 0 0
1706673719.660000224 994.6307 2059.0045 9.9388 0 0 0 0
1706673720.010000211 994.5339 2059.5584 9.9428 0 0 0 0
1706673720.379999839 994.4651 2060.1747 9.9199 0 0 0 0
1706673720.769999735 994.3471 2060.7302 9.9240 0 0 0 0
1706673721.109999903 994.2697 2061.2373 9.9226 0 0 0 0
1706673721.410000161 994.2397 2061.8217 9.8641 0 0 0 0
1706673721.849999786 994.1589 2062.4619 9.8449 0 0 0 0
1706673722.240000311 994.1135 2063.0955 9.8295 0 0 0 0
1706673722.549999761 994.0497 2063.5337 9.8602 0 0 0 0
1706673722.859999840 993.9727 2063.9836 9.8056 0 0 0 0
1706673723.139999830 993.9156 2064.4455 9.8079 0 0 0 0
1706673723.529999726 993.8522 2065.1587 9.7874 0 0 0 0
1706673723.809999716 993.7886 2065.6353 9.7501 0 0 0 0
1706673724.130000244 993.7745 2066.0919 9.7404 0 0 0 0
1706673724.560000049 993.7265 2066.5322 9.7496 0 0 0 0
1706673724.830000219 993.6285 2067.1761 9.7269 0 0 0 0
1706673725.260000024 993.5975 2067.8124 9.6774 0 0 0 0
1706673725.640000100 993.5504 2068.3321 9.6589 0 0 0 0
1706673726.069999905 993.4866 2068.9380 9.6537 0 0 0 0
1706673726.480000070 993.3935 2069.4776 9.6587 0 0 0 0
1706673726.869999967 993.3084 2070.1149 9.6428 0 0 0 0
1706673727.100000228 993.2835 2070.6447 9.5805 0 0 0 0
1706673727.520000213 993.2294 2071.2285 9.5697 0 0 0 0
1706673727.789999754 993.1788 2071.7243 9.6060 0 0 0 0
1706673728.199999919 993.1433 2072.3047 9.5427 0 0 0 0
1706673728.680000082 993.0887 2072.9443 9.5095 0 0 0 0
1706673729.109999887 993.0651 2073.6248 9.4904 0 0 0 0
1706673729.629999958 993.0346 2074.4076 9.4784 0 0 0 0
1706673729.930000217 993.0136 2075.2055 9.4503 0 0 0 0
1706673730.350000202 992.9706 2075.9386 9.4273 0 0 0 0
1706673730.789999827 992.9188 2076.4360 9.4708 0 0 0 0
1706673731.139999814 992.8779 2077.0225 9.4504 0 0 0 0
1706673731.449999893 992.7427 2077.6380 9.4284 0 0 0 0
1706673731.839999789 992.6667 2078.2570 9.3798 0 0 0 0
1706673732.229999686 992.6185 2078.8948 9.3578 0 0 0 0
1706673732.730000117 992.5777 2079.5464 9.3364 0 0 0 0
1706673733.190000011 992.5147 2080.3407 9.3034 0 0 0 0
1706673733.560000267 992.4355 2080.9631 9.3187 0 0 0 0
1706673733.920000074 992.3735 2081.4083 9.3016 0 0 0 0
1706673734.349999879 992.2824 2082.0137 9.2699 0 0 0 0
1706673734.799999953 992.2381 2082.8796 9.2462 0 0 0 0
1706673735.159999761 992.1608 2083.6007 9.2035 0 0 0 0
1706673735.560000106 992.1137 2084.2978 9.1764 0 0 0 0
1706673735.940000182 992.0382 2084.7978 9.2141 0 0 0 0
1706673736.260000081 991.9475 2085.4758 9.2030 0 0 0 0
1706673736.559999711 991.9150 2085.8834 9.1369 0 0 0 0
1706673737.020000233 991.8205 2086.5234 9.1248 0 0 0 0
1706673737.389999861 991.7124 2087.1847 9.1072 0 0 0 0
1706673737.709999760 991.6357 2087.7514 9.1119 0 0 0 0
1706673737.979999930 991.5495 2088.2716 9.1150 0 0 0 0
1706673738.299999828 991.4896 2089.0497 9.0816 0 0 0 0
1706673738.579999818 991.4896 2089.0497 9.0816 0 0 0 0
1706673738.950000075 991.4295 2089.7768 9.0492 0 0 0 0
1706673739.260000153 991.4089 2090.2328 9.0179 0 0 0 0
1706673739.669999690 991.3991 2090.7588 9.0273 0 0 0 0
1706673740.049999766 991.3401 2091.3377 9.0070 0 0 0 0
1706673740.499999840 991.2444 2091.9722 8.9758 0 0 0 0
1706673740.919999825 991.1454 2092.7266 8.9598 0 0 0 0
1706673741.189999995 991.1523 2093.4554 8.9218 0 0 0 0
1706673741.399999987 991.1131 2094.1734 8.8932 0 0 0 0
1706673741.570000071 991.1131 2094.1734 8.8932 0 0 0 0
1706673741.950000147 991.0814 2094.6301 8.9283 0 0 0 0
1706673742.249999777 991.0451 2095.0739 8.8817 0 0 0 0
1706673742.650000122 990.9517 2095.6129 8.8571 0 0 0 0
1706673743.200000282 990.8787 2096.4927 8.8186 0 0 0 0
1706673743.649999727 990.7812 2097.3520 8.7945 0 0 0 0
1706673743.989999895 990.7418 2098.0494 8.7834 0 0 0 0
1706673744.339999883 990.6805 2098.6458 8.7907 0 0 0 0
1706673744.750000047 990.5937 2099.1407 8.8070 0 0 0 0
1706673745.020000217 990.5273 2099.7659 8.7557 0 0 0 0
1706673745.319999848 990.4248 2100.3282 8.7218 0 0 0 0
1706673745.769999921 990.3697 2100.9624 8.7292 0 0 0 0
1706673746.080000000 990.3131 2101.4300 8.7483 0 0 0 0
1706673746.420000168 990.2176 2101.9483 8.6813 0 0 0 0
1706673746.849999973 990.1801 2102.6460 8.6575 0 0 0 0
1706673747.279999778 990.1064 2103.3028 8.6581 0 0 0 0
1706673747.659999854 989.9299 2104.6592 8.6519 0 0 0 0
1706673748.009999841 989.9299 2104.6592 8.6519 0 0 0 0
1706673748.329999740 989.8764 2105.3258 8.6441 0 0 0 0
1706673748.690000176 989.8860 2105.7667 8.5853 0 0 0 0
1706673749.059999804 989.8562 2106.3852 8.5664 0 0 0 0
1706673749.579999875 989.7845 2107.5682 8.5675 0 0 0 0
1706673749.859999865 989.7845 2107.5682 8.5675 0 0 0 0
1706673750.220000301 989.7154 2108.2020 8.5394 0 0 0 0
1706673750.559999840 989.6871 2108.9085 8.5203 0 0 0 0
1706673750.939999917 989.6266 2109.5145 8.4742 0 0 0 0
1706673751.340000262 989.5955 2110.1348 8.4617 0 0 0 0
1706673751.709999889 989.5650 2110.6783 8.4882 0 0 0 0
1706673752.059999877 989.4913 2111.3934 8.4616 0 0 0 0
1706673752.509999950 989.4393 2112.0901 8.4220 0 0 0 0
1706673753.020000202 989.3062 2112.8959 8.3977 0 0 0 0
1706673753.349999920 989.2196 2113.7427 8.3988 0 0 0 0
1706673753.699999908 989.1143 2114.2545 8.3455 0 0 0 0
1706673753.919999721 989.0789 2114.7703 8.3396 0 0 0 0
1706673754.289999977 989.0261 2115.1896 8.3527 0 0 0 0
1706673754.789999779 988.9211 2115.7135 8.2972 0 0 0 0
1706673755.239999853 988.7600 2117.1892 8.2575 0 0 0 0
1706673755.530000292 988.7600 2117.1892 8.2575 0 0 0 0
1706673755.890000099 988.7277 2117.7070 8.2798 0 0 0 0
1706673756.160000269 988.6968 2118.3199 8.2740 0 0 0 0
1706673756.550000166 988.6214 2118.8891 8.2180 0 0 0 0
1706673756.830000156 988.5878 2119.3303 8.2129 0 0 0 0
1706673757.099999697 988.5273 2119.8296 8.2355 0 0 0 0
1706673757.350000227 988.4381 2120.3609 8.1836 0 0 0 0
1706673757.530000131 988.4281 2120.6336 8.2111 0 0 0 0
1706673757.730000303 988.4141 2121.0030 8.1415 0 0 0 0
1706673758.090000111 988.3949 2121.3888 8.1868 0 0 0 0
1706673758.309999923 988.3590 2121.9993 8.1549 0 0 0 0
1706673758.620000002 988.3599 2122.3528 8.1361 0 0 0 0
1706673759.060000256 988.3218 2123.0646 8.1327 0 0 0 0
1706673759.389999975 988.2758 2123.7312 8.1192 0 0 0 0
1706673759.730000142 988.2095 2124.5622 8.0941 0 0 0 0
1706673759.989999863 988.1329 2125.1410 8.0627 0 0 0 0
1706673760.290000122 988.1329 2125.1410 8.0627 0 0 0 0
1706673760.570000112 988.0959 2125.6318 8.0216 0 0 0 0
1706673761.009999737 988.0043 2126.2932 8.0210 0 0 0 0
1706673761.389999813 987.9347 2126.9457 8.0294 0 0 0 0
1706673761.799999978 987.8727 2127.5902 8.0152 0 0 0 0
1706673762.079999968 987.7276 2128.6736 7.9349 0 0 0 0
1706673762.390000047 987.7276 2128.6736 7.9349 0 0 0 0
1706673762.840000121 987.6221 2129.4097 7.9218 0 0 0 0
1706673763.279999746 987.4868 2130.2363 7.8836 0 0 0 0
1706673763.710000180 987.3559 2130.9549 7.8727 0 0 0 0
1706673764.079999807 987.3083 2131.6042 7.8783 0 0 0 0
1706673764.359999797 987.2632 2132.2607 7.8680 0 0 0 0
1706673764.550000150 987.2122 2132.6052 7.8162 0 0 0 0
1706673764.760000142 987.2044 2132.8618 7.8524 0 0 0 0
1706673764.989999775 987.1992 2133.2267 7.8008 0 0 0 0
1706673765.290000034 987.1587 2133.6920 7.8363 0 0 0 0
1706673765.590000292 987.0597 2134.5556 7.8053 0 0 0 0
1706673765.810000105 987.0597 2134.5556 7.8053 0 0 0 0
1706673766.209999821 987.0371 2135.0491 7.7472 0 0 0 0
1706673766.559999809 986.9557 2135.7368 7.7273 0 0 0 0
1706673766.939999885 986.9343 2136.3960 7.7144 0 0 0 0
1706673767.299999692 986.8744 2136.9475 7.7262 0 0 0 0
1706673767.739999946 986.8309 2137.6633 7.7174 0 0 0 0
1706673768.089999934 986.7819 2138.4241 7.6984 0 0 0 0
1706673768.400000012 986.7045 2139.0166 7.6725 0 0 0 0
1706673768.799999729 986.6995 2139.5273 7.6067 0 0 0 0
1706673769.230000162 986.6243 2140.2479 7.5849 0 0 0 0
1706673769.680000236 986.5894 2141.0206 7.5734 0 0 0 0
1706673770.049999864 986.4940 2141.6689 7.5817 0 0 0 0
1706673770.410000300 986.4891 2142.6344 7.5326 0 0 0 0
1706673770.770000108 986.4891 2142.6344 7.5326 0 0 0 0
1706673771.110000275 986.4347 2143.3049 7.5392 0 0 0 0
1706673771.479999903 986.3672 2143.9791 7.5734 0 0 0 0
1706673771.810000250 986.2522 2144.6369 7.5865 0 0 0 0
1706673772.209999966 986.1600 2145.0803 7.5750 0 0 0 0
1706673772.730000038 986.0899 2145.6161 7.5139 0 0 0 0
1706673773.240000289 985.9558 2146.4193 7.4907 0 0 0 0
1706673773.619999737 985.9100 2147.2368 7.4317 0 0 0 0
1706673774.069999810 985.7910 2148.0918 7.4106 0 0 0 0
1706673774.570000242 985.7221 2148.8189 7.3651 0 0 0 0
1706673775.130000222 985.5873 2149.8310 7.4006 0 0 0 0
1706673775.609999755 985.5528 2150.5629 7.3736 0 0 0 0
1706673775.910000014 985.5018 2151.1708 7.3634 0 0 0 0
1706673776.210000273 985.5029 2151.6151 7.2900 0 0 0 0
1706673776.549999812 985.4637 2152.0721 7.3085 0 0 0 0
1706673776.980000245 985.3711 2153.0710 7.2402 0 0 0 0
1706673777.289999695 985.3711 2153.0710 7.2402 0 0 0 0
1706673777.570000314 985.3471 2153.6564 7.2162 0 0 0 0
1706673777.799999947 985.3127 2154.1714 7.2613 0 0 0 0
1706673778.229999752 985.2617 2154.6730 7.2031 0 0 0 0
1706673778.630000097 985.1912 2155.1599 7.1885 0 0 0 0
1706673779.139999719 985.1070 2155.9664 7.1590 0 0 0 0
1706673779.549999884 985.0717 2156.7553 7.1310 0 0 0 0
1706673779.890000052 985.0050 2157.3426 7.1505 0 0 0 0
1706673780.340000126 984.9203 2158.0463 7.1220 0 0 0 0
1706673780.769999931 984.8115 2158.5338 7.1117 0 0 0 0
1706673781.110000098 984.7504 2159.2453 7.0778 0 0 0 0
1706673781.409999728 984.6929 2159.7684 7.0478 0 0 0 0
1706673781.630000169 984.6543 2160.4159 7.0481 0 0 0 0
1706673781.940000248 984.6509 2160.6367 7.0131 0 0 0 0
1706673782.160000061 984.6258 2161.2027 7.0297 0 0 0 0
1706673782.409999962 984.5706 2161.6265 7.0215 0 0 0 0
1706673782.670000312 984.5629 2162.1609 6.9713 0 0 0 0
1706673783.230000292 984.5401 2162.8016 6.9717 0 0 0 0
1706673783.630000008 984.4912 2163.4648 7.0035 0 0 0 0
1706673784.059999813 984.4702 2164.0097 6.9716 0 0 0 0
1706673784.430000070 984.3489 2164.8986 6.9525 0 0 0 0
1706673784.899999783 984.2529 2165.9370 6.8847 0 0 0 0
1706673785.260000220 984.2529 2165.9370 6.8847 0 0 0 0
1706673785.669999756 984.2200 2166.7333 6.8638 0 0 0 0
1706673786.130000278 984.1739 2167.3170 6.8961 0 0 0 0
1706673786.490000086 984.1018 2168.1328 6.8819 0 0 0 0
1706673786.989999888 984.0161 2168.7396 6.8676 0 0 0 0
1706673787.519999780 983.8570 2169.5383 6.8199 0 0 0 0
1706673787.929999945 983.7061 2170.4896 6.7550 0 0 0 0
1706673788.429999747 983.6866 2171.3478 6.7292 0 0 0 0
1706673788.909999910 983.5544 2172.1289 6.7030 0 0 0 0
1706673789.390000072 983.4654 2172.6686 6.7190 0 0 0 0
1706673789.759999700 983.3948 2173.3429 6.7031 0 0 0 0
1706673790.190000134 983.3240 2173.9816 6.6972 0 0 0 0
1706673790.589999850 983.2983 2175.2420 6.6237 0 0 0 0
1706673790.909999749 983.2983 2175.2420 6.6237 0 0 0 0
1706673791.340000182 983.2942 2175.8954 6.5860 0 0 0 0
1706673791.830000165 983.2559 2176.5715 6.5705 0 0 0 0
1706673792.210000241 983.1802 2177.5044 6.5434 0 0 0 0
1706673792.630000226 983.1461 2178.0484 6.5252 0 0 0 0
1706673793.050000211 983.0028 2178.6679 6.5571 0 0 0 0
1706673793.379999930 982.9028 2179.2912 6.5299 0 0 0 0
1706673793.640000280 982.7855 2179.8876 6.5149 0 0 0 0
1706673794.030000176 982.7345 2180.3536 6.4666 0 0 0 0
1706673794.340000255 982.6649 2180.7291 6.5029 0 0 0 0
1706673794.709999883 982.5434 2181.3560 6.4885 0 0 0 0
1706673794.989999873 982.4719 2181.9591 6.4272 0 0 0 0
1706673795.280000311 982.4557 2182.4351 6.4398 0 0 0 0
1706673795.799999754 982.4725 2183.2935 6.4441 0 0 0 0
1706673796.359999734 982.4320 2184.1973 6.5004 0 0 0 0
1706673796.769999899 982.4374 2184.8947 6.4623 0 0 0 0
1706673797.079999978 982.3690 2185.5533 6.4528 0 0 0 0
1706673797.460000054 982.2923 2185.9803 6.4066 0 0 0 0
1706673797.779999953 982.2659 2186.4116 6.4393 0 0 0 0
1706673798.129999940 982.1702 2187.0724 6.4433 0 0 0 0
1706673798.430000199 982.1179 2187.4803 6.4091 0 0 0 0
1706673798.790000007 982.0594 2188.2462 6.3859 0 0 0 0
1706673799.149999814 982.0257 2188.5933 6.4038 0 0 0 0
1706673799.539999710 981.9707 2189.2871 6.3818 0 0 0 0
1706673799.900000147 981.9245 2189.6643 6.3452 0 0 0 0
1706673800.189999957 981.7374 2190.2380 6.3107 0 0 0 0
1706673800.430000038 981.6769 2190.6941 6.3314 0 0 0 0
1706673800.880000112 981.5656 2191.5125 6.2985 0 0 0 0
1706673801.109999744 981.5656 2191.5125 6.2985 0 0 0 0
1706673801.480000000 981.4571 2192.5780 6.2444 0 0 0 0
1706673801.699999813 981.4571 2192.5780 6.2444 0 0 0 0
1706673802.039999980 981.3871 2193.0494 6.2313 0 0 0 0
1706673802.420000057 981.3636 2193.4828 6.2691 0 0 0 0
1706673802.809999953 981.3410 2194.2669 6.2480 0 0 0 0
1706673803.350000293 981.3006 2194.8820 6.2302 0 0 0 0
1706673803.659999743 981.2622 2195.6325 6.1958 0 0 0 0
1706673804.109999817 981.1732 2196.2289 6.1445 0 0 0 0
1706673804.610000248 981.0311 2197.5398 6.1022 0 0 0 0
1706673804.930000147 980.9805 2197.9817 6.1443 0 0 0 0
1706673805.320000043 980.9805 2197.9817 6.1443 0 0 0 0
1706673805.709999939 980.8838 2198.9975 6.0799 0 0 0 0
1706673806.220000191 980.8659 2199.8523 6.0512 0 0 0 0
1706673806.740000262 980.7917 2200.5779 6.0498 0 0 0 0
1706673807.100000069 980.7251 2201.1443 6.0516 0 0 0 0
1706673807.349999971 980.7111 2201.7998 6.0448 0 0 0 0
1706673807.690000138 980.6738 2202.2924 6.0005 0 0 0 0
1706673807.970000128 980.6682 2202.7160 5.9953 0 0 0 0
1706673808.350000205 980.6399 2203.1994 6.0162 0 0 0 0
1706673808.619999746 980.5707 2203.6766 5.9543 0 0 0 0
1706673808.959999913 980.5142 2204.3717 5.9217 0 0 0 0
1706673809.199999995 980.4769 2204.6204 5.9562 0 0 0 0
1706673809.599999711 980.3759 2205.1349 5.9121 0 0 0 0
1706673809.930000058 980.3202 2205.8709 5.8898 0 0 0 0
1706673810.249999957 980.3081 2206.4268 5.9117 0 0 0 0
1706673810.609999765 980.2814 2206.9363 5.8767 0 0 0 0
1706673810.980000021 980.2947 2207.5583 5.8246 0 0 0 0
1706673811.280000280 980.2488 2208.2409 5.8222 0 0 0 0
1706673811.630000267 980.1806 2208.7341 5.8492 0 0 0 0
1706673812.029999983 980.1655 2209.2257 5.7890 0 0 0 0
1706673812.370000151 980.0987 2209.9920 5.7852 0 0 0 0
1706673812.820000225 980.0361 2210.6161 5.7457 0 0 0 0
1706673813.299999759 979.9174 2211.3106 5.7326 0 0 0 0
1706673813.749999832 979.8179 2212.1048 5.6951 0 0 0 0
1706673814.120000089 979.7300 2212.7738 5.6962 0 0 0 0
1706673814.549999894 979.6575 2213.3201 5.7029 0 0 0 0
1706673814.899999881 979.5779 2213.9174 5.6891 0 0 0 0
1706673815.230000229 979.4574 2214.6286 5.6683 0 0 0 0
1706673815.529999859 979.4250 2215.1276 5.6165 0 0 0 0
1706673815.930000204 979.4036 2215.6238 5.6401 0 0 0 0
1706673816.250000102 979.2936 2216.2761 5.6293 0 0 0 0
1706673816.679999908 979.2196 2217.0621 5.5989 0 0 0 0
1706673817.029999895 979.1364 2217.5296 5.5722 0 0 0 0
1706673817.389999703 979.0961 2217.9304 5.5576 0 0 0 0
1706673817.809999688 979.0462 2218.6102 5.5423 0 0 0 0
1706673818.270000210 978.9744 2219.2416 5.5487 0 0 0 0
1706673818.720000284 978.8754 2220.5571 5.4879 0 0 0 0
1706673819.089999911 978.8754 2220.5571 5.4879 0 0 0 0
1706673819.439999899 978.8738 2221.6849 5.4541 0 0 0 0
1706673819.710000069 978.8174 2222.1638 5.4606 0 0 0 0
1706673819.939999701 978.8174 2222.1638 5.4606 0 0 0 0
1706673820.300000138 978.8086 2222.5644 5.4030 0 0 0 0
1706673820.699999854 978.7149 2223.1998 5.4030 0 0 0 0
1706673821.049999841 978.5906 2223.8456 5.4121 0 0 0 0
1706673821.310000191 978.5447 2224.3559 5.3672 0 0 0 0
1706673821.620000270 978.4573 2224.8828 5.3394 0 0 0 0
1706673821.859999723 978.3919 2225.3721 5.3742 0 0 0 0
1706673822.120000073 978.3714 2225.6567 5.3051 0 0 0 0
1706673822.439999972 978.3059 2226.1898 5.3282 0 0 0 0
1706673822.780000139 978.2274 2226.6467 5.2889 0 0 0 0
1706673823.050000309 978.1747 2227.3310 5.2547 0 0 0 0
1706673823.400000297 978.1138 2227.7698 5.2767 0 0 0 0
1706673823.639999749 978.0397 2228.2987 5.2700 0 0 0 0
1706673824.040000094 978.0311 2228.7422 5.2116 0 0 0 0
1706673824.350000173 977.9932 2229.2559 5.2405 0 0 0 0
1706673824.609999894 977.9263 2229.7271 5.2075 0 0 0 0
1706673824.840000155 977.8949 2230.2464 5.1821 0 0 0 0
1706673825.099999877 977.8602 2230.5184 5.2037 0 0 0 0
1706673825.419999775 977.7846 2230.9665 5.1564 0 0 0 0
1706673825.750000123 977.7530 2231.5128 5.1781 0 0 0 0
1706673826.049999753 977.7324 2231.9408 5.1269 0 0 0 0
1706673826.359999832 977.6883 2232.4430 5.1202 0 0 0 0
1706673826.889999723 977.6965 2233.1876 5.0904 0 0 0 0
1706673827.239999711 977.6450 2233.8110 5.0902 0 0 0 0
1706673827.589999698 977.6021 2234.4369 5.0973 0 0 0 0
1706673827.920000046 977.5869 2234.9531 5.0557 0 0 0 0
1706673828.209999856 977.5243 2235.4294 5.0282 0 0 0 0
1706673828.510000114 977.4867 2235.8864 5.0640 0 0 0 0
1706673828.860000102 977.4546 2236.3459 4.9962 0 0 0 0
1706673829.219999909 977.3771 2236.8208 5.0055 0 0 0 0
1706673829.560000077 977.2896 2237.4662 5.0060 0 0 0 0
1706673829.819999798 977.2464 2237.9265 4.9649 0 0 0 0
1706673830.080000148 977.1564 2238.4134 4.9485 0 0 0 0
1706673830.390000227 977.0944 2238.9390 4.9687 0 0 0 0
1706673830.840000301 977.0693 2239.4134 4.9237 0 0 0 0
1706673831.230000197 976.9760 2240.0716 4.8950 0 0 0 0
1706673831.520000007 976.9296 2240.7068 4.8718 0 0 0 0
1706673831.799999997 976.8539 2241.1783 4.9088 0 0 0 0
1706673832.070000167 976.7635 2241.7225 4.8648 0 0 0 0
1706673832.479999703 976.7417 2242.3604 4.8222 0 0 0 0
1706673832.829999691 976.6708 2242.8280 4.8368 0 0 0 0
1706673833.129999950 976.6073 2243.2725 4.8363 0 0 0 0
1706673833.390000300 976.6125 2243.7165 4.7781 0 0 0 0
1706673833.640000201 976.5921 2244.1961 4.8059 0 0 0 0
1706673834.039999917 976.5543 2244.6777 4.7824 0 0 0 0
1706673834.359999816 976.5435 2245.1644 4.7464 0 0 0 0
1706673834.650000255 976.5146 2245.6826 4.7766 0 0 0 0
1706673834.919999796 976.4498 2246.1670 4.7269 0 0 0 0
1706673835.199999786 976.4223 2246.5943 4.7331 0 0 0 0
1706673835.560000222 976.3644 2247.0410 4.7290 0 0 0 0
1706673835.990000027 976.2446 2247.5301 4.6771 0 0 0 0
1706673836.400000192 976.1208 2248.3021 4.6525 0 0 0 0
1706673836.809999729 976.0539 2248.9191 4.6458 0 0 0 0
1706673837.219999894 976.0170 2249.5366 4.6544 0 0 0 0
1706673837.550000241 975.9804 2250.1728 4.6476 0 0 0 0
1706673837.849999871 975.9324 2250.6511 4.5911 0 0 0 0
1706673838.190000039 975.9200 2251.1106 4.5973 0 0 0 0
1706673838.560000295 975.8989 2251.6404 4.6078 0 0 0 0
1706673838.920000102 975.8544 2252.5854 4.5742 0 0 0 0
1706673839.200000092 975.8405 2252.9994 4.5601 0 0 0 0
1706673839.510000171 975.8405 2252.9994 4.5601 0 0 0 0
1706673839.820000250 975.7909 2253.5470 4.5227 0 0 0 0
1706673840.329999872 975.7852 2254.0960 4.4796 0 0 0 0
1706673840.870000212 975.6515 2254.8838 4.4679 0 0 0 0
1706673841.279999749 975.5716 2255.5463 4.4485 0 0 0 0
1706673841.659999825 975.4031 2256.0928 4.4604 0 0 0 0
1706673841.969999904 975.3144 2256.4500 4.4693 0 0 0 0
1706673842.359999800 975.2725 2256.9589 4.4187 0 0 0 0
1706673842.730000056 975.1891 2257.7337 4.4098 0 0 0 0
1706673842.979999958 975.1891 2257.7337 4.4098 0 0 0 0
1706673843.350000214 975.1516 2258.3279 4.3596 0 0 0 0
1706673843.840000196 975.0947 2258.8811 4.3578 0 0 0 0
1706673844.209999824 975.0213 2259.4784 4.3767 0 0 0 0
1706673844.650000078 974.9979 2260.1165 4.3573 0 0 0 0
1706673845.060000243 974.9576 2260.8051 4.3296 0 0 0 0
1706673845.569999865 974.9569 2261.4248 4.3010 0 0 0 0
1706673845.989999850 974.8975 2261.9246 4.2792 0 0 0 0
1706673846.460000193 974.8783 2262.3059 4.2519 0 0 0 0
1706673846.990000084 974.7496 2262.6822 4.2464 0 0 0 0
1706673847.489999887 974.7417 2262.8319 4.2500 0 0 0 0
1706673847.779999697 974.8285 2262.8344 4.2513 0 0 0 0
1706673848.079999955 974.8943 2262.7245 4.2681 0 0 0 0
1706673848.359999945 974.9424 2262.5170 4.2531 0 0 0 0
1706673848.560000118 974.9794 2262.3348 4.2652 0 0 0 0
1706673848.819999839 975.0039 2262.1584 4.2750 0 0 0 0
1706673849.110000278 975.0009 2261.7776 4.2816 0 0 0 0
1706673849.430000177 974.9617 2261.3634 4.3008 0 0 0 0
1706673849.899999890 974.9175 2260.8632 4.3384 0 0 0 0
1706673850.389999873 974.9525 2260.3643 4.3351 0 0 0 0
1706673850.820000307 974.9551 2259.8635 4.3194 0 0 0 0
1706673851.150000026 974.9544 2259.2279 4.3431 0 0 0 0
1706673851.329999929 975.0273 2258.7800 4.3932 0 0 0 0
1706673851.530000102 975.0578 2258.5422 4.3859 0 0 0 0
1706673851.789999823 975.1124 2257.9007 4.4039 0 0 0 0
1706673852.029999904 975.1124 2257.9007 4.4039 0 0 0 0
1706673852.379999892 975.1861 2257.4516 4.3880 0 0 0 0
1706673852.710000239 975.2565 2256.9250 4.3915 0 0 0 0
1706673853.039999958 975.3004 2256.4511 4.4474 0 0 0 0
1706673853.429999854 975.3687 2255.9633 4.4289 0 0 0 0
1706673853.770000022 975.4337 2255.3687 4.4510 0 0 0 0
1706673854.099999741 975.4428 2254.9033 4.5081 0 0 0 0
1706673854.530000174 975.5136 2254.2658 4.5214 0 0 0 0
1706673854.829999804 975.5884 2253.5762 4.5745 0 0 0 0
1706673855.200000061 975.6238 2253.1489 4.5847 0 0 0 0
1706673855.499999691 975.6870 2252.6955 4.6521 0 0 0 0
1706673855.799999950 975.7293 2252.1894 4.6261 0 0 0 0
1706673856.119999848 975.7628 2251.7482 4.6495 0 0 0 0
1706673856.530000013 975.8224 2251.2825 4.6885 0 0 0 0
1706673857.029999816 975.8851 2250.5516 4.7205 0 0 0 0
1706673857.379999803 975.9834 2249.5374 4.7544 0 0 0 0
1706673857.659999793 975.9834 2249.5374 4.7544 0 0 0 0
1706673857.999999961 976.0213 2249.1218 4.7583 0 0 0 0
1706673858.349999948 976.0904 2248.4825 4.7539 0 0 0 0
1706673858.650000207 976.0778 2247.9182 4.7978 0 0 0 0
1706673859.019999835 976.0578 2247.5561 4.8229 0 0 0 0
1706673859.420000180 976.0537 2246.9467 4.8343 0 0 0 0
1706673859.770000167 976.0769 2246.3597 4.8321 0 0 0 0
1706673860.249999701 976.1651 2245.6378 4.8663 0 0 0 0
1706673860.720000044 976.2061 2245.0887 4.8610 0 0 0 0
1706673861.079999851 976.2503 2244.5258 4.8858 0 0 0 0
1706673861.480000196 976.4296 2243.6817 4.8942 0 0 0 0
1706673861.790000275 976.4296 2243.6817 4.8942 0 0 0 0
1706673862.089999905 976.5844 2242.7611 4.9164 0 0 0 0
1706673862.309999717 976.5844 2242.7611 4.9164 0 0 0 0
1706673862.829999789 976.6738 2242.3256 4.9415 0 0 0 0
1706673863.309999951 976.7827 2241.5784 4.9504 0 0 0 0
1706673863.720000116 976.9203 2240.7863 4.9757 0 0 0 0
1706673864.149999921 976.9920 2240.1847 5.0064 0 0 0 0
1706673864.550000266 977.0635 2239.4343 5.0303 0 0 0 0
1706673865.069999709 977.0732 2238.7734 5.0361 0 0 0 0
1706673865.519999783 977.1462 2238.1848 5.0464 0 0 0 0
1706673865.990000125 977.1929 2237.4961 5.0531 0 0 0 0
1706673866.389999841 977.2901 2236.7752 5.0691 0 0 0 0
1706673866.790000186 977.3424 2236.1899 5.0630 0 0 0 0
1706673867.199999723 977.4098 2235.6436 5.0844 0 0 0 0
1706673867.609999888 977.5054 2235.0404 5.1343 0 0 0 0
1706673867.950000055 977.5402 2234.5258 5.1429 0 0 0 0
1706673868.169999868 977.5754 2234.1017 5.1099 0 0 0 0
1706673868.449999858 977.6275 2233.7128 5.1615 0 0 0 0
1706673868.899999931 977.6713 2233.3301 5.1362 0 0 0 0
1706673869.249999919 977.7165 2232.6637 5.1435 0 0 0 0
1706673869.690000173 977.7524 2232.0644 5.1870 0 0 0 0
1706673870.059999800 977.7769 2231.4709 5.2026 0 0 0 0
1706673870.479999785 977.8222 2231.0165 5.1775 0 0 0 0
1706673870.940000308 977.8517 2230.2913 5.1993 0 0 0 0
1706673871.379999933 977.8550 2229.7790 5.2205 0 0 0 0
1706673871.780000278 977.9541 2229.0916 5.2385 0 0 0 0
1706673872.030000179 978.0098 2228.4869 5.2718 0 0 0 0
1706673872.399999807 978.0686 2228.0107 5.2907 0 0 0 0
1706673872.749999794 978.0813 2227.5827 5.2734 0 0 0 0
1706673873.080000142 978.1075 2227.1220 5.3259 0 0 0 0
1706673873.309999774 978.1992 2226.5405 5.3261 0 0 0 0
1706673873.649999942 978.2412 2226.1482 5.3136 0 0 0 0
1706673874.039999838 978.2846 2225.6994 5.3685 0 0 0 0
1706673874.440000183 978.3444 2225.2736 5.3423 0 0 0 0
1706673874.779999722 978.3827 2224.7213 5.3560 0 0 0 0
1706673875.100000249 978.3863 2224.0695 5.3975 0 0 0 0
1706673875.530000054 978.4831 2223.4942 5.4178 0 0 0 0
1706673876.090000034 978.5284 2222.8803 5.4101 0 0 0 0
1706673876.440000022 978.6106 2222.1700 5.4350 0 0 0 0
1706673876.920000184 978.6891 2221.5328 5.4281 0 0 0 0
1706673877.340000169 978.8357 2220.8874 5.4593 0 0 0 0
1706673877.760000154 978.9493 2220.3097 5.5148 0 0 0 0
1706673878.119999962 979.0425 2219.6974 5.5339 0 0 0 0
1706673878.490000218 979.1422 2219.1069 5.5293 0 0 0 0
1706673878.959999932 979.1384 2218.4783 5.5103 0 0 0 0
1706673879.370000097 979.1817 2217.2293 5.5824 0 0 0 0
1706673879.739999725 979.1817 2217.2293 5.5824 0 0 0 0
1706673880.119999801 979.2399 2216.6323 5.6200 0 0 0 0
1706673880.520000146 979.3704 2216.0658 5.6242 0 0 0 0
1706673880.900000222 979.4541 2215.4099 5.6059 0 0 0 0
1706673881.250000210 979.5233 2214.7610 5.6171 0 0 0 0
1706673881.579999928 979.5602 2214.3176 5.6738 0 0 0 0
1706673881.899999827 979.5547 2213.7040 5.6832 0 0 0 0
1706673882.289999723 979.6080 2213.2800 5.6574 0 0 0 0
1706673882.659999980 979.6621 2212.6810 5.6802 0 0 0 0
1706673883.049999876 979.6848 2211.9985 5.7213 0 0 0 0
1706673883.460000041 979.7779 2211.2305 5.7525 0 0 0 0
1706673883.789999760 979.7978 2210.8082 5.7440 0 0 0 0
1706673884.180000285 979.8709 2210.3546 5.7401 0 0 0 0
1706673884.540000092 979.9820 2209.7037 5.7653 0 0 0 0
1706673884.950000257 980.0258 2209.1300 5.8100 0 0 0 0
1706673885.310000065 980.0879 2208.6239 5.8069 0 0 0 0
1706673885.650000232 980.0963 2208.0058 5.7957 0 0 0 0
1706673885.909999954 980.1233 2207.3921 5.8358 0 0 0 0
1706673886.660000286 980.2216 2206.6304 5.8440 0 0 0 0
1706673887.199999997 980.3323 2205.8197 5.8633 0 0 0 0
1706673887.599999714 980.4371 2205.1846 5.8898 0 0 0 0
1706673888.009999879 980.5673 2204.0768 5.9481 0 0 0 0
1706673888.310000137 980.5673 2204.0768 5.9481 0 0 0 0
1706673888.679999765 980.6178 2203.4875 5.9236 0 0 0 0
1706673889.330000011 980.6810 2202.5629 5.9716 0 0 0 0
1706673889.959999989 980.6892 2201.8082 5.9877 0 0 0 0
1706673890.279999888 980.7667 2200.8800 6.0348 0 0 0 0
1706673890.569999698 980.8039 2200.3209 6.0122 0 0 0 0
1706673890.839999868 980.8030 2199.8597 6.0447 0 0 0 0
1706673891.180000035 980.8481 2199.6376 6.0306 0 0 0 0
1706673891.600000020 980.8954 2198.9910 6.0541 0 0 0 0
1706673891.970000276 980.9126 2198.4154 6.1030 0 0 0 0
1706673892.439999990 981.0026 2197.7003 6.1260 0 0 0 0
1706673892.869999795 981.0456 2197.1434 6.1028 0 0 0 0
1706673893.240000051 981.1478 2196.4491 6.1207 0 0 0 0
1706673893.669999857 981.2092 2195.7148 6.1339 0 0 0 0
1706673894.089999842 981.3272 2195.0709 6.1599 0 0 0 0
1706673894.380000280 981.4428 2194.5615 6.1886 0 0 0 0
1706673894.670000090 981.4723 2194.2236 6.1893 0 0 0 0
1706673894.929999812 981.5245 2193.7527 6.2035 0 0 0 0
1706673895.379999885 981.6102 2193.0964 6.2522 0 0 0 0
1706673895.769999782 981.6321 2192.6684 6.2276 0 0 0 0
1706673896.219999855 981.7520 2191.9041 6.2650 0 0 0 0
1706673896.669999929 981.8246 2191.1850 6.2796 0 0 0 0
1706673897.329999995 981.8561 2190.4044 6.3099 0 0 0 0
1706673897.789999889 981.8435 2189.6111 6.3258 0 0 0 0
1706673898.239999963 981.8638 2188.8102 6.3532 0 0 0 0
1706673898.710000305 981.9211 2188.0855 6.3671 0 0 0 0
1706673899.259999837 982.0348 2187.3061 6.4057 0 0 0 0
1706673899.849999906 982.0922 2186.5858 6.4133 0 0 0 0
1706673900.239999802 982.2275 2185.7189 6.4633 0 0 0 0
1706673900.659999787 982.2797 2185.1613 6.4272 0 0 0 0
1706673901.079999772 982.3212 2184.4409 6.4434 0 0 0 0
1706673901.440000208 982.3988 2183.6916 6.4649 0 0 0 0
1706673901.900000102 982.4936 2183.0548 6.5153 0 0 0 0
1706673902.280000178 982.6132 2182.4775 6.5564 0 0 0 0
1706673902.749999892 982.6698 2181.2603 6.5474 0 0 0 0
1706673903.139999788 982.6698 2181.2603 6.5474 0 0 0 0
1706673903.589999862 982.6970 2180.6321 6.5526 0 0 0 0
1706673904.189999751 982.8272 2179.6457 6.6117 0 0 0 0
1706673904.639999825 982.8701 2178.8885 6.6097 0 0 0 0
1706673905.029999721 982.9444 2178.2775 6.6250 0 0 0 0
1706673905.570000061 983.0610 2177.0086 6.6995 0 0 0 0
1706673905.910000228 983.1614 2176.2539 6.7348 0 0 0 0
1706673906.260000216 983.1614 2176.2539 6.7348 0 0 0 0
1706673906.799999927 983.1673 2175.4361 6.7340 0 0 0 0
1706673907.119999826 983.1779 2174.8344 6.7734 0 0 0 0
1706673907.359999907 983.1558 2174.3996 6.7296 0 0 0 0
1706673907.639999897 983.1496 2174.0321 6.7808 0 0 0 0
1706673907.910000067 983.2135 2173.4660 6.7600 0 0 0 0
1706673908.180000237 983.2731 2173.0585 6.7877 0 0 0 0
1706673908.549999865 983.3104 2172.5452 6.8166 0 0 0 0
1706673908.840000303 983.3844 2172.0450 6.8021 0 0 0 0
1706673909.149999754 983.4444 2171.6862 6.8569 0 0 0 0
1706673909.569999739 983.5003 2171.0815 6.8738 0 0 0 0
1706673909.949999815 983.5938 2170.4774 6.8720 0 0 0 0
1706673910.280000162 983.6616 2169.8533 6.8620 0 0 0 0
1706673910.619999701 983.6991 2169.2139 6.8848 0 0 0 0
1706673910.980000137 983.7846 2168.7154 6.9442 0 0 0 0
1706673911.440000031 983.8402 2168.0996 6.9316 0 0 0 0
1706673911.880000285 983.9758 2167.4682 6.9346 0 0 0 0
1706673912.370000267 984.0745 2166.6345 6.9535 0 0 0 0
1706673912.660000077 984.1538 2166.2340 6.9920 0 0 0 0
1706673913.000000245 984.2803 2165.5536 7.0315 0 0 0 0
1706673913.299999875 984.3258 2165.1731 6.9860 0 0 0 0
1706673913.649999863 984.3606 2164.6903 7.0204 0 0 0 0
1706673913.959999941 984.3960 2164.0793 7.0686 0 0 0 0
1706673914.400000195 984.3748 2163.4610 7.0581 0 0 0 0
1706673914.739999734 984.3961 2162.9375 7.0469 0 0 0 0
1706673915.210000076 984.4224 2162.3685 7.0851 0 0 0 0
1706673915.599999973 984.4485 2161.6512 7.1245 0 0 0 0
1706673915.949999960 984.5384 2161.0350 7.1495 0 0 0 0
1706673916.369999945 984.5932 2160.4334 7.1268 0 0 0 0
1706673916.810000199 984.6955 2159.9352 7.1510 0 0 0 0
1706673917.319999821 984.7823 2159.1155 7.1716 0 0 0 0
1706673917.729999986 984.8029 2158.3497 7.1904 0 0 0 0
1706673918.219999969 984.8946 2157.6319 7.2106 0 0 0 0
1706673918.560000136 984.9558 2156.8518 7.2277 0 0 0 0
1706673918.779999949 985.0332 2156.3629 7.2869 0 0 0 0
1706673919.209999754 985.0588 2156.0903 7.2428 0 0 0 0
1706673919.580000010 985.1666 2155.3888 7.2766 0 0 0 0
1706673919.950000267 985.2461 2154.7899 7.3352 0 0 0 0
1706673920.469999709 985.2413 2154.1414 7.3304 0 0 0 0
1706673920.930000232 985.3117 2153.4431 7.3532 0 0 0 0
1706673921.329999948 985.3620 2152.8078 7.3612 0 0 0 0
1706673921.789999842 985.4438 2152.2318 7.3578 0 0 0 0
1706673922.290000273 985.5083 2151.4581 7.3797 0 0 0 0
1706673922.739999718 985.5717 2150.8006 7.4048 0 0 0 0
1706673923.329999787 985.6922 2150.0554 7.4283 0 0 0 0
1706673923.779999861 985.7840 2149.1228 7.4452 0 0 0 0
1706673924.269999843 985.8310 2148.4200 7.4582 0 0 0 0
1706673924.750000006 985.9268 2147.8013 7.4814 0 0 0 0
1706673925.289999717 986.0305 2146.9393 7.4986 0 0 0 0
1706673925.669999793 986.1115 2146.1718 7.5291 0 0 0 0
1706673926.140000136 986.1176 2145.5410 7.5481 0 0 0 0
1706673926.509999763 986.1851 2145.0102 7.6079 0 0 0 0
1706673927.090000012 986.2910 2144.3331 7.6303 0 0 0 0
1706673927.500000177 986.3290 2143.5147 7.6389 0 0 0 0
1706673927.960000071 986.4007 2143.0756 7.6339 0 0 0 0
1706673928.329999698 986.4204 2142.3689 7.6436 0 0 0 0
1706673928.650000226 986.4870 2141.6628 7.6584 0 0 0 0
1706673929.080000031 986.5400 2140.6753 7.7123 0 0 0 0
1706673929.430000018 986.5400 2140.6753 7.7123 0 0 0 0
1706673929.929999821 986.6069 2140.0718 7.7155 0 0 0 0
1706673930.349999806 986.6364 2139.3809 7.7208 0 0 0 0
1706673930.750000151 986.7314 2138.6878 7.7347 0 0 0 0
1706673931.089999690 986.7956 2138.1046 7.7464 0 0 0 0
1706673931.480000215 986.8073 2137.6102 7.8032 0 0 0 0
1706673931.709999847 986.8814 2137.1013 7.7955 0 0 0 0
1706673932.099999744 986.9426 2136.5643 7.7923 0 0 0 0
1706673932.589999726 986.9614 2135.9309 7.8287 0 0 0 0
1706673932.999999891 987.1059 2134.9366 7.8331 0 0 0 0
1706673933.300000150 987.1059 2134.9366 7.8331 0 0 0 0
1706673933.869999950 987.2182 2134.1200 7.8707 0 0 0 0
1706673934.289999935 987.3137 2133.4600 7.8807 0 0 0 0
1706673934.700000100 987.3430 2132.8860 7.9150 0 0 0 0
1706673935.050000087 987.3895 2132.3000 7.9691 0 0 0 0
1706673935.430000164 987.4182 2131.8385 7.9555 0 0 0 0
1706673935.899999877 987.4700 2130.6437 7.9726 0 0 0 0
1706673936.349999951 987.4700 2130.6437 7.9726 0 0 0 0
1706673936.830000114 987.5550 2129.9078 7.9960 0 0 0 0
1706673937.199999741 987.6355 2129.1347 8.0087 0 0 0 0
1706673937.539999909 987.6779 2128.5222 8.0505 0 0 0 0
1706673937.889999896 987.7236 2127.5617 8.0476 0 0 0 0
1706673938.300000061 987.7236 2127.5617 8.0476 0 0 0 0
1706673938.750000135 987.8297 2126.8028 8.0722 0 0 0 0
1706673939.090000303 987.9329 2126.2118 8.1225 0 0 0 0
1706673939.440000290 987.9896 2125.7177 8.1149 0 0 0 0
1706673939.860000275 988.1214 2124.9965 8.1542 0 0 0 0
1706673940.339999809 988.1986 2124.4604 8.1305 0 0 0 0
1706673940.710000065 988.3202 2123.7918 8.1453 0 0 0 0
1706673941.219999688 988.3887 2123.0234 8.1623 0 0 0 0
1706673941.599999764 988.4146 2122.4609 8.2061 0 0 0 0
1706673941.939999931 988.4954 2121.8450 8.2492 0 0 0 0
1706673942.280000099 988.5106 2121.4405 8.2121 0 0 0 0
1706673942.609999818 988.5675 2120.9284 8.2450 0 0 0 0
1706673943.099999800 988.6261 2120.1810 8.2766 0 0 0 0
1706673943.500000145 988.6397 2119.4837 8.2905 0 0 0 0
1706673944.030000037 988.6757 2118.8371 8.3302 0 0 0 0
1706673944.529999839 988.7044 2118.2477 8.3339 0 0 0 0
1706673945.030000270 988.8145 2117.3628 8.3684 0 0 0 0
1706673945.399999898 988.8661 2116.5212 8.3861 0 0 0 0
1706673945.600000070 988.9331 2116.0458 8.3720 0 0 0 0
1706673946.029999875 988.9746 2115.5842 8.3916 0 0 0 0
1706673946.409999952 989.0183 2115.1693 8.4277 0 0 0 0
1706673946.899999934 989.1086 2114.6167 8.4199 0 0 0 0
1706673947.359999828 989.1956 2113.8587 8.4363 0 0 0 0
1706673947.709999816 989.2686 2113.2210 8.4369 0 0 0 0
1706673948.180000158 989.3213 2112.6909 8.4724 0 0 0 0
1706673948.589999694 989.4008 2111.9322 8.4826 0 0 0 0
1706673949.099999946 989.4758 2111.1409 8.4988 0 0 0 0
1706673949.580000108 989.4679 2110.4818 8.5262 0 0 0 0
1706673949.939999916 989.4985 2109.9206 8.5649 0 0 0 0
1706673950.340000261 989.5198 2109.1342 8.5703 0 0 0 0
1706673950.760000246 989.6033 2108.5312 8.5996 0 0 0 0
1706673951.169999782 989.6301 2108.0760 8.5659 0 0 0 0
1706673951.519999770 989.6924 2107.4632 8.5830 0 0 0 0
1706673951.880000206 989.7757 2106.4384 8.6306 0 0 0 0
1706673952.200000104 989.7757 2106.4384 8.6306 0 0 0 0
1706673952.629999910 989.8850 2105.7758 8.6459 0 0 0 0
1706673953.079999983 989.9440 2105.2314 8.6363 0 0 0 0
1706673953.429999971 990.0195 2104.4780 8.6530 0 0 0 0
1706673953.840000136 990.0682 2104.0732 8.7085 0 0 0 0
1706673954.269999941 990.0699 2103.4804 8.6993 0 0 0 0
1706673954.710000195 990.2093 2102.4134 8.6954 0 0 0 0
1706673955.130000180 990.2093 2102.4134 8.6954 0 0 0 0
1706673955.559999985 990.2851 2101.7001 8.7176 0 0 0 0
1706673955.860000243 990.3067 2101.1071 8.7535 0 0 0 0
1706673956.129999785 990.3258 2100.6819 8.7522 0 0 0 0
1706673956.609999947 990.4166 2100.0917 8.7487 0 0 0 0
1706673956.950000115 990.4457 2099.4980 8.7570 0 0 0 0
1706673957.249999745 990.4897 2099.0544 8.8051 0 0 0 0
1706673957.680000179 990.5681 2098.6073 8.7851 0 0 0 0
1706673958.049999806 990.6265 2097.8672 8.8076 0 0 0 0
1706673958.599999966 990.7304 2097.2828 8.8217 0 0 0 0
1706673959.010000131 990.8105 2096.4927 8.8267 0 0 0 0
1706673959.460000205 990.8847 2095.8785 8.8483 0 0 0 0
1706673959.899999830 990.9297 2095.2710 8.8870 0 0 0 0
1706673960.389999812 991.0222 2094.5192 8.9052 0 0 0 0
1706673960.750000249 991.1212 2093.7073 8.9128 0 0 0 0
1706673961.089999788 991.2046 2093.1239 8.9536 0 0 0 0
1706673961.530000041 991.2833 2092.5999 8.9686 0 0 0 0
1706673961.849999940 991.3271 2091.9689 8.9503 0 0 0 0
1706673962.120000110 991.3830 2091.4930 8.9787 0 0 0 0
1706673962.400000100 991.4375 2090.9952 9.0142 0 0 0 0
1706673962.680000090 991.4674 2090.5657 8.9768 0 0 0 0
1706673962.899999903 991.5287 2090.1308 9.0276 0 0 0 0
1706673963.209999981 991.5939 2089.8383 9.0060 0 0 0 0
1706673963.489999971 991.6284 2089.3298 9.0466 0 0 0 0
1706673963.769999961 991.6205 2088.8094 9.0465 0 0 0 0
1706673964.150000038 991.6639 2088.3427 9.0245 0 0 0 0
1706673964.509999845 991.7064 2087.7467 9.0735 0 0 0 0
1706673964.999999828 991.7766 2087.1634 9.1103 0 0 0 0
1706673965.430000261 991.8832 2086.5548 9.1262 0 0 0 0
1706673965.869999886 991.9014 2085.9913 9.1250 0 0 0 0
1706673966.280000051 991.9906 2085.2284 9.2166 0 0 0 0
1706673966.739999945 992.0497 2084.6259 9.2178 0 0 0 0
1706673967.180000199 992.1184 2084.0006 9.2436 0 0 0 0
1706673967.519999738 992.1603 2083.2109 9.2501 0 0 0 0
1706673967.880000174 992.2258 2082.5858 9.2828 0 0 0 0
1706673968.279999890 992.2747 2082.1009 9.3017 0 0 0 0
1706673968.790000142 992.2852 2081.4414 9.2789 0 0 0 0
1706673969.250000035 992.3742 2080.6113 9.3208 0 0 0 0
1706673969.620000292 992.4014 2080.0714 9.3109 0 0 0 0
1706673970.010000188 992.4871 2079.4434 9.3277 0 0 0 0
1706673970.419999724 992.5442 2078.8199 9.3613 0 0 0 0
1706673970.839999709 992.5965 2078.2090 9.3917 0 0 0 0
1706673971.270000143 992.7162 2077.6367 9.4087 0 0 0 0
1706673971.680000308 992.7701 2076.8905 9.4193 0 0 0 0
1706673972.159999842 992.8574 2076.2677 9.4111 0 0 0 0
1706673972.630000184 992.8449 2075.5962 9.3954 0 0 0 0
1706673973.099999898 992.8941 2074.8482 9.4131 0 0 0 0
1706673973.619999969 992.9461 2074.1173 9.4476 0 0 0 0
1706673974.009999866 993.0325 2073.3916 9.4774 0 0 0 0
1706673974.350000033 993.0878 2072.7929 9.4863 0 0 0 0
1706673974.690000201 993.1158 2072.3242 9.5375 0 0 0 0
1706673975.010000099 993.1889 2071.7104 9.5505 0 0 0 0
1706673975.339999818 993.1926 2071.2587 9.5162 0 0 0 0
1706673975.759999803 993.2345 2070.5791 9.5467 0 0 0 0
1706673976.079999702 993.2965 2070.0925 9.5819 0 0 0 0
1706673976.410000050 993.3547 2069.4535 9.5725 0 0 0 0
1706673976.900000032 993.4363 2068.8125 9.5704 0 0 0 0
1706673977.240000200 993.4740 2068.1501 9.5924 0 0 0 0
1706673977.639999916 993.4980 2067.6732 9.6494 0 0 0 0
1706673977.949999995 993.5991 2067.0186 9.6559 0 0 0 0
1706673978.309999802 993.6151 2066.5403 9.6208 0 0 0 0
1706673978.789999965 993.6575 2065.8646 9.6536 0 0 0 0
1706673979.209999950 993.7071 2065.1072 9.6708 0 0 0 0
1706673979.580000206 993.7339 2064.4644 9.7090 0 0 0 0
1706673979.960000282 993.8028 2063.8646 9.7496 0 0 0 0
1706673980.359999998 993.8604 2063.1868 9.7531 0 0 0 0
1706673980.709999986 993.9768 2062.5719 9.7507 0 0 0 0
1706673980.950000067 994.0333 2062.0424 9.7422 0 0 0 0
1706673981.199999969 994.0616 2061.7146 9.7717 0 0 0 0
1706673981.510000047 994.1445 2061.2570 9.7666 0 0 0 0
1706673981.790000037 994.2134 2060.7991 9.8225 0 0 0 0
1706673981.950000301 994.2698 2060.2718 9.8017 0 0 0 0
1706673982.319999929 994.3512 2059.7995 9.7999 0 0 0 0
1706673982.709999825 994.4155 2059.3274 9.8445 0 0 0 0
1706673983.169999719 994.4616 2058.6686 9.8416 0 0 0 0
1706673983.460000157 994.5283 2058.2145 9.8329 0 0 0 0
1706673983.749999967 994.5571 2057.2067 9.8579 0 0 0 0
1706673984.050000226 994.5571 2057.2067 9.8579 0 0 0 0
1706673984.459999762 994.6271 2056.4272 9.8870 0 0 0 0
1706673984.790000110 994.6350 2055.9815 9.8695 0 0 0 0
1706673985.049999831 994.6563 2055.5251 9.9278 0 0 0 0
1706673985.289999912 994.7152 2055.0038 9.9112 0 0 0 0
1706673985.609999811 994.7342 2054.6737 9.9358 0 0 0 0
1706673985.900000250 994.7756 2054.2226 9.9241 0 0 0 0
1706673986.220000149 994.8465 2053.7589 9.9430 0 0 0 0
1706673986.549999868 994.9221 2053.2602 9.9923 0 0 0 0
1706673986.810000218 994.9508 2052.8251 9.9497 0 0 0 0
1706673987.209999934 995.0151 2052.3715 9.9839 0 0 0 0
1706673987.590000010 995.1075 2051.7330 10.0144 0 0 0 0
1706673987.979999906 995.1322 2051.1471 10.0127 0 0 0 0
1706673988.329999894 995.2355 2050.4942 10.0197 0 0 0 0
1706673988.660000241 995.2613 2050.0503 10.0149 0 0 0 0
1706673988.929999783 995.2834 2049.5960 10.0477 0 0 0 0
1706673989.250000310 995.3490 2049.1341 10.0213 0 0 0 0
1706673989.610000118 995.3793 2048.6417 10.0604 0 0 0 0
1706673989.960000105 995.3923 2048.0766 10.0860 0 0 0 0
1706673990.249999915 995.4415 2047.6369 10.0624 0 0 0 0
1706673990.550000174 995.4477 2047.1335 10.0781 0 0 0 0
1706673990.909999982 995.4546 2046.7285 10.0916 0 0 0 0
1706673991.309999698 995.5462 2046.0317 10.0978 0 0 0 0
1706673991.859999858 995.5872 2045.3685 10.0953 0 0 0 0
1706673992.239999934 995.6742 2044.6073 10.1200 0 0 0 0
1706673992.690000008 995.7331 2044.0617 10.1336 0 0 0 0
1706673993.179999990 995.8507 2043.2746 10.1473 0 0 0 0
1706673993.669999973 995.9366 2042.5008 10.1574 0 0 0 0
1706673993.949999963 995.9845 2041.9720 10.1947 0 0 0 0
1706673994.239999773 996.0544 2041.4955 10.2109 0 0 0 0
1706673994.549999852 996.0783 2041.0404 10.1800 0 0 0 0
1706673994.980000285 996.1472 2040.4430 10.2097 0 0 0 0
1706673995.349999913 996.2081 2039.7997 10.2473 0 0 0 0
1706673995.779999718 996.2132 2039.1951 10.2404 0 0 0 0
1706673996.129999706 996.2633 2038.5054 10.2451 0 0 0 0
1706673996.579999779 996.2609 2038.0553 10.2337 0 0 0 0
1706673997.010000213 996.3215 2037.3085 10.2430 0 0 0 0
1706673997.339999932 996.3578 2036.6868 10.2659 0 0 0 0
1706673997.629999742 996.3824 2036.2318 10.2970 0 0 0 0
1706673997.890000092 996.4635 2035.7916 10.2662 0 0 0 0
1706673998.270000168 996.5161 2035.1702 10.2861 0 0 0 0
1706673998.650000244 996.5598 2034.7185 10.3186 0 0 0 0
1706673998.949999874 996.6406 2034.2432 10.2909 0 0 0 0
1706673999.269999773 996.6784 2033.7519 10.3353 0 0 0 0
1706673999.560000212 996.8393 2032.7557 10.3115 0 0 0 0
1706673999.850000022 996.8393 2032.7557 10.3115 0 0 0 0
1706674000.190000189 996.9279 2032.3039 10.3646 0 0 0 0
1706674000.640000263 997.0103 2031.7106 10.3469 0 0 0 0
1706674000.939999893 997.1584 2031.0317 10.3505 0 0 0 0
1706674001.119999797 997.2007 2030.6041 10.3565 0 0 0 0
1706674001.340000238 997.2392 2030.3093 10.3468 0 0 0 0
1706674001.730000135 997.3178 2029.8792 10.3661 0 0 0 0
1706674002.129999851 997.3616 2029.2733 10.3911 0 0 0 0
1706674002.560000285 997.4010 2028.7824 10.3754 0 0 0 0
1706674002.910000272 997.5040 2028.1744 10.3701 0 0 0 0
1706674003.349999897 997.5638 2027.5302 10.3787 0 0 0 0
1706674003.739999793 997.6129 2026.8801 10.4123 0 0 0 0
1706674004.059999692 997.6566 2026.2980 10.4445 0 0 0 0
1706674004.340000311 997.6537 2025.8480 10.4021 0 0 0 0
1706674004.679999850 997.7161 2025.3396 10.4234 0 0 0 0
1706674004.959999840 997.7868 2024.7561 10.4634 0 0 0 0
1706674005.339999916 997.8204 2024.1601 10.4613 0 0 0 0
1706674005.820000079 997.9146 2023.5111 10.4546 0 0 0 0
1706674006.139999977 997.9139 2022.6959 10.4556 0 0 0 0
1706674006.510000234 998.0066 2022.0915 10.4552 0 0 0 0
1706674006.940000039 998.0066 2022.0915 10.4552 0 0 0 0
1706674007.329999935 998.0574 2021.3381 10.4490 0 0 0 0
1706674007.740000100 998.1434 2020.6665 10.4601 0 0 0 0
1706674008.139999816 998.1726 2020.0328 10.4709 0 0 0 0
1706674008.580000070 998.2268 2019.4202 10.5040 0 0 0 0
1706674009.009999875 998.3075 2018.6659 10.5032 0 0 0 0
1706674009.389999951 998.3681 2018.0469 10.5298 0 0 0 0
1706674009.800000116 998.4675 2017.4587 10.5351 0 0 0 0
1706674010.129999835 998.5383 2016.8244 10.5111 0 0 0 0
1706674010.470000003 998.6219 2016.3671 10.5120 0 0 0 0
1706674010.910000256 998.6768 2015.7836 10.5510 0 0 0 0
1706674011.239999975 998.7309 2015.0649 10.5514 0 0 0 0
1706674011.629999871 998.8200 2014.4460 10.5461 0 0 0 0
1706674011.970000039 998.8344 2014.0364 10.5165 0 0 0 0
1706674012.390000024 998.9056 2013.3983 10.5422 0 0 0 0
1706674012.770000100 998.9615 2012.9703 10.5728 0 0 0 0
1706674013.139999728 998.9981 2012.2315 10.5737 0 0 0 0
1706674013.549999893 999.0708 2011.6300 10.5636 0 0 0 0
1706674013.839999703 999.0888 2011.1915 10.5520 0 0 0 0
1706674014.109999873 999.1401 2010.7514 10.5874 0 0 0 0
1706674014.569999767 999.2455 2010.1093 10.5805 0 0 0 0
1706674014.930000203 999.2602 2009.6585 10.5490 0 0 0 0
1706674015.390000097 999.3157 2009.0112 10.5823 0 0 0 0
1706674015.700000175 999.3842 2008.3361 10.5981 0 0 0 0
1706674016.050000163 999.3902 2007.8395 10.5891 0 0 0 0
1706674016.459999699 999.4516 2007.2822 10.5757 0 0 0 0
1706674016.909999773 999.4723 2006.7089 10.5674 0 0 0 0
1706674017.329999758 999.5331 2006.1751 10.6056 0 0 0 0
1706674017.690000194 999.6225 2005.5909 10.6214 0 0 0 0
1706674018.129999819 999.6704 2005.0448 10.5947 0 0 0 0
1706674018.589999713 999.7384 2004.5766 10.5784 0 0 0 0
1706674019.039999787 999.7421 2003.9473 10.5928 0 0 0 0
1706674019.459999772 999.7614 2003.4098 10.6169 0 0 0 0
1706674019.900000026 999.7958 2002.9762 10.6575 0 0 0 0
1706674019.949999754 999.7958 2002.9762 10.6575 0 0 0 0
1706674020.450000186 999.7955 2002.5720 10.6442 0 0 0 0
1706674020.940000168 999.8833 2002.3294 10.6295 0 0 0 0
1706674020.989999897 999.8833 2002.3294 10.6295 0 0 0 0
1706674021.360000153 1000.0191 2002.4538 10.4689 0 0 0 0
1706674021.769999689 1000.0414 2002.4444 10.3102 0 0 0 0
1706674022.240000032 999.9561 2002.3802 10.2008 0 0 0 0
1706674022.629999928 999.9152 2002.3645 10.1439 0 0 0 0
1706674023.000000184 999.9481 2002.3382 10.1347 0 0 0 0
1706674023.049999913 999.9481 2002.3382 10.1347 0 0 0 0