1706584536.660000309 100.0236 202.9200 11.3970 0 0 0 0
1706584536.870000302 100.0236 202.9200 11.3970 0 0 0 0
1706584537.179999752 100.0236 202.9201 11.3970 0 0 0 0
1706584537.430000282 100.0236 202.9201 11.3970 0 0 0 0
1706584537.720000092 100.0132 202.9381 11.3972 0 0 0 0
1706584537.979999813 99.9797 203.0067 11.3976 0 0 0 0
1706584538.159999717 99.9165 203.0814 11.3965 0 0 0 0
1706584538.359999890 99.8764 203.1565 11.3952 0 0 0 0
1706584538.609999791 99.8125 203.2580 11.3957 0 0 0 0
1706584539.019999956 99.7517 203.3504 11.3964 0 0 0 0
1706584539.229999948 99.6924 203.4587 11.3987 0 0 0 0
1706584539.579999936 99.6423 203.5553 11.3983 0 0 0 0
1706584539.920000103 99.5662 203.7082 11.3985 0 0 0 0
1706584540.179999825 99.4506 203.9034 11.4004 0 0 0 0
1706584540.629999898 99.3541 204.1115 11.4017 0 0 0 0
1706584540.949999797 99.2467 204.2705 11.4014 0 0 0 0
1706584541.189999878 99.1417 204.4360 11.4014 0 0 0 0
1706584541.369999782 99.1238 204.5128 11.4022 0 0 0 0
1706584541.579999775 99.1088 204.6523 11.4007 0 0 0 0
1706584541.810000036 99.0220 204.8284 11.3960 0 0 0 0
1706584542.110000295 98.9667 204.9958 11.3927 0 0 0 0
1706584542.360000196 98.9167 205.1172 11.3898 0 0 0 0
1706584542.559999740 98.8664 205.2404 11.3842 0 0 0 0
1706584542.759999912 98.8216 205.3216 11.3810 0 0 0 0
1706584542.979999725 98.7459 205.4213 11.3773 0 0 0 0
1706584543.419999979 98.6729 205.5543 11.3763 0 0 0 0
1706584543.650000240 98.5716 205.7281 11.3713 0 0 0 0
1706584544.049999956 98.4038 206.0382 11.3646 0 0 0 0
1706584544.320000126 98.4038 206.0382 11.3646 0 0 0 0
1706584544.539999939 98.2595 206.2896 11.3602 0 0 0 0
1706584544.929999835 98.1580 206.4672 11.3593 0 0 0 0
1706584545.239999914 98.0480 206.6721 11.3559 0 0 0 0
1706584545.640000259 97.9018 206.8980 11.3537 0 0 0 0
1706584546.140000061 97.7252 207.1762 11.3503 0 0 0 0
1706584546.509999689 97.4731 207.5502 11.3400 0 0 0 0
1706584546.860000305 97.2707 207.8358 11.3330 0 0 0 0
1706584547.320000199 97.1022 208.1459 11.3266 0 0 0 0
1706584547.579999920 96.9598 208.4083 11.3294 0 0 0 0
1706584547.899999819 96.8383 208.6150 11.3304 0 0 0 0
1706584548.219999718 96.7285 208.8647 11.3335 0 0 0 0
1706584548.410000070 96.6145 209.0971 11.3330 0 0 0 0
1706584548.690000060 96.5372 209.2764 11.3334 0 0 0 0
1706584548.909999873 96.4498 209.4522 11.3327 0 0 0 0
1706584549.130000314 96.3056 209.7392 11.3344 0 0 0 0
1706584549.350000126 96.3056 209.7392 11.3344 0 0 0 0
1706584549.670000025 96.1963 209.9698 11.3322 0 0 0 0
1706584549.929999746 96.0655 210.2142 11.3320 0 0 0 0
1706584550.360000180 95.8998 210.5389 11.3344 0 0 0 0
1706584550.780000165 95.7445 210.8556 11.3330 0 0 0 0
1706584551.009999798 95.6284 211.0605 11.3377 0 0 0 0
1706584551.139999973 95.5646 211.1694 11.3385 0 0 0 0
1706584551.240000059 95.4569 211.3267 11.3399 0 0 0 0
1706584551.450000051 95.3595 211.4996 11.3426 0 0 0 0
1706584551.629999955 95.3290 211.5658 11.3471 0 0 0 0
1706584551.849999768 95.2148 211.7204 11.3490 0 0 0 0
1706584552.170000295 95.1269 211.8549 11.3510 0 0 0 0
1706584552.390000108 94.9856 212.0836 11.3524 0 0 0 0
1706584552.570000011 94.8739 212.2445 11.3495 0 0 0 0
1706584552.819999913 94.7722 212.3903 11.3476 0 0 0 0
1706584553.160000080 94.6140 212.6075 11.3487 0 0 0 0
1706584553.470000159 94.4546 212.7885 11.3452 0 0 0 0
1706584553.809999698 94.2941 213.0042 11.3451 0 0 0 0
1706584554.170000134 94.0935 213.2727 11.3452 0 0 0 0
1706584554.590000119 93.8732 213.5832 11.3413 0 0 0 0
1706584554.809999932 93.6776 213.8157 11.3360 0 0 0 0
1706584554.989999835 93.4776 214.1034 11.3366 0 0 0 0
1706584555.180000188 93.4776 214.1034 11.3366 0 0 0 0
1706584555.350000272 93.3606 214.2443 11.3338 0 0 0 0
1706584555.560000264 93.2765 214.3660 11.3340 0 0 0 0
1706584555.910000252 93.1131 214.6385 11.3310 0 0 0 0
1706584556.120000244 92.9688 214.9034 11.3322 0 0 0 0
1706584556.349999877 92.8958 215.0408 11.3298 0 0 0 0
1706584556.559999869 92.7922 215.2182 11.3309 0 0 0 0
1706584556.850000308 92.7344 215.3641 11.3437 0 0 0 0
1706584557.100000209 92.6472 215.5215 11.3424 0 0 0 0
1706584557.310000202 92.5629 215.7115 11.3397 0 0 0 0
1706584557.609999832 92.4147 215.9983 11.3457 0 0 0 0
1706584557.959999819 92.2852 216.2707 11.3382 0 0 0 0
1706584558.209999721 92.1673 216.4857 11.3360 0 0 0 0
1706584558.479999891 92.0714 216.6497 11.3351 0 0 0 0
1706584558.740000241 92.0106 216.7851 11.3228 0 0 0 0
1706584559.039999871 91.8617 216.9978 11.3258 0 0 0 0
1706584559.219999774 91.7207 217.2648 11.3055 0 0 0 0
1706584559.499999764 91.5639 217.5058 11.2872 0 0 0 0
1706584559.839999932 91.5334 217.6341 11.2834 0 0 0 0
1706584560.280000186 91.3112 217.7624 11.2684 0 0 0 0
1706584560.749999899 91.1419 218.0990 11.2614 0 0 0 0
1706584561.239999882 91.0045 218.3630 11.2503 0 0 0 0
1706584561.540000141 90.7436 218.6514 11.2481 0 0 0 0
1706584561.799999862 90.6163 218.8596 11.2492 0 0 0 0
1706584561.969999946 90.5102 219.0842 11.2493 0 0 0 0
1706584562.319999933 90.3551 219.3114 11.2498 0 0 0 0
1706584562.639999832 90.2456 219.5759 11.2510 0 0 0 0
1706584563.119999995 90.0752 219.8647 11.2476 0 0 0 0
1706584563.490000251 90.0116 220.1141 11.2462 0 0 0 0
1706584563.850000058 89.9493 220.3701 11.2437 0 0 0 0
1706584564.209999866 89.8543 220.6659 11.2447 0 0 0 0
1706584564.580000122 89.7389 220.9903 11.2408 0 0 0 0
1706584565.060000285 89.6893 221.3009 11.2418 0 0 0 0
1706584565.520000178 89.6048 221.5328 11.2370 0 0 0 0
1706584565.970000252 89.4104 221.9944 11.2253 0 0 0 0
1706584566.379999788 89.2351 222.3782 11.2175 0 0 0 0
1706584566.820000042 89.0811 222.6980 11.2092 0 0 0 0
1706584567.190000298 88.9784 222.9737 11.2046 0 0 0 0
1706584567.400000291 88.8390 223.1651 11.2024 0 0 0 0
1706584567.620000103 88.7907 223.3017 11.2051 0 0 0 0
1706584567.940000002 88.6385 223.5258 11.1998 0 0 0 0
1706584568.289999990 88.4998 223.7736 11.1934 0 0 0 0
1706584568.569999980 88.3251 224.0450 11.1789 0 0 0 0
1706584568.870000239 88.2136 224.3667 11.1771 0 0 0 0
1706584569.279999775 87.9807 224.6000 11.1592 0 0 0 0
1706584569.659999851 88.0185 224.8870 11.1651 0 0 0 0
1706584569.969999930 87.9078 225.1383 11.1560 0 0 0 0
1706584570.249999920 87.8221 225.4185 11.1425 0 0 0 0
1706584570.529999910 87.6982 225.6805 11.1257 0 0 0 0
1706584570.959999715 87.5868 225.9382 11.1202 0 0 0 0
1706584571.329999971 87.5156 226.1037 11.1134 0 0 0 0
1706584571.700000227 87.5019 226.3734 11.1125 0 0 0 0
1706584572.209999850 87.3815 226.7560 11.1000 0 0 0 0
1706584572.589999926 87.2504 227.0743 11.0913 0 0 0 0
1706584573.009999911 87.1197 227.3659 11.0855 0 0 0 0
1706584573.410000256 86.9401 227.6331 11.0735 0 0 0 0
1706584573.719999706 86.6856 228.0302 11.0645 0 0 0 0
1706584573.989999876 86.6856 228.0302 11.0645 0 0 0 0
1706584574.420000310 86.3214 228.4667 11.0561 0 0 0 0
1706584574.710000120 86.3214 228.4667 11.0561 0 0 0 0
1706584575.069999928 85.9412 228.9280 11.0462 0 0 0 0
1706584575.359999738 85.9412 228.9280 11.0462 0 0 0 0
1706584575.809999811 85.8056 229.1773 11.0463 0 0 0 0
1706584576.339999703 85.6383 229.4949 11.0445 0 0 0 0
1706584576.819999865 85.5006 229.8789 11.0486 0 0 0 0
1706584577.139999764 85.4130 230.2937 11.0461 0 0 0 0
1706584577.619999927 85.1782 230.9713 11.0279 0 0 0 0
1706584577.939999825 85.1782 230.9713 11.0279 0 0 0 0
1706584578.319999902 85.0983 231.3044 11.0130 0 0 0 0
1706584578.620000160 84.9953 231.5603 11.0113 0 0 0 0
1706584579.010000057 84.9435 231.7241 11.0088 0 0 0 0
1706584579.399999953 84.7257 232.2320 11.0129 0 0 0 0
1706584579.679999943 84.7257 232.2320 11.0129 0 0 0 0
1706584580.109999748 84.5903 232.5590 11.0092 0 0 0 0
1706584580.349999829 84.4576 232.9236 11.0126 0 0 0 0
1706584580.570000270 84.3757 233.1635 11.0147 0 0 0 0
1706584580.790000083 84.3757 233.1635 11.0147 0 0 0 0
1706584581.249999977 84.2959 233.3897 11.0175 0 0 0 0
1706584581.719999691 84.1697 233.6991 11.0123 0 0 0 0
1706584582.210000302 84.0004 234.0701 11.0121 0 0 0 0
1706584582.579999929 83.8728 234.3353 11.0012 0 0 0 0
1706584582.890000008 83.6264 234.5521 11.0094 0 0 0 0
1706584583.139999909 83.4036 234.7775 11.0100 0 0 0 0
1706584583.569999714 83.2272 234.9376 11.0137 0 0 0 0
1706584583.979999879 83.0753 235.1514 11.0119 0 0 0 0
1706584584.289999958 82.8876 235.4038 11.0184 0 0 0 0
1706584584.690000303 82.7682 235.6005 11.0176 0 0 0 0
1706584585.099999839 82.6205 235.9333 11.0173 0 0 0 0
1706584585.489999736 82.3119 236.4658 11.0240 0 0 0 0
1706584585.890000081 82.3119 236.4658 11.0240 0 0 0 0
1706584586.289999797 81.9911 237.0132 11.0280 0 0 0 0
1706584586.559999967 81.9911 237.0132 11.0280 0 0 0 0
1706584586.839999957 81.8724 237.1846 11.0312 0 0 0 0
1706584587.129999767 81.7344 237.4204 11.0339 0 0 0 0
1706584587.609999930 81.5858 237.6642 11.0389 0 0 0 0
1706584587.950000097 81.4089 237.9494 11.0376 0 0 0 0
1706584588.339999993 81.1793 238.2933 11.0445 0 0 0 0
1706584588.599999715 81.1793 238.2933 11.0445 0 0 0 0
1706584588.960000151 81.0565 238.5904 11.0540 0 0 0 0
1706584589.480000222 80.9013 238.8914 11.0630 0 0 0 0
1706584589.779999852 80.8116 239.1507 11.0687 0 0 0 0
1706584590.040000202 80.7056 239.3905 11.0731 0 0 0 0
1706584590.260000015 80.6374 239.6552 11.0824 0 0 0 0
1706584590.509999916 80.5960 239.8448 11.0854 0 0 0 0
1706584590.840000263 80.5369 240.0745 11.0928 0 0 0 0
1706584591.149999714 80.5149 240.2846 11.0998 0 0 0 0
1706584591.410000063 80.4198 240.5534 11.1102 0 0 0 0
1706584591.650000145 80.3394 240.8083 11.1212 0 0 0 0
1706584592.149999947 80.2413 241.0773 11.1289 0 0 0 0
1706584592.460000026 80.1611 241.2608 11.1355 0 0 0 0
1706584592.830000282 80.0611 241.4632 11.1429 0 0 0 0
1706584593.029999826 79.9453 241.7560 11.1528 0 0 0 0
1706584593.479999900 79.7756 241.9937 11.1587 0 0 0 0
1706584593.880000245 79.7756 241.9937 11.1587 0 0 0 0
1706584594.230000232 79.6428 242.1996 11.1645 0 0 0 0
1706584594.370000227 79.5198 242.4535 11.1750 0 0 0 0
1706584594.709999766 79.4043 242.6843 11.1790 0 0 0 0
1706584595.040000114 79.3027 242.9204 11.1928 0 0 0 0
1706584595.360000012 79.1785 243.1694 11.1958 0 0 0 0
1706584595.640000002 78.9734 243.4476 11.2024 0 0 0 0
1706584595.840000175 78.9734 243.4476 11.2024 0 0 0 0
1706584596.290000249 78.8236 243.6999 11.2007 0 0 0 0
1706584596.640000236 78.6626 243.9689 11.2046 0 0 0 0
1706584596.869999869 78.5510 244.1583 11.2064 0 0 0 0
1706584597.109999950 78.4253 244.3489 11.2068 0 0 0 0
1706584597.359999851 78.3247 244.4794 11.2063 0 0 0 0
1706584597.599999933 78.2713 244.5913 11.2069 0 0 0 0
1706584597.940000100 78.1289 244.8032 11.2082 0 0 0 0
1706584598.280000268 78.0430 244.9724 11.2107 0 0 0 0
1706584598.630000255 77.9503 245.1712 11.2101 0 0 0 0
1706584598.980000243 77.7848 245.4220 11.2136 0 0 0 0
1706584599.319999781 77.7042 245.6560 11.2134 0 0 0 0
1706584599.599999771 77.6149 245.9040 11.2228 0 0 0 0
1706584599.990000296 77.5359 246.1042 11.2222 0 0 0 0
1706584600.259999838 77.4382 246.4362 11.2269 0 0 0 0
1706584600.520000188 77.3410 246.6407 11.2274 0 0 0 0
1706584600.959999813 77.2753 246.8461 11.2282 0 0 0 0
1706584601.199999894 77.2064 247.0278 11.2296 0 0 0 0
1706584601.509999973 77.1145 247.2516 11.2282 0 0 0 0
1706584601.839999692 77.0333 247.4616 11.2303 0 0 0 0
1706584602.109999862 76.9376 247.6728 11.2301 0 0 0 0
1706584602.419999940 76.8353 247.9155 11.2308 0 0 0 0
1706584602.830000105 76.7295 248.1130 11.2345 0 0 0 0
1706584603.269999730 76.5842 248.3755 11.2391 0 0 0 0
1706584603.670000075 76.4072 248.6652 11.2478 0 0 0 0
1706584604.090000060 76.2872 248.9553 11.2557 0 0 0 0
1706584604.510000045 76.1977 249.2838 11.2606 0 0 0 0
1706584604.939999850 76.0730 249.7193 11.2659 0 0 0 0
1706584605.340000195 75.9512 250.0076 11.2720 0 0 0 0
1706584605.709999823 75.8200 250.3064 11.2784 0 0 0 0
1706584606.059999811 75.6688 250.6008 11.2866 0 0 0 0
1706584606.409999798 75.5314 250.8310 11.2921 0 0 0 0
1706584606.759999786 75.3617 251.1852 11.3024 0 0 0 0
1706584607.160000131 75.2165 251.5086 11.3111 0 0 0 0
1706584607.640000293 75.0368 251.9010 11.3199 0 0 0 0
1706584608.060000278 74.8650 252.2793 11.3300 0 0 0 0
1706584608.579999721 74.7208 252.5661 11.3363 0 0 0 0
1706584609.010000154 74.5359 252.9716 11.3553 0 0 0 0
1706584609.299999964 74.3504 253.3765 11.3794 0 0 0 0
1706584609.789999947 74.1544 253.7143 11.3921 0 0 0 0
1706584610.120000294 74.0117 253.9363 11.3994 0 0 0 0
1706584610.510000191 73.8220 254.2804 11.4032 0 0 0 0
1706584610.869999998 73.6724 254.5213 11.3978 0 0 0 0
1706584611.320000072 73.4879 254.8217 11.3951 0 0 0 0
1706584611.689999700 73.2479 255.1548 11.3932 0 0 0 0
1706584612.220000220 73.0190 255.4429 11.3964 0 0 0 0
1706584612.619999936 72.8046 255.8294 11.4027 0 0 0 0
1706584612.939999835 72.6254 256.1576 11.4046 0 0 0 0
1706584613.249999913 72.4959 256.3899 11.4029 0 0 0 0
1706584613.550000172 72.3949 256.6297 11.4028 0 0 0 0
1706584613.870000071 72.2790 256.8554 11.4048 0 0 0 0
1706584614.140000241 72.1911 257.1252 11.4098 0 0 0 0
1706584614.549999777 72.0704 257.3772 11.4093 0 0 0 0
1706584614.899999765 71.9691 257.7325 11.4097 0 0 0 0
1706584615.249999752 71.8504 257.9454 11.4102 0 0 0 0
1706584615.690000006 71.6744 258.2576 11.4127 0 0 0 0
1706584616.079999902 71.5785 258.7058 11.4002 0 0 0 0
1706584616.539999796 71.4722 259.0529 11.4011 0 0 0 0
1706584616.879999964 71.4486 259.2424 11.4096 0 0 0 0
1706584617.199999862 71.3310 259.4726 11.4144 0 0 0 0
1706584617.610000027 71.2553 260.1145 11.4343 0 0 0 0
1706584617.890000017 71.2553 260.1145 11.4343 0 0 0 0
1706584618.340000091 71.1938 260.5494 11.4408 0 0 0 0
1706584618.830000074 71.1857 260.9273 11.4473 0 0 0 0
1706584619.180000061 71.1849 261.2237 11.4457 0 0 0 0
1706584619.509999780 71.2272 261.4619 11.4476 0 0 0 0
1706584619.810000039 71.2305 261.7337 11.4425 0 0 0 0
1706584620.199999935 71.2051 262.1014 11.4536 0 0 0 0
1706584620.549999923 71.2051 262.1014 11.4536 0 0 0 0
1706584620.969999908 71.1442 262.3827 11.4589 0 0 0 0
1706584621.359999804 71.0233 262.9040 11.4797 0 0 0 0
1706584621.699999971 71.0233 262.9040 11.4797 0 0 0 0
1706584622.220000043 70.9178 263.1364 11.4874 0 0 0 0
1706584622.679999936 70.8424 263.4589 11.5033 0 0 0 0
1706584623.039999744 70.7888 263.6865 11.5151 0 0 0 0
1706584623.419999820 70.7002 263.9500 11.5254 0 0 0 0
1706584623.809999716 70.5882 264.2105 11.5346 0 0 0 0
1706584624.240000150 70.5357 264.4625 11.5496 0 0 0 0
1706584624.599999958 70.4670 264.7539 11.5641 0 0 0 0
1706584624.970000214 70.3785 265.0300 11.5770 0 0 0 0
1706584625.470000017 70.3164 265.3104 11.5886 0 0 0 0
1706584625.799999735 70.2480 265.5660 11.5970 0 0 0 0
1706584626.160000172 70.1737 265.8147 11.5942 0 0 0 0
1706584626.690000063 70.0699 266.1165 11.5869 0 0 0 0
1706584627.119999868 69.9435 266.3720 11.5826 0 0 0 0
1706584627.530000033 69.8799 266.5342 11.5821 0 0 0 0
1706584627.830000292 69.7886 266.7579 11.5879 0 0 0 0
1706584628.199999919 69.7302 266.9343 11.5926 0 0 0 0
1706584628.489999729 69.5370 267.3300 11.5956 0 0 0 0
1706584628.740000259 69.5370 267.3300 11.5956 0 0 0 0
1706584629.039999889 69.4450 267.5418 11.5994 0 0 0 0
1706584629.440000234 69.3046 267.7894 11.6039 0 0 0 0
1706584629.720000224 69.3046 267.7894 11.6039 0 0 0 0
1706584630.070000212 69.2128 268.0433 11.6128 0 0 0 0
1706584630.369999842 69.0590 268.2107 11.6044 0 0 0 0
1706584630.789999827 68.9908 268.4636 11.6144 0 0 0 0
1706584631.179999723 68.9356 268.6416 11.6194 0 0 0 0
1706584631.510000071 68.8301 268.8643 11.6203 0 0 0 0
1706584631.799999881 68.7312 269.0652 11.6174 0 0 0 0
1706584632.100000139 68.6441 269.2434 11.6139 0 0 0 0
1706584632.429999858 68.4809 269.5401 11.6066 0 0 0 0
1706584632.770000026 68.4809 269.5401 11.6066 0 0 0 0
1706584633.089999924 68.3789 269.7562 11.6049 0 0 0 0
1706584633.330000006 68.2633 269.9635 11.5998 0 0 0 0
1706584633.679999993 68.1615 270.1274 11.5924 0 0 0 0
1706584634.120000247 67.9313 270.4374 11.5745 0 0 0 0
1706584634.419999877 67.9313 270.4374 11.5745 0 0 0 0
1706584634.709999687 67.7910 270.6146 11.5640 0 0 0 0
1706584635.009999946 67.6841 270.7291 11.5570 0 0 0 0
1706584635.200000298 67.5936 270.8413 11.5518 0 0 0 0
1706584635.480000288 67.5436 270.9175 11.5525 0 0 0 0
1706584635.779999918 67.4688 270.9971 11.5486 0 0 0 0
1706584636.010000180 67.3891 271.0703 11.5452 0 0 0 0
1706584636.279999721 67.3362 271.1178 11.5429 0 0 0 0
1706584636.640000157 67.2662 271.1722 11.5361 0 0 0 0
1706584636.939999787 67.1854 271.2016 11.5280 0 0 0 0
1706584637.300000223 67.1192 271.2280 11.5214 0 0 0 0
1706584637.660000031 66.9957 271.2784 11.5136 0 0 0 0
1706584638.000000198 66.8979 271.3030 11.5047 0 0 0 0
1706584638.199999742 66.8979 271.3030 11.5047 0 0 0 0
1706584638.490000181 66.8162 271.3260 11.4981 0 0 0 0
1706584638.709999993 66.7637 271.3378 11.4939 0 0 0 0
1706584639.080000250 66.6910 271.3370 11.4867 0 0 0 0
1706584639.589999872 66.5952 271.3291 11.4789 0 0 0 0
1706584639.909999771 66.5041 271.3364 11.4738 0 0 0 0
1706584640.219999850 66.3976 271.3427 11.4633 0 0 0 0
1706584640.580000286 66.3333 271.3852 11.4639 0 0 0 0
1706584640.959999734 66.3484 271.3749 11.4634 0 0 0 0
1706584641.329999990 66.3541 271.3699 11.4633 0 0 0 0
1706584641.649999889 66.3813 271.3503 11.4628 0 0 0 0
1706584642.099999962 66.4396 271.3169 11.4659 0 0 0 0
1706584642.340000044 66.4617 271.3117 11.4688 0 0 0 0
1706584642.550000036 66.5259 271.2788 11.4722 0 0 0 0
1706584642.790000117 66.5815 271.2638 11.4778 0 0 0 0
1706584643.000000110 66.6137 271.2633 11.4818 0 0 0 0
1706584643.180000014 66.6506 271.2563 11.4855 0 0 0 0
1706584643.569999910 66.7165 271.2535 11.4901 0 0 0 0
1706584643.929999718 66.7802 271.2398 11.4945 0 0 0 0
1706584644.320000242 66.8484 271.2407 11.4990 0 0 0 0
1706584644.619999873 66.9079 271.2511 11.5065 0 0 0 0
1706584645.109999855 66.9369 271.2569 11.5090 0 0 0 0
1706584645.470000291 66.9497 271.2665 11.5114 0 0 0 0
1706584645.739999833 66.9360 271.2542 11.5089 0 0 0 0
1706584646.010000003 66.9069 271.2282 11.5046 0 0 0 0
1706584646.180000086 66.8745 271.1917 11.4999 0 0 0 0
1706584646.439999808 66.8592 271.1672 11.4971 0 0 0 0
1706584646.709999978 66.8338 271.1327 11.4916 0 0 0 0
1706584646.959999879 66.8037 271.0848 11.4868 0 0 0 0
1706584647.519999859 66.7603 271.0293 11.4790 0 0 0 0
1706584647.979999753 66.6746 270.9292 11.4634 0 0 0 0
1706584648.240000103 66.6746 270.9292 11.4634 0 0 0 0
1706584648.590000090 66.6455 270.8319 11.4552 0 0 0 0
1706584648.930000258 66.6455 270.8319 11.4552 0 0 0 0
1706584649.199999799 66.6113 270.7362 11.4452 0 0 0 0
1706584649.530000146 66.5929 270.6699 11.4394 0 0 0 0
1706584649.959999952 66.5718 270.5936 11.4353 0 0 0 0
1706584650.290000299 66.5680 270.5302 11.4323 0 0 0 0
1706584650.620000018 66.5625 270.4556 11.4286 0 0 0 0
1706584651.070000092 66.5564 270.3609 11.4243 0 0 0 0
1706584651.439999719 66.5550 270.2373 11.4163 0 0 0 0
1706584651.849999884 66.5761 270.1390 11.4149 0 0 0 0
1706584652.199999872 66.5872 270.0510 11.4101 0 0 0 0
1706584652.500000130 66.5975 269.9489 11.4031 0 0 0 0
1706584652.759999852 66.6248 269.8458 11.4023 0 0 0 0
1706584653.060000110 66.6352 269.7971 11.4009 0 0 0 0
1706584653.349999920 66.6455 269.7656 11.4000 0 0 0 0
1706584653.569999733 66.6455 269.7656 11.4000 0 0 0 0
1706584654.030000255 66.6692 269.6980 11.3960 0 0 0 0
1706584654.429999972 66.6887 269.5873 11.3937 0 0 0 0
1706584654.770000139 66.7050 269.5500 11.3935 0 0 0 0
1706584655.020000041 66.7523 269.4625 11.3885 0 0 0 0
1706584655.230000033 66.7902 269.3875 11.3881 0 0 0 0
1706584655.489999754 66.8006 269.3546 11.3873 0 0 0 0
1706584655.799999833 66.8165 269.3188 11.3871 0 0 0 0
1706584656.079999823 66.8340 269.2756 11.3869 0 0 0 0
1706584656.440000259 66.8493 269.2508 11.3871 0 0 0 0
1706584656.709999801 66.8728 269.2065 11.3880 0 0 0 0
1706584657.159999874 66.9131 269.1184 11.3887 0 0 0 0
1706584657.530000131 66.9189 269.0469 11.3895 0 0 0 0
1706584657.929999847 67.0189 268.9889 11.3899 0 0 0 0
1706584658.309999923 67.0575 268.9301 11.3939 0 0 0 0
1706584658.680000179 67.1133 268.8587 11.3954 0 0 0 0
1706584659.170000162 67.1840 268.7822 11.3971 0 0 0 0
1706584659.569999878 67.2467 268.7218 11.4003 0 0 0 0
1706584660.099999770 67.2845 268.6960 11.4032 0 0 0 0
1706584660.600000201 67.3471 268.6457 11.4065 0 0 0 0
1706584661.060000095 67.4545 268.5424 11.4123 0 0 0 0
1706584661.480000080 67.6345 268.3166 11.4246 0 0 0 0
1706584661.960000242 67.8307 268.1002 11.4414 0 0 0 0
1706584662.289999961 68.0279 267.8701 11.4530 0 0 0 0
1706584662.530000042 68.1529 267.7016 11.4605 0 0 0 0
1706584662.959999847 68.3287 267.4408 11.4649 0 0 0 0
1706584663.339999923 68.4655 267.2856 11.4723 0 0 0 0
1706584663.799999817 68.5739 267.0640 11.4777 0 0 0 0
1706584664.100000076 68.8165 266.6001 11.4920 0 0 0 0
1706584664.389999886 68.8165 266.6001 11.4920 0 0 0 0
1706584664.699999965 69.0498 266.1605 11.5048 0 0 0 0
1706584664.889999689 69.0498 266.1605 11.5048 0 0 0 0
1706584665.399999940 69.1841 265.9276 11.5142 0 0 0 0
1706584665.710000019 69.3597 265.5779 11.5257 0 0 0 0
1706584666.099999915 69.3597 265.5779 11.5257 0 0 0 0
1706584666.559999809 69.5043 265.0902 11.5328 0 0 0 0
1706584667.130000237 69.6714 264.6947 11.5230 0 0 0 0
1706584667.639999860 69.8163 264.3383 11.5078 0 0 0 0
1706584668.010000116 69.9490 264.0170 11.4959 0 0 0 0
1706584668.390000192 70.0541 263.7997 11.4898 0 0 0 0
1706584668.889999995 70.2383 263.4607 11.4772 0 0 0 0
1706584669.239999983 70.3454 263.1679 11.4690 0 0 0 0
1706584669.620000059 70.4649 262.8542 11.4593 0 0 0 0
1706584669.949999778 70.6069 262.6021 11.4544 0 0 0 0
1706584670.289999945 70.7827 262.3052 11.4443 0 0 0 0
1706584670.639999933 70.8952 262.0742 11.4450 0 0 0 0
1706584670.929999743 71.0216 261.8408 11.4419 0 0 0 0
1706584671.230000001 71.1200 261.6223 11.4390 0 0 0 0
1706584671.600000258 71.2434 261.4258 11.4404 0 0 0 0
1706584671.880000248 71.3526 261.1943 11.4409 0 0 0 0
1706584672.160000238 71.4652 260.9256 11.4415 0 0 0 0
1706584672.469999688 71.5270 260.6179 11.4368 0 0 0 0
1706584672.839999944 71.5802 260.3757 11.4358 0 0 0 0
1706584673.310000286 71.6218 260.0172 11.4277 0 0 0 0
1706584673.630000185 71.7752 259.5678 11.4169 0 0 0 0
1706584673.999999813 71.8910 259.3455 11.4075 0 0 0 0
1706584674.370000069 71.9275 259.1185 11.4036 0 0 0 0
1706584674.780000234 72.0543 258.9312 11.4075 0 0 0 0
1706584675.070000044 72.1508 258.7170 11.4052 0 0 0 0
1706584675.359999854 72.3029 258.5017 11.4118 0 0 0 0
1706584675.690000202 72.4374 258.3199 11.4145 0 0 0 0
1706584676.019999920 72.6306 258.0207 11.4064 0 0 0 0
1706584676.469999994 72.7410 257.8037 11.4062 0 0 0 0
1706584676.869999710 72.9284 257.5320 11.4011 0 0 0 0
1706584677.279999875 73.0744 257.2503 11.4036 0 0 0 0
1706584677.570000314 73.2188 256.9511 11.4060 0 0 0 0
1706584677.860000124 73.3372 256.7041 11.4067 0 0 0 0
1706584678.180000023 73.4532 256.4219 11.4058 0 0 0 0
1706584678.490000102 73.5414 256.1943 11.4063 0 0 0 0
1706584678.940000175 73.6401 255.9710 11.4031 0 0 0 0
1706584679.360000161 73.7709 255.5550 11.4008 0 0 0 0
1706584679.789999966 73.8730 255.1934 11.3981 0 0 0 0
1706584680.160000222 74.0568 254.6884 11.3968 0 0 0 0
1706584680.400000303 74.1641 254.4138 11.3983 0 0 0 0
1706584680.629999936 74.1641 254.4138 11.3983 0 0 0 0
1706584680.820000288 74.2674 254.1707 11.3952 0 0 0 0
1706584681.100000278 74.3267 253.9874 11.3944 0 0 0 0
1706584681.329999911 74.3650 253.8531 11.3934 0 0 0 0
1706584681.579999812 74.4878 253.5839 11.3820 0 0 0 0
1706584681.940000248 74.5656 253.3500 11.3747 0 0 0 0
1706584682.260000147 74.6658 253.1400 11.3598 0 0 0 0
1706584682.549999957 74.7675 252.9105 11.3501 0 0 0 0
1706584682.890000124 74.9546 252.5649 11.3371 0 0 0 0
1706584683.289999841 74.9546 252.5649 11.3371 0 0 0 0
1706584683.609999740 75.1152 252.3266 11.3299 0 0 0 0
1706584683.909999998 75.2622 252.1534 11.3260 0 0 0 0
1706584684.159999900 75.4318 251.9296 11.3218 0 0 0 0
1706584684.509999887 75.5929 251.7401 11.3158 0 0 0 0
1706584684.869999695 75.7709 251.5201 11.3100 0 0 0 0
1706584685.239999951 75.8877 251.3413 11.3036 0 0 0 0
1706584685.599999758 76.0722 251.0802 11.2952 0 0 0 0
1706584685.979999835 76.3596 250.6708 11.2843 0 0 0 0
1706584686.210000096 76.3596 250.6708 11.2843 0 0 0 0
1706584686.520000175 76.5763 250.3885 11.2771 0 0 0 0
1706584686.919999891 76.7085 250.1979 11.2710 0 0 0 0
1706584687.159999972 76.9087 249.9049 11.2676 0 0 0 0
1706584687.549999868 77.0759 249.5283 11.2633 0 0 0 0
1706584687.810000218 77.0759 249.5283 11.2633 0 0 0 0
1706584688.130000117 77.1588 249.1875 11.2592 0 0 0 0
1706584688.359999750 77.2510 248.9011 11.2527 0 0 0 0
1706584688.639999740 77.3401 248.5725 11.2442 0 0 0 0
1706584688.830000092 77.3401 248.5725 11.2442 0 0 0 0
1706584689.149999991 77.4020 248.3415 11.2407 0 0 0 0
1706584689.609999885 77.5072 248.0582 11.2382 0 0 0 0
1706584689.950000052 77.6278 247.7270 11.2380 0 0 0 0
1706584690.449999855 77.7288 247.4613 11.2360 0 0 0 0
1706584690.810000291 77.8572 247.1640 11.2370 0 0 0 0
1706584691.060000192 77.9738 246.8664 11.2335 0 0 0 0
1706584691.469999729 78.1176 246.4761 11.2268 0 0 0 0
1706584691.830000165 78.2285 246.1837 11.2236 0 0 0 0
1706584692.129999795 78.2896 245.9183 11.2163 0 0 0 0
1706584692.420000234 78.3699 245.6330 11.2151 0 0 0 0
1706584692.670000135 78.4839 245.3876 11.2118 0 0 0 0
1706584693.029999943 78.5843 245.1431 11.2092 0 0 0 0
1706584693.190000206 78.6770 244.9316 11.2090 0 0 0 0
1706584693.620000011 78.7391 244.6947 11.2054 0 0 0 0
1706584693.879999733 78.8359 244.4521 11.2070 0 0 0 0
1706584694.240000169 78.9005 244.1920 11.2056 0 0 0 0
1706584694.539999799 78.9961 243.9472 11.2063 0 0 0 0
1706584694.779999880 79.0957 243.6821 11.2044 0 0 0 0
1706584694.949999964 79.1508 243.5219 11.2047 0 0 0 0
1706584695.180000225 79.2230 243.3522 11.2013 0 0 0 0
1706584695.579999941 79.3734 242.9734 11.1920 0 0 0 0
1706584696.030000015 79.5405 242.6133 11.1777 0 0 0 0
1706584696.440000180 79.6949 242.2997 11.1669 0 0 0 0
1706584696.769999899 79.7957 242.0546 11.1605 0 0 0 0
1706584697.159999795 79.8950 241.8193 11.1552 0 0 0 0
1706584697.509999783 80.0360 241.5096 11.1436 0 0 0 0
1706584697.940000216 80.1845 241.1318 11.1306 0 0 0 0
1706584698.430000199 80.4589 240.3583 11.0991 0 0 0 0
1706584698.710000189 80.4589 240.3583 11.0991 0 0 0 0
1706584699.079999817 80.6103 240.0002 11.0855 0 0 0 0
1706584699.469999713 80.7754 239.6898 11.0790 0 0 0 0
1706584699.809999880 80.8953 239.3718 11.0719 0 0 0 0
1706584700.290000043 81.0553 238.9478 11.0621 0 0 0 0
1706584700.570000033 81.2197 238.5749 11.0524 0 0 0 0
1706584700.999999838 81.3633 238.1746 11.0450 0 0 0 0
1706584701.480000000 81.5060 237.8708 11.0401 0 0 0 0
1706584701.979999803 81.7352 237.4537 11.0374 0 0 0 0
1706584702.299999702 81.9141 237.1036 11.0335 0 0 0 0
1706584702.730000135 82.0852 236.8728 11.0292 0 0 0 0
1706584703.159999941 82.2728 236.5230 11.0254 0 0 0 0
1706584703.619999834 82.4216 236.2281 11.0163 0 0 0 0
1706584703.969999822 82.5884 235.7340 11.0220 0 0 0 0
1706584704.370000167 82.7564 235.3628 11.0115 0 0 0 0
1706584704.699999886 82.8915 235.0595 11.0182 0 0 0 0
1706584705.110000051 82.9802 234.7997 11.0139 0 0 0 0
1706584705.390000041 83.2416 234.5001 11.0155 0 0 0 0
1706584705.810000026 83.4235 234.1599 11.0196 0 0 0 0
1706584706.260000099 83.6278 233.7909 11.0247 0 0 0 0
1706584706.729999813 83.8035 233.4293 11.0255 0 0 0 0
1706584707.090000249 83.9537 233.0509 11.0234 0 0 0 0
1706584707.359999791 84.0978 232.8075 11.0209 0 0 0 0
1706584707.679999690 84.2871 232.5204 11.0168 0 0 0 0
1706584708.240000298 84.5709 231.7461 11.0044 0 0 0 0
1706584708.549999748 84.5709 231.7461 11.0044 0 0 0 0
1706584708.880000096 84.7570 231.3969 11.0092 0 0 0 0
1706584709.179999726 84.9650 231.0643 11.0183 0 0 0 0
1706584709.599999711 85.1439 230.7145 11.0328 0 0 0 0
1706584709.969999967 85.4342 230.0158 11.0493 0 0 0 0
1706584710.299999686 85.4342 230.0158 11.0493 0 0 0 0
1706584710.730000120 85.6474 229.5519 11.0478 0 0 0 0
1706584711.029999750 85.6806 229.1326 11.0458 0 0 0 0
1706584711.360000097 85.8216 228.9307 11.0491 0 0 0 0
1706584711.689999816 85.9322 228.7153 11.0547 0 0 0 0
1706584711.990000075 86.1382 228.3225 11.0574 0 0 0 0
1706584712.359999702 86.3079 228.0318 11.0597 0 0 0 0
1706584712.659999961 86.4645 227.8031 11.0723 0 0 0 0
1706584713.019999769 86.5842 227.5522 11.0788 0 0 0 0
1706584713.439999754 86.7822 227.1249 11.0958 0 0 0 0
1706584713.910000096 86.9973 226.7431 11.1075 0 0 0 0
1706584714.260000084 87.2238 226.3246 11.1120 0 0 0 0
1706584714.710000157 87.4672 225.7991 11.1189 0 0 0 0
1706584715.179999871 87.7545 225.1142 11.1500 0 0 0 0
1706584715.499999770 87.7545 225.1142 11.1500 0 0 0 0
1706584715.830000117 88.0180 224.7371 11.1688 0 0 0 0
1706584716.280000191 88.1878 224.3928 11.1691 0 0 0 0
1706584716.609999910 88.3781 224.1100 11.1845 0 0 0 0
1706584717.059999984 88.5663 223.7857 11.1967 0 0 0 0
1706584717.440000060 88.8331 223.3278 11.2033 0 0 0 0
1706584717.869999865 89.0719 222.9284 11.2090 0 0 0 0
1706584718.259999761 89.2687 222.4912 11.2147 0 0 0 0
1706584718.620000198 89.4175 222.0984 11.2232 0 0 0 0
1706584718.970000185 89.5595 221.6793 11.2304 0 0 0 0
1706584719.320000173 89.7048 221.3146 11.2401 0 0 0 0
1706584719.640000071 89.8794 220.8274 11.2415 0 0 0 0
1706584720.039999788 90.0696 220.3382 11.2467 0 0 0 0
1706584720.270000049 90.0696 220.3382 11.2467 0 0 0 0
1706584720.599999768 90.2167 220.0049 11.2472 0 0 0 0
1706584720.909999846 90.3829 219.6185 11.2505 0 0 0 0
1706584721.390000009 90.7280 219.0430 11.2489 0 0 0 0
1706584721.620000270 90.9164 218.7882 11.2512 0 0 0 0
1706584721.980000078 90.9164 218.7882 11.2512 0 0 0 0
1706584722.390000243 91.1397 218.5053 11.2539 0 0 0 0
1706584722.839999688 91.3627 218.1562 11.2568 0 0 0 0
1706584723.330000299 91.6040 217.7688 11.2808 0 0 0 0
1706584723.639999749 91.9500 217.3276 11.3082 0 0 0 0
1706584723.960000277 92.0167 217.0409 11.3236 0 0 0 0
1706584724.269999727 92.1966 216.6446 11.3325 0 0 0 0
1706584724.569999985 92.3757 216.3199 11.3399 0 0 0 0
1706584724.899999704 92.5043 216.0116 11.3471 0 0 0 0
1706584725.230000052 92.7061 215.6066 11.3369 0 0 0 0
1706584725.650000037 92.8578 215.3170 11.3392 0 0 0 0
1706584726.049999753 93.1027 214.9961 11.3314 0 0 0 0
1706584726.359999832 93.2692 214.6823 11.3319 0 0 0 0
1706584726.599999913 93.4347 214.3813 11.3326 0 0 0 0
1706584726.900000172 93.5667 214.0870 11.3333 0 0 0 0
1706584727.250000159 93.6856 213.8262 11.3418 0 0 0 0
1706584727.619999787 93.8611 213.5201 11.3458 0 0 0 0
1706584728.120000218 94.0913 213.0526 11.3531 0 0 0 0
1706584728.519999934 94.3201 212.5710 11.3544 0 0 0 0
1706584728.890000191 94.5481 212.0998 11.3575 0 0 0 0
1706584729.159999732 94.8004 211.5082 11.3573 0 0 0 0
1706584729.299999727 94.8004 211.5082 11.3573 0 0 0 0
1706584729.539999808 94.9102 211.3508 11.3523 0 0 0 0
1706584729.770000069 95.0491 211.1299 11.3509 0 0 0 0
1706584730.010000151 95.2432 210.7113 11.3472 0 0 0 0
1706584730.209999694 95.2432 210.7113 11.3472 0 0 0 0
1706584730.419999687 95.4036 210.4447 11.3444 0 0 0 0
1706584730.700000306 95.5559 210.1418 11.3446 0 0 0 0
1706584731.020000204 95.6552 209.9309 11.3457 0 0 0 0
1706584731.340000103 95.8084 209.6353 11.3419 0 0 0 0
1706584731.860000174 95.9834 209.2974 11.3431 0 0 0 0
1706584732.219999982 96.1596 209.0341 11.3442 0 0 0 0
1706584732.460000063 96.3305 208.7763 11.3446 0 0 0 0
1706584732.759999693 96.4679 208.5907 11.3432 0 0 0 0
1706584733.040000312 96.6419 208.3699 11.3386 0 0 0 0
1706584733.470000117 96.8017 208.1525 11.3361 0 0 0 0
1706584733.869999833 96.9528 207.9606 11.3368 0 0 0 0
1706584734.289999818 97.1302 207.6788 11.3410 0 0 0 0
1706584734.660000075 97.3134 207.3365 11.3483 0 0 0 0
1706584735.110000148 97.5086 206.9457 11.3552 0 0 0 0
1706584735.539999953 97.6716 206.5655 11.3601 0 0 0 0
1706584735.910000210 97.8205 206.2261 11.3654 0 0 0 0
1706584736.290000286 97.9628 205.8555 11.3702 0 0 0 0
1706584736.669999734 98.0578 205.5505 11.3795 0 0 0 0
1706584736.939999904 98.1452 205.3092 11.3858 0 0 0 0
1706584737.280000071 98.2443 205.0366 11.3933 0 0 0 0
1706584737.579999701 98.3105 204.7885 11.4003 0 0 0 0
1706584738.029999775 98.4711 204.3685 11.4057 0 0 0 0
1706584738.339999854 98.4711 204.3685 11.4057 0 0 0 0
1706584738.700000290 98.5627 204.1146 11.4104 0 0 0 0
1706584739.160000184 98.6567 203.8754 11.4163 0 0 0 0
1706584739.559999900 98.7411 203.6091 11.4245 0 0 0 0
1706584739.930000156 98.8115 203.2979 11.4293 0 0 0 0
1706584740.280000144 98.8653 203.0255 11.4353 0 0 0 0
1706584740.670000040 98.9286 202.7555 11.4310 0 0 0 0
1706584740.999999759 98.9611 202.5905 11.4303 0 0 0 0
1706584741.409999924 98.9862 202.4499 11.4286 0 0 0 0
1706584741.820000089 99.0057 202.3471 11.4259 0 0 0 0
1706584742.240000074 98.9909 202.2793 11.4244 0 0 0 0
1706584742.620000150 98.9901 202.2749 11.4243 0 0 0 0
1706584743.049999955 98.9903 202.2781 11.4241 0 0 0 0
1706584743.439999851 98.9903 202.2781 11.4241 0 0 0 0
1706584743.850000016 98.9902 202.2782 11.4241 0 0 0 0
1706584743.910000194 98.9902 202.2782 11.4241 0 0 0 0
1706584744.319999730 98.9903 202.2781 11.4241 0 0 0 0
1706584744.689999986 98.9903 202.2782 11.4241 0 0 0 0
1706584744.920000248 98.9902 202.2783 11.4240 0 0 0 0
1706584745.200000238 98.9902 202.2782 11.4240 0 0 0 0
1706584745.469999779 98.9903 202.2782 11.4240 0 0 0 0
1706584745.779999858 98.9902 202.2783 11.4240 0 0 0 0
1706584745.959999762 98.9902 202.2782 11.4240 0 0 0 0
1706584746.239999752 98.9903 202.2782 11.4240 0 0 0 0
1706584746.449999744 98.9902 202.2783 11.4240 0 0 0 0
1706584746.680000005 98.9903 202.2782 11.4240 0 0 0 0
