1706585905.829999805 200.0004 307.1107 11.2453 0 0 0 0
1706585905.990000069 200.0004 307.1107 11.2453 0 0 0 0
1706585906.249999790 200.0004 307.1107 11.2453 0 0 0 0
1706585906.449999963 200.0004 307.1107 11.2453 0 0 0 0
1706585906.639999687 200.0004 307.1106 11.2452 0 0 0 0
1706585906.820000219 200.0004 307.1107 11.2453 0 0 0 0
1706585907.009999943 200.0005 307.1106 11.2452 0 0 0 0
1706585907.240000204 200.0005 307.1107 11.2452 0 0 0 0
1706585907.639999921 200.0005 307.1106 11.2452 0 0 0 0
1706585907.989999908 200.0003 307.1105 11.2453 0 0 0 0
1706585908.360000164 200.0005 307.1107 11.2453 0 0 0 0
1706585908.519999799 200.0005 307.1107 11.2453 0 0 0 0
1706585908.759999881 200.0004 307.1106 11.2453 0 0 0 0
1706585908.909999696 200.0004 307.1105 11.2453 0 0 0 0
1706585909.069999959 200.0005 307.1107 11.2453 0 0 0 0
1706585909.219999774 200.0005 307.1107 11.2453 0 0 0 0
1706585909.349999949 200.0005 307.1107 11.2453 0 0 0 0
1706585909.499999764 200.0004 307.1107 11.2453 0 0 0 0
1706585909.699999937 200.0004 307.1106 11.2453 0 0 0 0
1706585909.909999929 200.0004 307.1105 11.2453 0 0 0 0
1706585910.159999831 200.0004 307.1106 11.2453 0 0 0 0
1706585910.369999823 200.0004 307.1104 11.2453 0 0 0 0
1706585910.609999904 200.0003 307.1104 11.2453 0 0 0 0
1706585910.800000257 200.0003 307.1104 11.2453 0 0 0 0
1706585910.999999801 200.0003 307.1103 11.2453 0 0 0 0
1706585911.309999879 200.0003 307.1104 11.2452 0 0 0 0
1706585911.680000136 200.0003 307.1104 11.2453 0 0 0 0
1706585911.920000217 200.0003 307.1104 11.2453 0 0 0 0
1706585912.189999758 200.0004 307.1104 11.2452 0 0 0 0
1706585912.380000111 200.0004 307.1104 11.2453 0 0 0 0
1706585912.620000192 200.0004 307.1104 11.2453 0 0 0 0
1706585912.919999822 200.0003 307.1105 11.2453 0 0 0 0
1706585913.169999723 200.0003 307.1105 11.2453 0 0 0 0
1706585913.430000073 200.0002 307.1105 11.2453 0 0 0 0
1706585913.670000155 200.0002 307.1105 11.2452 0 0 0 0
1706585913.889999967 200.0003 307.1105 11.2452 0 0 0 0
1706585914.149999688 200.0003 307.1107 11.2452 0 0 0 0
1706585914.389999770 200.0001 307.1108 11.2452 0 0 0 0
1706585914.599999762 200.0002 307.1106 11.2452 0 0 0 0
1706585914.790000115 200.0001 307.1107 11.2452 0 0 0 0
1706585915.070000105 200.0002 307.1107 11.2452 0 0 0 0
1706585915.219999920 200.0002 307.1105 11.2452 0 0 0 0
1706585915.420000092 200.0002 307.1105 11.2452 0 0 0 0
1706585915.649999725 200.0002 307.1106 11.2452 0 0 0 0
1706585915.840000077 200.0002 307.1104 11.2452 0 0 0 0
1706585916.010000161 200.0002 307.1105 11.2452 0 0 0 0
1706585916.269999882 200.0001 307.1105 11.2452 0 0 0 0
1706585916.500000143 199.9999 307.1104 11.2452 0 0 0 0
1706585916.740000225 200.0002 307.1103 11.2452 0 0 0 0
1706585917.039999855 200.0002 307.1104 11.2452 0 0 0 0
1706585917.310000025 200.0001 307.1103 11.2452 0 0 0 0
1706585917.650000192 200.0000 307.1102 11.2452 0 0 0 0
1706585920.629999996 200.0003 307.1106 11.2452 0 0 0 0
1706585920.839999989 200.0004 307.1106 11.2452 0 0 0 0
1706585921.000000252 200.0004 307.1107 11.2452 0 0 0 0
1706585921.269999794 200.0003 307.1108 11.2452 0 0 0 0
1706585921.539999964 200.0002 307.1109 11.2451 0 0 0 0
1706585921.749999956 200.0002 307.1109 11.2451 0 0 0 0
1706585921.980000217 200.0004 307.1109 11.2452 0 0 0 0
1706585922.139999853 200.0004 307.1098 11.2453 0 0 0 0
1706585922.349999845 200.0004 307.1100 11.2453 0 0 0 0
1706585922.580000106 200.0004 307.1102 11.2453 0 0 0 0
1706585922.739999741 200.0006 307.1100 11.2452 0 0 0 0
1706585922.920000274 200.0005 307.1101 11.2452 0 0 0 0
1706585923.119999818 200.0005 307.1099 11.2452 0 0 0 0
1706585923.369999719 200.0004 307.1096 11.2452 0 0 0 0
1706585923.590000160 200.0005 307.1097 11.2452 0 0 0 0
1706585923.840000061 200.0004 307.1097 11.2452 0 0 0 0
1706585924.110000231 200.0004 307.1097 11.2452 0 0 0 0
1706585924.360000133 200.0004 307.1097 11.2452 0 0 0 0
1706585924.600000214 200.0004 307.1096 11.2452 0 0 0 0
1706585924.789999938 200.0004 307.1096 11.2452 0 0 0 0
1706585924.939999753 200.0004 307.1096 11.2452 0 0 0 0
1706585925.109999836 200.0004 307.1096 11.2452 0 0 0 0
1706585925.279999920 200.0004 307.1096 11.2452 0 0 0 0
1706585925.550000090 200.0004 307.1095 11.2453 0 0 0 0
1706585925.739999814 200.0004 307.1097 11.2452 0 0 0 0
1706585925.909999898 200.0004 307.1095 11.2453 0 0 0 0
1706585926.140000159 200.0004 307.1093 11.2452 0 0 0 0
1706585926.390000060 200.0004 307.1094 11.2453 0 0 0 0
1706585926.560000144 200.0004 307.1094 11.2453 0 0 0 0
1706585926.730000228 200.0004 307.1095 11.2452 0 0 0 0
1706585927.040000306 200.0004 307.1094 11.2453 0 0 0 0
1706585927.290000208 200.0004 307.1093 11.2452 0 0 0 0
1706585927.699999744 200.0004 307.1094 11.2452 0 0 0 0
1706585927.920000185 200.0004 307.1097 11.2453 0 0 0 0
1706585928.209999995 200.0005 307.1104 11.2452 0 0 0 0
1706585935.759999906 200.0005 307.1105 11.2453 0 0 0 0
1706585935.950000258 200.0005 307.1105 11.2453 0 0 0 0
1706585936.160000251 200.0005 307.1104 11.2453 0 0 0 0
1706585936.510000238 200.0005 307.1105 11.2453 0 0 0 0
1706585936.709999782 200.0005 307.1105 11.2453 0 0 0 0
1706585937.019999861 200.0005 307.1105 11.2453 0 0 0 0
1706585937.250000122 200.0005 307.1104 11.2453 0 0 0 0
1706585937.530000112 200.0005 307.1104 11.2453 0 0 0 0
1706585937.819999922 199.9976 307.0918 11.2469 0 0 0 0
1706585938.179999730 199.9721 306.9868 11.2514 0 0 0 0
1706585938.519999897 199.9273 306.8099 11.2608 0 0 0 0
1706585938.890000153 199.8436 306.6043 11.2751 0 0 0 0
1706585939.130000235 199.7813 306.4141 11.2864 0 0 0 0
1706585939.459999953 199.6967 306.2558 11.2972 0 0 0 0
1706585939.830000210 199.6337 306.1137 11.3080 0 0 0 0
1706585940.080000111 199.5559 305.9202 11.3237 0 0 0 0
1706585940.409999830 199.5041 305.7658 11.3321 0 0 0 0
1706585940.619999822 199.3692 305.4827 11.3491 0 0 0 0
1706585940.899999812 199.3692 305.4827 11.3491 0 0 0 0
1706585941.109999805 199.2889 305.3281 11.3586 0 0 0 0
1706585941.449999972 199.2435 305.1862 11.3608 0 0 0 0
1706585941.750000231 199.1937 305.0424 11.3624 0 0 0 0
1706585942.060000310 199.1456 304.8868 11.3640 0 0 0 0
1706585942.289999942 199.0988 304.7150 11.3660 0 0 0 0
1706585942.630000110 199.0723 304.5574 11.3631 0 0 0 0
1706585943.029999826 199.0194 304.4103 11.3636 0 0 0 0
1706585943.430000171 198.9525 304.1233 11.3658 0 0 0 0
1706585943.689999892 198.9156 303.7713 11.3559 0 0 0 0
1706585944.030000060 198.9063 303.4953 11.3483 0 0 0 0
1706585944.249999872 198.8624 303.2324 11.3442 0 0 0 0
1706585944.470000314 198.8354 303.0903 11.3439 0 0 0 0
1706585944.680000306 198.7808 302.9158 11.3432 0 0 0 0
1706585944.940000027 198.7546 302.7609 11.3405 0 0 0 0
1706585945.269999746 198.7232 302.5479 11.3424 0 0 0 0
1706585945.679999911 198.6690 302.3048 11.3447 0 0 0 0
1706585946.099999896 198.6104 301.9997 11.3490 0 0 0 0
1706585946.559999790 198.5511 301.7225 11.3583 0 0 0 0
1706585946.949999686 198.4991 301.4193 11.3630 0 0 0 0
1706585947.240000125 198.4447 301.1398 11.3688 0 0 0 0
1706585947.669999930 198.3916 300.8170 11.3747 0 0 0 0
1706585948.089999915 198.3102 300.4363 11.3796 0 0 0 0
1706585948.479999811 198.2394 300.1005 11.3859 0 0 0 0
1706585948.950000154 198.1972 299.8006 11.3910 0 0 0 0
1706585949.419999868 198.1488 299.4445 11.3942 0 0 0 0
1706585949.750000215 198.1349 299.1514 11.3998 0 0 0 0
1706585950.060000294 198.1028 298.9491 11.4032 0 0 0 0
1706585950.410000281 198.0620 298.6874 11.4007 0 0 0 0
1706585950.690000271 197.8973 298.1787 11.4217 0 0 0 0
1706585950.870000175 197.8973 298.1787 11.4217 0 0 0 0
1706585951.239999803 197.7874 298.0007 11.4403 0 0 0 0
1706585951.619999879 197.7293 297.7505 11.4471 0 0 0 0
1706585951.899999869 197.7518 297.6240 11.4539 0 0 0 0
1706585952.170000039 197.7453 297.3940 11.4542 0 0 0 0
1706585952.520000027 197.7086 297.1842 11.4589 0 0 0 0
1706585952.820000285 197.6961 296.8816 11.4569 0 0 0 0
1706585953.189999913 197.6202 296.7108 11.4733 0 0 0 0
1706585953.549999720 197.5666 296.5079 11.4795 0 0 0 0
1706585953.859999799 197.4653 296.1874 11.4934 0 0 0 0
1706585954.169999878 197.4088 295.9579 11.4997 0 0 0 0
1706585954.440000048 197.3719 295.7827 11.5038 0 0 0 0
1706585954.759999947 197.3484 295.6475 11.5057 0 0 0 0
1706585955.100000114 197.3119 295.5354 11.5106 0 0 0 0
1706585955.380000104 197.2889 295.3763 11.5096 0 0 0 0
1706585955.809999909 197.2081 295.0585 11.5051 0 0 0 0
1706585956.099999719 197.1509 294.8018 11.5070 0 0 0 0
1706585956.409999798 197.0738 294.6760 11.5138 0 0 0 0
1706585956.710000057 197.0147 294.5443 11.5101 0 0 0 0
1706585956.990000047 196.9879 294.3713 11.5144 0 0 0 0
1706585957.470000209 196.9424 294.0921 11.5124 0 0 0 0
1706585957.960000192 196.9118 293.7123 11.5143 0 0 0 0
1706585958.340000268 196.8273 293.3511 11.5240 0 0 0 0
1706585958.789999713 196.8025 293.0655 11.5211 0 0 0 0
1706585959.229999967 196.7449 292.6416 11.5158 0 0 0 0
1706585959.689999861 196.5690 292.3789 11.5167 0 0 0 0
1706585960.079999757 196.5112 292.2980 11.5162 0 0 0 0
1706585960.480000102 196.5057 292.2931 11.5162 0 0 0 0
1706585960.790000181 196.4973 292.2751 11.5162 0 0 0 0
1706585961.110000079 196.4314 292.1491 11.5149 0 0 0 0
1706585961.479999707 196.3237 291.7858 11.5139 0 0 0 0
1706585961.849999963 196.2141 291.4237 11.5142 0 0 0 0
1706585962.260000128 196.0849 291.1266 11.5141 0 0 0 0
1706585962.570000207 195.9786 290.8854 11.5168 0 0 0 0
1706585962.880000286 195.8288 290.5752 11.5214 0 0 0 0
1706585963.340000180 195.6810 290.2959 11.5262 0 0 0 0
1706585963.690000167 195.6133 290.1672 11.5287 0 0 0 0
1706585963.970000157 195.5870 290.0881 11.5311 0 0 0 0
1706585964.210000238 195.5903 290.0970 11.5309 0 0 0 0
1706585964.509999868 195.5828 290.0714 11.5316 0 0 0 0
1706585964.959999942 195.5451 289.8782 11.5327 0 0 0 0
1706585965.319999750 195.5326 289.7202 11.5341 0 0 0 0
1706585965.690000006 195.5382 289.5294 11.5354 0 0 0 0
1706585966.000000085 195.5515 289.3833 11.5356 0 0 0 0
1706585966.359999892 195.5548 289.1990 11.5359 0 0 0 0
1706585966.620000242 195.5759 288.8185 11.5371 0 0 0 0
1706585966.959999781 195.6039 288.4788 11.5386 0 0 0 0
1706585967.400000035 195.6805 288.0505 11.5382 0 0 0 0
1706585967.840000289 195.8174 287.4041 11.5350 0 0 0 0
1706585968.209999916 195.8174 287.4041 11.5350 0 0 0 0
1706585968.589999992 195.8657 286.8943 11.5287 0 0 0 0
1706585969.000000157 195.8808 286.5301 11.5313 0 0 0 0
1706585969.359999965 195.8769 286.1954 11.5298 0 0 0 0
1706585969.819999859 195.8249 285.6945 11.5337 0 0 0 0
1706585970.209999755 195.7285 285.1795 11.5438 0 0 0 0
1706585970.670000277 195.6254 284.7043 11.5556 0 0 0 0
1706585971.020000265 195.5581 284.2713 11.5668 0 0 0 0
1706585971.399999713 195.5386 283.7705 11.5702 0 0 0 0
1706585971.790000238 195.4470 283.2162 11.5610 0 0 0 0
1706585972.019999870 195.3532 282.8380 11.5524 0 0 0 0
1706585972.329999949 195.2781 282.5283 11.5458 0 0 0 0
1706585972.679999936 195.1871 282.1772 11.5402 0 0 0 0
1706585973.020000104 195.1224 281.8561 11.5382 0 0 0 0
1706585973.410000000 195.0212 281.3790 11.5357 0 0 0 0
1706585973.809999716 194.9413 280.9798 11.5334 0 0 0 0
1706585974.109999975 194.8806 280.6853 11.5309 0 0 0 0
1706585974.369999697 194.7545 280.1675 11.5326 0 0 0 0
1706585974.599999958 194.7545 280.1675 11.5326 0 0 0 0
1706585974.989999854 194.6586 279.9124 11.5332 0 0 0 0
1706585975.269999844 194.6127 279.6755 11.5290 0 0 0 0
1706585975.600000191 194.5877 279.4204 11.5223 0 0 0 0
1706585975.910000270 194.5890 279.2071 11.5177 0 0 0 0
1706585976.200000080 194.5099 278.6516 11.4912 0 0 0 0
1706585976.449999982 194.5099 278.6516 11.4912 0 0 0 0
1706585976.779999700 194.4471 277.9893 11.4596 0 0 0 0
1706585977.079999959 194.4471 277.9893 11.4596 0 0 0 0
1706585977.600000030 194.4594 277.7603 11.4571 0 0 0 0
1706585977.970000287 194.4720 277.5415 11.4519 0 0 0 0
1706585978.279999737 194.5181 277.2347 11.4512 0 0 0 0
1706585978.549999907 194.5520 276.9809 11.4488 0 0 0 0
1706585978.799999808 194.5712 276.7546 11.4474 0 0 0 0
1706585979.049999709 194.5868 276.6343 11.4479 0 0 0 0
1706585979.399999697 194.6165 276.3714 11.4455 0 0 0 0
1706585979.870000039 194.6519 275.8492 11.4436 0 0 0 0
1706585980.240000295 194.6799 275.5155 11.4397 0 0 0 0
1706585980.679999921 194.7299 274.8667 11.4308 0 0 0 0
1706585980.959999911 194.7299 274.8667 11.4308 0 0 0 0
1706585981.319999718 194.6734 274.5297 11.4230 0 0 0 0
1706585981.549999979 194.6097 274.1131 11.4103 0 0 0 0
1706585981.780000241 194.5200 273.9263 11.3972 0 0 0 0
1706585981.949999696 194.4301 273.6791 11.3930 0 0 0 0
1706585982.179999957 194.4318 273.4979 11.3912 0 0 0 0
1706585982.399999769 194.3778 273.3844 11.3845 0 0 0 0
1706585982.749999757 194.2783 273.0599 11.3888 0 0 0 0
1706585983.169999742 194.1374 272.8340 11.3949 0 0 0 0
1706585983.509999909 194.0411 272.5847 11.3996 0 0 0 0
1706585983.869999717 193.7247 272.0687 11.4091 0 0 0 0
1706585984.190000244 193.7247 272.0687 11.4091 0 0 0 0
1706585984.669999778 193.5819 271.7477 11.4084 0 0 0 0
1706585985.060000303 193.4705 271.4944 11.4094 0 0 0 0
1706585985.340000293 193.3334 271.2028 11.4072 0 0 0 0
1706585985.630000103 193.2020 270.9496 11.4071 0 0 0 0
1706585985.919999913 193.1119 270.6821 11.4066 0 0 0 0
1706585986.369999987 192.9863 270.3234 11.4068 0 0 0 0
1706585986.699999706 192.9511 270.0982 11.4049 0 0 0 0
1706585986.990000145 192.9303 269.9719 11.4049 0 0 0 0
1706585987.380000041 192.9229 269.8820 11.4045 0 0 0 0
1706585987.699999940 192.9088 269.6540 11.4026 0 0 0 0
1706585987.909999932 192.9161 269.3664 11.3992 0 0 0 0
1706585988.220000011 192.9685 268.7649 11.3956 0 0 0 0
1706585988.579999818 192.9685 268.7649 11.3956 0 0 0 0
1706585988.980000163 192.9595 268.3598 11.3942 0 0 0 0
1706585989.199999976 192.9365 268.0645 11.3935 0 0 0 0
1706585989.459999697 192.9138 267.8491 11.3932 0 0 0 0
1706585989.739999687 192.8727 267.5817 11.3979 0 0 0 0
1706585990.100000123 192.8153 267.2980 11.4010 0 0 0 0
1706585990.389999934 192.7691 267.0392 11.4044 0 0 0 0
1706585990.720000281 192.7323 266.7254 11.4025 0 0 0 0
1706585991.089999909 192.6876 266.3183 11.4092 0 0 0 0
1706585991.609999980 192.6060 265.9512 11.4120 0 0 0 0
1706585991.920000059 192.5105 265.5775 11.4130 0 0 0 0
1706585992.139999871 192.4110 265.1944 11.4195 0 0 0 0
1706585992.360000312 192.3401 264.9063 11.4207 0 0 0 0
1706585992.690000031 192.2923 264.7441 11.4199 0 0 0 0
1706585992.909999844 192.2596 264.5153 11.4179 0 0 0 0
1706585993.180000014 192.2286 264.3025 11.4189 0 0 0 0
1706585993.469999824 192.2129 264.0121 11.4221 0 0 0 0
1706585993.840000080 192.1835 263.7022 11.4272 0 0 0 0
1706585994.269999885 192.1067 263.2994 11.4382 0 0 0 0
1706585994.619999873 191.9919 262.8821 11.4402 0 0 0 0
1706585994.829999865 191.9693 262.5985 11.4432 0 0 0 0
1706585995.030000038 191.9231 262.3209 11.4364 0 0 0 0
1706585995.510000200 191.9799 262.0086 11.4327 0 0 0 0
1706585995.809999830 192.0164 261.7818 11.4423 0 0 0 0
1706585996.019999823 191.9803 261.5771 11.4483 0 0 0 0
1706585996.199999726 191.8947 261.2662 11.4579 0 0 0 0
1706585996.549999714 191.7745 260.9048 11.4728 0 0 0 0
1706585996.880000061 191.7745 260.9048 11.4728 0 0 0 0
1706585997.309999866 191.6991 260.5378 11.4708 0 0 0 0
1706585997.720000031 191.6223 260.1048 11.4704 0 0 0 0
1706585998.000000021 191.5769 259.8147 11.4704 0 0 0 0
1706585998.440000275 191.4996 259.4874 11.4686 0 0 0 0
1706585998.809999903 191.4474 259.2525 11.4712 0 0 0 0
1706585999.110000161 191.3404 258.7261 11.4708 0 0 0 0
1706585999.379999703 191.3404 258.7261 11.4708 0 0 0 0
1706585999.740000139 191.3370 258.5009 11.4664 0 0 0 0
1706586000.109999767 191.2947 258.1417 11.4638 0 0 0 0
1706586000.459999754 191.2427 257.8747 11.4621 0 0 0 0
1706586000.890000188 191.1555 257.4569 11.4645 0 0 0 0
1706586001.389999990 191.1191 257.1764 11.4658 0 0 0 0
1706586001.859999704 191.0153 256.5066 11.4787 0 0 0 0
1706586002.239999780 190.9263 256.1307 11.4875 0 0 0 0
1706586002.530000219 190.9263 256.1307 11.4875 0 0 0 0
1706586002.939999755 190.8167 255.8242 11.4986 0 0 0 0
1706586003.410000098 190.7040 255.4224 11.5043 0 0 0 0
1706586003.879999812 190.6530 255.0396 11.5216 0 0 0 0
1706586004.259999888 190.5981 254.7183 11.5274 0 0 0 0
1706586004.709999962 190.5446 254.3296 11.5364 0 0 0 0
1706586005.020000041 190.4592 254.0249 11.5379 0 0 0 0
1706586005.489999754 190.3506 253.7012 11.5325 0 0 0 0
1706586005.839999742 190.2853 253.4074 11.5225 0 0 0 0
1706586006.249999907 190.1897 253.0893 11.5151 0 0 0 0
1706586006.749999709 190.1404 252.8102 11.5024 0 0 0 0
1706586007.110000146 190.0980 252.5566 11.4983 0 0 0 0
1706586007.500000042 190.0377 252.2466 11.4878 0 0 0 0
1706586007.870000298 189.9969 251.9506 11.4813 0 0 0 0
1706586008.200000017 189.9315 251.7457 11.4793 0 0 0 0
1706586008.640000271 189.8646 251.3440 11.4681 0 0 0 0
1706586008.960000169 189.8381 251.0261 11.4572 0 0 0 0
1706586009.389999975 189.8351 250.8013 11.4484 0 0 0 0
1706586009.669999965 189.8124 250.5902 11.4405 0 0 0 0
1706586009.989999863 189.7671 250.3394 11.4329 0 0 0 0
1706586010.269999853 189.7161 250.0897 11.4262 0 0 0 0
1706586010.530000203 189.6731 249.8538 11.4224 0 0 0 0
1706586010.869999742 189.6475 249.6271 11.4171 0 0 0 0
1706586011.249999818 189.5911 249.4002 11.4140 0 0 0 0
1706586011.639999715 189.5346 249.0850 11.4135 0 0 0 0
1706586012.089999788 189.4866 248.8447 11.4187 0 0 0 0
1706586012.390000047 189.4079 248.5093 11.4126 0 0 0 0
1706586012.770000123 189.2516 247.8759 11.3948 0 0 0 0
1706586012.980000116 189.2516 247.8759 11.3948 0 0 0 0
1706586013.339999923 189.1603 247.5849 11.3880 0 0 0 0
1706586013.750000088 189.0749 247.2744 11.3739 0 0 0 0
1706586014.130000165 189.0072 247.0219 11.3653 0 0 0 0
1706586014.580000238 188.8342 246.3689 11.3419 0 0 0 0
1706586014.949999866 188.8342 246.3689 11.3419 0 0 0 0
1706586015.430000029 188.7408 246.1125 11.3383 0 0 0 0
1706586015.730000287 188.6513 245.7394 11.3308 0 0 0 0
1706586016.039999737 188.5994 245.5210 11.3266 0 0 0 0
1706586016.300000087 188.5480 245.3163 11.3243 0 0 0 0
1706586016.619999986 188.4843 245.0935 11.3267 0 0 0 0
1706586016.869999887 188.4118 244.8394 11.3262 0 0 0 0
1706586017.170000146 188.3271 244.5782 11.3273 0 0 0 0
1706586017.490000045 188.2662 244.2941 11.3279 0 0 0 0
1706586017.739999946 188.2020 243.9507 11.3240 0 0 0 0
1706586018.129999842 188.1300 243.5409 11.3221 0 0 0 0
1706586018.360000104 188.1300 243.5409 11.3221 0 0 0 0
1706586018.759999820 188.0639 243.2162 11.3207 0 0 0 0
1706586019.039999810 188.0123 242.9430 11.3195 0 0 0 0
1706586019.480000064 187.9507 242.6596 11.3222 0 0 0 0
1706586019.879999780 187.8731 242.3503 11.3267 0 0 0 0
1706586020.229999768 187.7913 242.0266 11.3292 0 0 0 0
1706586020.590000204 187.7107 241.6924 11.3329 0 0 0 0
1706586020.950000011 187.6157 241.1725 11.3317 0 0 0 0
1706586021.209999733 187.6157 241.1725 11.3317 0 0 0 0
1706586021.509999991 187.5820 240.7545 11.3217 0 0 0 0
1706586021.769999713 187.5457 240.5447 11.3128 0 0 0 0
1706586022.149999789 187.5199 240.2511 11.3005 0 0 0 0
1706586022.459999868 187.4805 239.9075 11.2841 0 0 0 0
1706586022.769999946 187.4464 239.6634 11.2744 0 0 0 0
1706586023.220000020 187.4346 239.2152 11.2545 0 0 0 0
1706586023.520000279 187.4346 239.2152 11.2545 0 0 0 0
1706586023.929999815 187.4282 239.0405 11.2450 0 0 0 0
1706586024.349999800 187.3939 238.8621 11.2379 0 0 0 0
1706586024.599999702 187.3574 238.6926 11.2307 0 0 0 0
1706586024.850000232 187.3612 238.6221 11.2267 0 0 0 0
1706586025.109999953 187.3389 238.4887 11.2207 0 0 0 0
1706586025.499999849 187.3250 238.1182 11.2029 0 0 0 0
1706586025.830000197 187.3250 238.1182 11.2029 0 0 0 0
1706586026.169999735 187.3427 238.0049 11.2017 0 0 0 0
1706586026.479999814 187.3433 237.8477 11.1953 0 0 0 0
1706586026.729999715 187.3097 237.6502 11.1928 0 0 0 0
1706586027.130000060 187.2322 237.3349 11.1852 0 0 0 0
1706586027.599999774 187.1860 237.1331 11.1814 0 0 0 0
1706586027.900000033 187.1162 236.8929 11.1760 0 0 0 0
1706586028.250000020 187.0785 236.7726 11.1738 0 0 0 0
1706586028.600000008 187.0238 236.5957 11.1704 0 0 0 0
1706586028.879999998 186.9773 236.4892 11.1671 0 0 0 0
1706586029.120000079 186.9400 236.3650 11.1663 0 0 0 0
1706586029.479999887 186.8912 236.2166 11.1635 0 0 0 0
1706586029.869999783 186.8371 236.0733 11.1616 0 0 0 0
1706586030.240000039 186.7767 235.9326 11.1597 0 0 0 0
1706586030.610000296 186.6787 235.7281 11.1583 0 0 0 0
1706586030.919999746 186.6033 235.6248 11.1566 0 0 0 0
1706586031.269999733 186.4773 235.4160 11.1562 0 0 0 0
1706586031.709999987 186.2885 235.2039 11.1546 0 0 0 0
1706586031.980000157 186.2548 235.1577 11.1550 0 0 0 0
1706586032.379999873 186.2959 235.2403 11.1568 0 0 0 0
1706586032.740000309 186.3592 235.3454 11.1574 0 0 0 0
1706586033.039999940 186.4381 235.4480 11.1594 0 0 0 0
1706586033.370000287 186.4587 235.4958 11.1591 0 0 0 0
1706586033.779999823 186.5466 235.6034 11.1588 0 0 0 0
1706586034.159999900 186.6206 235.6785 11.1597 0 0 0 0
1706586034.539999976 186.6881 235.7434 11.1601 0 0 0 0
1706586034.850000055 186.7228 235.7694 11.1596 0 0 0 0
1706586035.160000133 186.7746 235.8032 11.1607 0 0 0 0
1706586035.480000032 186.8945 235.8900 11.1607 0 0 0 0
1706586035.809999751 187.0476 235.9614 11.1610 0 0 0 0
1706586036.140000098 187.0845 235.9841 11.1610 0 0 0 0
1706586036.529999995 187.0648 235.9723 11.1607 0 0 0 0
1706586036.910000071 187.0853 235.9823 11.1601 0 0 0 0
1706586037.190000061 187.0831 235.9827 11.1603 0 0 0 0
1706586037.700000312 187.0540 235.9721 11.1606 0 0 0 0
1706586037.980000302 187.0013 235.9628 11.1603 0 0 0 0
1706586038.279999932 186.8823 235.9437 11.1599 0 0 0 0
1706586038.559999922 186.7290 235.9384 11.1588 0 0 0 0
1706586038.769999915 186.6271 235.9382 11.1576 0 0 0 0
1706586039.000000176 186.5932 235.9428 11.1582 0 0 0 0
1706586039.240000257 186.5925 235.9418 11.1586 0 0 0 0
1706586039.460000070 186.5925 235.9418 11.1586 0 0 0 0
1706586039.770000149 186.5043 235.9592 11.1604 0 0 0 0
1706586040.120000136 186.3015 236.0198 11.1588 0 0 0 0
1706586040.489999764 186.1838 236.0207 11.1634 0 0 0 0
1706586040.869999840 186.2252 236.0286 11.1630 0 0 0 0
1706586041.179999919 186.4277 236.0356 11.1606 0 0 0 0
1706586041.429999820 186.6055 236.0240 11.1594 0 0 0 0
1706586041.629999992 186.7316 235.9779 11.1573 0 0 0 0
1706586042.089999886 186.6790 236.0078 11.1579 0 0 0 0
1706586042.430000054 186.5647 236.1069 11.1596 0 0 0 0
1706586042.800000310 186.4432 236.2340 11.1614 0 0 0 0
1706586043.130000029 186.3561 236.3828 11.1670 0 0 0 0
1706586043.389999750 186.2738 236.5452 11.1699 0 0 0 0
1706586043.879999733 186.2103 236.7479 11.1740 0 0 0 0
1706586044.249999989 186.2014 236.9135 11.1794 0 0 0 0
1706586044.579999708 186.1951 237.1609 11.1835 0 0 0 0
1706586044.980000053 186.2049 237.3168 11.1878 0 0 0 0
1706586045.439999946 186.2743 237.5836 11.1918 0 0 0 0
1706586045.890000020 186.4077 237.8470 11.1974 0 0 0 0
1706586046.310000005 186.5316 238.1112 11.2047 0 0 0 0
1706586046.669999813 186.8570 238.8931 11.2388 0 0 0 0
1706586046.960000251 186.8570 238.8931 11.2388 0 0 0 0
1706586047.269999702 187.0475 239.2866 11.2537 0 0 0 0
1706586047.819999862 187.3663 239.8297 11.2772 0 0 0 0
1706586048.209999758 187.5347 240.1454 11.2952 0 0 0 0
1706586048.519999837 187.5984 240.3787 11.3072 0 0 0 0
1706586048.909999733 187.6264 240.4865 11.3120 0 0 0 0
1706586049.209999992 187.6594 240.7115 11.3222 0 0 0 0
1706586049.639999797 187.7114 241.0298 11.3307 0 0 0 0
1706586050.070000230 187.7478 241.4680 11.3334 0 0 0 0
1706586050.460000127 187.7776 242.2872 11.3283 0 0 0 0
1706586050.810000114 187.8476 243.1501 11.3208 0 0 0 0
1706586051.080000284 187.8476 243.1501 11.3208 0 0 0 0
1706586051.500000269 188.0373 244.0764 11.3254 0 0 0 0
1706586051.790000079 188.0373 244.0764 11.3254 0 0 0 0
1706586052.089999709 188.1337 244.4217 11.3275 0 0 0 0
1706586052.369999699 188.2368 244.7681 11.3281 0 0 0 0
1706586052.719999687 188.3593 245.1426 11.3256 0 0 0 0
1706586052.989999857 188.5550 245.6542 11.3288 0 0 0 0
1706586053.460000199 188.6838 246.1212 11.3378 0 0 0 0
1706586053.880000184 188.7985 246.5739 11.3461 0 0 0 0
1706586054.300000169 188.9186 247.1093 11.3692 0 0 0 0
1706586054.809999792 189.0318 247.6827 11.3923 0 0 0 0
1706586055.259999866 189.1223 248.1529 11.4092 0 0 0 0
1706586055.590000213 189.2117 248.6978 11.4171 0 0 0 0
1706586055.929999752 189.2659 249.0679 11.4212 0 0 0 0
1706586056.279999739 189.3359 249.4311 11.4218 0 0 0 0
1706586056.680000084 189.3526 249.7728 11.4257 0 0 0 0
1706586057.130000158 189.3796 250.2015 11.4381 0 0 0 0
1706586057.590000052 189.4459 250.7493 11.4547 0 0 0 0
1706586058.110000123 189.5142 251.2600 11.4696 0 0 0 0
1706586058.549999748 189.5781 251.8595 11.4849 0 0 0 0
1706586058.999999822 189.6666 252.3196 11.4954 0 0 0 0
1706586059.400000167 189.7404 252.8037 11.5111 0 0 0 0
1706586059.790000063 189.8146 253.2888 11.5271 0 0 0 0
1706586060.219999868 189.8954 253.7527 11.5382 0 0 0 0
1706586060.529999947 190.0082 254.3696 11.5443 0 0 0 0
1706586060.870000115 190.0952 254.7335 11.5434 0 0 0 0
1706586061.159999925 190.1680 255.1546 11.5279 0 0 0 0
1706586061.570000090 190.2423 255.4749 11.5135 0 0 0 0
1706586061.850000080 190.3821 255.9276 11.5077 0 0 0 0
1706586062.139999890 190.4646 256.2718 11.4961 0 0 0 0
1706586062.480000057 190.5637 256.6309 11.4878 0 0 0 0
1706586062.860000134 190.6256 256.9691 11.4815 0 0 0 0
1706586063.170000212 190.7609 257.4733 11.4730 0 0 0 0
1706586063.460000022 190.8281 257.8216 11.4708 0 0 0 0
1706586063.740000012 190.8965 258.1023 11.4721 0 0 0 0
1706586064.129999909 190.9330 258.3964 11.4772 0 0 0 0
1706586064.559999714 191.0126 258.8435 11.4813 0 0 0 0
1706586064.920000150 191.0818 259.2158 11.4807 0 0 0 0
1706586065.370000224 191.1557 259.6753 11.4820 0 0 0 0
1706586065.680000302 191.2341 260.1572 11.4845 0 0 0 0
1706586066.019999841 191.3215 260.4311 11.4865 0 0 0 0
1706586066.450000275 191.3504 260.8490 11.4828 0 0 0 0
1706586066.910000169 191.3836 261.1089 11.4847 0 0 0 0
1706586067.309999885 191.3611 261.3818 11.4811 0 0 0 0
1706586067.890000134 191.4201 261.9097 11.4711 0 0 0 0
1706586068.319999939 191.5328 262.4478 11.4615 0 0 0 0
1706586068.700000015 191.5341 263.1727 11.4533 0 0 0 0
1706586069.099999731 191.6062 263.6459 11.4481 0 0 0 0
1706586069.560000254 191.7615 264.2072 11.4354 0 0 0 0
1706586069.939999701 191.9299 264.6188 11.4253 0 0 0 0
1706586070.309999958 192.0975 265.1591 11.4244 0 0 0 0
1706586070.599999768 192.1066 265.4804 11.4261 0 0 0 0
1706586070.900000026 192.1417 265.7608 11.4243 0 0 0 0
1706586071.180000016 192.1934 266.0998 11.4251 0 0 0 0
1706586071.499999915 192.2698 266.4958 11.4208 0 0 0 0
1706586071.849999903 192.3110 266.8820 11.4209 0 0 0 0
1706586072.339999885 192.3635 267.4892 11.4099 0 0 0 0
1706586072.699999693 192.4123 268.0463 11.4069 0 0 0 0
1706586073.060000129 192.4996 268.6430 11.4045 0 0 0 0
1706586073.429999757 192.4996 268.6430 11.4045 0 0 0 0
1706586073.809999833 192.6286 269.3447 11.4060 0 0 0 0
1706586074.159999820 192.6623 269.7844 11.4092 0 0 0 0
1706586074.479999719 192.6804 270.1050 11.4122 0 0 0 0
1706586074.840000155 192.7078 270.4387 11.4173 0 0 0 0
1706586075.129999965 192.7458 270.8408 11.4225 0 0 0 0
1706586075.530000310 192.7812 271.5749 11.4301 0 0 0 0
1706586075.740000303 192.7812 271.5749 11.4301 0 0 0 0
1706586075.990000204 192.8178 271.9387 11.4336 0 0 0 0
1706586076.160000288 192.8473 272.1767 11.4350 0 0 0 0
1706586076.340000192 192.8620 272.4195 11.4388 0 0 0 0
1706586076.590000093 192.8765 272.6706 11.4414 0 0 0 0
1706586077.070000255 192.9532 273.0797 11.4445 0 0 0 0
1706586077.509999881 193.0075 273.4996 11.4503 0 0 0 0
1706586077.940000314 193.1391 274.0506 11.4550 0 0 0 0
1706586078.279999853 193.1909 274.6132 11.4599 0 0 0 0
1706586078.839999833 193.2824 275.0353 11.4640 0 0 0 0
1706586079.119999823 193.3740 275.5105 11.4660 0 0 0 0
1706586079.289999907 193.4373 275.7920 11.4691 0 0 0 0
1706586079.690000252 193.4893 276.1568 11.4727 0 0 0 0
1706586080.080000148 193.5255 276.4437 11.4724 0 0 0 0
1706586080.400000047 193.5656 276.8069 11.4762 0 0 0 0
1706586080.729999766 193.6546 277.3276 11.4721 0 0 0 0
1706586081.139999931 193.8194 277.9359 11.4714 0 0 0 0
1706586081.389999832 193.8194 277.9359 11.4714 0 0 0 0
1706586081.799999997 193.9219 278.3224 11.4791 0 0 0 0
1706586082.180000073 194.0025 278.5886 11.4910 0 0 0 0
1706586082.600000058 194.0806 279.0056 11.5124 0 0 0 0
1706586082.969999686 194.1931 279.5041 11.5323 0 0 0 0
1706586083.290000213 194.2819 279.9142 11.5434 0 0 0 0
1706586083.619999932 194.3592 280.3486 11.5470 0 0 0 0
1706586083.979999740 194.4351 280.7215 11.5493 0 0 0 0
1706586084.410000173 194.5373 281.4790 11.5518 0 0 0 0
1706586084.699999983 194.5373 281.4790 11.5518 0 0 0 0
1706586085.049999971 194.6320 281.9007 11.5548 0 0 0 0
1706586085.469999956 194.7249 282.3532 11.5552 0 0 0 0
1706586085.920000030 194.8391 282.7969 11.5607 0 0 0 0
1706586086.220000288 194.9709 283.2890 11.5714 0 0 0 0
1706586086.580000096 195.0713 283.5967 11.5797 0 0 0 0
1706586086.909999815 195.1428 283.9131 11.5805 0 0 0 0
1706586087.200000254 195.3178 284.6186 11.5680 0 0 0 0
1706586087.529999972 195.3178 284.6186 11.5680 0 0 0 0
1706586087.900000229 195.4459 285.0536 11.5516 0 0 0 0
1706586088.269999856 195.5792 285.7843 11.5401 0 0 0 0
1706586088.570000115 195.5792 285.7843 11.5401 0 0 0 0
1706586089.020000189 195.7230 286.3062 11.5340 0 0 0 0
1706586089.379999996 195.9116 286.8451 11.5338 0 0 0 0
1706586089.849999710 196.0853 287.2160 11.5314 0 0 0 0
1706586090.310000232 196.2291 287.5259 11.5316 0 0 0 0
1706586090.770000126 196.3647 288.0266 11.5325 0 0 0 0
1706586091.069999756 196.3647 288.0266 11.5325 0 0 0 0
1706586091.460000281 196.3855 288.1562 11.5321 0 0 0 0
1706586091.920000175 196.4187 288.3611 11.5321 0 0 0 0
1706586092.310000071 196.4576 288.8040 11.5310 0 0 0 0
1706586092.590000061 196.5207 289.4498 11.5265 0 0 0 0
1706586092.879999871 196.5207 289.4498 11.5265 0 0 0 0
1706586093.269999768 196.5410 289.7080 11.5261 0 0 0 0
1706586093.679999933 196.5735 290.0216 11.5219 0 0 0 0
1706586094.109999738 196.6255 290.3974 11.5201 0 0 0 0
1706586094.549999991 196.6787 290.7942 11.5155 0 0 0 0
1706586094.949999708 196.8212 291.3100 11.5141 0 0 0 0
1706586095.310000144 196.9043 291.6652 11.5124 0 0 0 0
1706586095.830000215 196.9756 291.9560 11.5132 0 0 0 0
1706586096.180000203 197.0627 292.3560 11.5133 0 0 0 0
1706586096.589999739 197.1097 292.6855 11.5129 0 0 0 0
1706586096.959999995 197.1488 292.9548 11.5104 0 0 0 0
1706586097.400000249 197.1635 293.3030 11.5119 0 0 0 0
1706586097.790000145 197.2019 293.6574 11.5106 0 0 0 0
1706586098.110000044 197.2452 294.0910 11.5064 0 0 0 0
1706586098.390000034 197.2758 294.4578 11.5013 0 0 0 0
1706586098.779999930 197.3013 294.7123 11.5014 0 0 0 0
1706586099.099999829 197.3517 294.9498 11.5022 0 0 0 0
1706586099.390000268 197.4182 295.2252 11.4972 0 0 0 0
1706586099.719999987 197.5764 295.5978 11.4845 0 0 0 0
1706586100.079999794 197.6310 295.9772 11.4778 0 0 0 0
1706586100.450000050 197.6825 296.2049 11.4724 0 0 0 0
1706586100.769999949 197.7145 296.3741 11.4674 0 0 0 0
1706586101.080000028 197.7637 296.5995 11.4604 0 0 0 0
1706586101.360000018 197.8374 296.8699 11.4489 0 0 0 0
1706586101.679999917 197.8881 297.1370 11.4429 0 0 0 0
1706586101.999999816 197.9143 297.3664 11.4403 0 0 0 0
1706586102.360000252 197.9210 297.6191 11.4370 0 0 0 0
1706586102.699999791 197.9647 297.8929 11.4288 0 0 0 0
1706586102.969999961 198.0023 298.1805 11.4169 0 0 0 0
1706586103.270000219 198.0326 298.4481 11.4147 0 0 0 0
1706586103.720000293 198.0425 298.6337 11.4187 0 0 0 0
1706586104.040000192 198.0870 298.9452 11.4022 0 0 0 0
1706586104.420000268 198.2246 299.3795 11.3838 0 0 0 0
1706586104.789999896 198.2179 299.8140 11.3809 0 0 0 0
1706586105.239999969 198.2343 300.0891 11.3786 0 0 0 0
1706586105.699999863 198.2536 300.3789 11.3805 0 0 0 0
1706586106.130000297 198.2753 300.7344 11.3766 0 0 0 0
1706586106.579999742 198.3624 301.2243 11.3734 0 0 0 0
1706586107.169999811 198.4970 301.7798 11.3610 0 0 0 0
1706586107.640000153 198.6303 302.1990 11.3495 0 0 0 0
1706586107.999999961 198.7476 302.5371 11.3429 0 0 0 0
1706586108.499999763 198.9288 303.0612 11.3336 0 0 0 0
1706586108.800000022 199.0234 303.3786 11.3344 0 0 0 0
1706586109.150000010 199.1177 303.6431 11.3359 0 0 0 0
1706586109.450000268 199.2012 303.9230 11.3422 0 0 0 0
1706586109.889999893 199.3218 304.3100 11.3455 0 0 0 0
1706586110.339999967 199.4516 304.7624 11.3452 0 0 0 0
1706586110.810000310 199.5833 305.2500 11.3327 0 0 0 0
1706586111.230000295 199.7789 305.7640 11.3085 0 0 0 0
1706586111.609999742 199.8852 306.0522 11.2904 0 0 0 0
1706586111.979999999 199.9130 306.2557 11.2835 0 0 0 0
1706586112.390000164 199.9233 306.4177 11.2789 0 0 0 0
1706586112.780000060 199.9866 306.8056 11.2627 0 0 0 0
1706586113.160000136 200.0854 307.1404 11.2430 0 0 0 0
1706586113.659999939 200.1659 307.5133 11.2229 0 0 0 0
1706586114.130000281 200.2116 307.7025 11.2142 0 0 0 0
1706586114.550000266 200.2095 307.6878 11.2149 0 0 0 0
1706586114.819999808 200.2087 307.6863 11.2150 0 0 0 0
1706586115.089999977 200.2088 307.6863 11.2150 0 0 0 0
1706586115.470000054 200.2088 307.6863 11.2150 0 0 0 0
1706586115.740000224 200.2088 307.6863 11.2150 0 0 0 0
1706586116.319999844 200.2088 307.6864 11.2151 0 0 0 0
1706586116.540000285 200.2088 307.6863 11.2149 0 0 0 0
1706586116.930000181 200.2086 307.6864 11.2149 0 0 0 0
1706586117.129999725 200.2087 307.6862 11.2149 0 0 0 0
1706586117.399999895 200.2087 307.6861 11.2149 0 0 0 0
1706586117.670000065 200.2086 307.6862 11.2149 0 0 0 0
1706586117.880000058 200.2087 307.6862 11.2149 0 0 0 0
1706586118.139999779 200.2087 307.6863 11.2149 0 0 0 0
1706586118.330000131 200.2087 307.6861 11.2149 0 0 0 0
1706586118.500000215 200.2087 307.6861 11.2149 0 0 0 0
1706586118.720000028 200.2087 307.6861 11.2149 0 0 0 0
1706586118.930000020 200.2087 307.6861 11.2149 0 0 0 0
1706586119.109999924 200.2087 307.6862 11.2149 0 0 0 0
1706586119.300000276 200.2087 307.6861 11.2149 0 0 0 0
1706586119.720000261 200.2087 307.6862 11.2149 0 0 0 0
1706586120.059999800 200.2087 307.6860 11.2149 0 0 0 0
1706586120.460000145 200.2083 307.6860 11.2147 0 0 0 0
1706586120.789999864 200.2087 307.6861 11.2149 0 0 0 0
1706586120.840000222 200.2087 307.6861 11.2149 0 0 0 0
1706586121.169999940 200.2087 307.6860 11.2149 0 0 0 0
1706586121.389999753 200.2086 307.6860 11.2147 0 0 0 0
1706586123.640000122 200.2087 307.6861 11.2148 0 0 0 0
1706586123.789999937 200.2088 307.6859 11.2147 0 0 0 0
1706586124.340000097 200.2088 307.6861 11.2148 0 0 0 0
