1706585260.309999832 1000.000 2002.7521 11.3937 0 0 0 0
1706585260.479999916 1000.000 2002.7521 11.3937 0 0 0 0
1706585260.729999817 1000.000 2002.7521 11.3937 0 0 0 0
1706585261.039999896 1000.000 2002.7521 11.3937 0 0 0 0
1706585261.319999886 1000.000 2002.7522 11.3937 0 0 0 0
1706585261.599999876 1000.000 2002.7521 11.3937 0 0 0 0
1706585261.919999775 1000.000 2002.7522 11.3937 0 0 0 0
1706585262.350000208 1000.000 2002.7522 11.3937 0 0 0 0
1706585262.719999836 1000.000 2002.7522 11.3937 0 0 0 0
1706585263.060000003 1000.000 2002.7523 11.3937 0 0 0 0
1706585263.419999811 1000.000 2002.7524 11.3937 0 0 0 0
1706585263.729999890 1000.000 2002.7522 11.3937 0 0 0 0
1706585263.990000240 1000.000 2002.7523 11.3937 0 0 0 0
1706585264.149999875 1000.000 2002.7522 11.3937 0 0 0 0
1706585264.450000133 1000.000 2002.7523 11.3937 0 0 0 0
1706585264.709999855 1000.000 2002.7522 11.3937 0 0 0 0
1706585265.050000022 1000.000 2002.7521 11.3937 0 0 0 0
1706585270.660000271 1000.000 2002.7521 11.3937 0 0 0 0
1706585270.789999817 1000.000 2002.7519 11.3937 0 0 0 0
1706585271.029999899 1000.000 2002.7520 11.3937 0 0 0 0
1706585271.309999889 1000.000 2002.7521 11.3937 0 0 0 0
1706585271.669999696 1000.000 2002.7522 11.3937 0 0 0 0
1706585272.140000039 1000.000 2002.7520 11.3937 0 0 0 0
1706585272.490000026 1000.000 2002.7521 11.3937 0 0 0 0
1706585272.730000108 1000.000 2002.7520 11.3937 0 0 0 0
1706585272.940000100 1000.000 2002.7520 11.3937 0 0 0 0
1706585273.110000184 1000.000 2002.7519 11.3937 0 0 0 0
1706585273.390000174 999.9994 2002.7529 11.3937 0 0 0 0
1706585273.749999981 999.9812 2002.7662 11.3947 0 0 0 0
1706585274.090000149 999.9107 2002.8260 11.3956 0 0 0 0
1706585274.419999868 999.8122 2002.9184 11.3959 0 0 0 0
1706585274.690000038 999.7131 2003.0166 11.3957 0 0 0 0
1706585274.960000208 999.6503 2003.0742 11.3983 0 0 0 0
1706585275.320000015 999.5481 2003.1906 11.3964 0 0 0 0
1706585275.649999734 999.3740 2003.3629 11.3931 0 0 0 0
1706585276.019999990 999.1725 2003.5534 11.3959 0 0 0 0
1706585276.409999887 999.0018 2003.7819 11.3944 0 0 0 0
1706585276.850000140 998.6957 2004.0629 11.3979 0 0 0 0
1706585277.030000044 998.4546 2004.3317 11.4000 0 0 0 0
1706585277.319999854 998.4546 2004.3317 11.4000 0 0 0 0
1706585277.639999753 998.2376 2004.6667 11.3917 0 0 0 0
1706585278.080000007 998.0547 2004.9171 11.3881 0 0 0 0
1706585278.539999900 997.7038 2005.2284 11.3767 0 0 0 0
1706585278.889999888 997.4533 2005.4656 11.3711 0 0 0 0
1706585279.339999962 997.1445 2005.8015 11.3637 0 0 0 0
1706585279.829999944 996.8895 2006.1309 11.3593 0 0 0 0
1706585280.200000200 996.2502 2006.8161 11.3456 0 0 0 0
1706585280.580000277 996.2502 2006.8161 11.3456 0 0 0 0
1706585281.029999722 995.9967 2007.1165 11.3376 0 0 0 0
1706585281.430000067 995.7408 2007.4256 11.3304 0 0 0 0
1706585281.889999961 995.4330 2007.7993 11.3327 0 0 0 0
1706585282.239999948 995.1490 2008.1097 11.3363 0 0 0 0
1706585282.640000293 994.7969 2008.5340 11.3388 0 0 0 0
1706585283.019999741 994.5099 2008.8986 11.3365 0 0 0 0
1706585283.389999997 994.2064 2009.2517 11.3352 0 0 0 0
1706585283.660000167 993.9748 2009.5639 11.3388 0 0 0 0
1706585284.089999972 993.5859 2010.0347 11.3417 0 0 0 0
1706585284.330000053 993.3623 2010.2654 11.3453 0 0 0 0
1706585284.579999954 993.1583 2010.4552 11.3523 0 0 0 0
1706585284.840000304 992.9040 2010.6612 11.3560 0 0 0 0
1706585285.130000114 992.6540 2010.8815 11.3554 0 0 0 0
1706585285.529999831 992.2125 2011.2055 11.3582 0 0 0 0
1706585285.869999998 991.9679 2011.4851 11.3603 0 0 0 0
1706585286.219999986 991.6926 2011.7627 11.3583 0 0 0 0
1706585286.619999702 990.9921 2012.4659 11.3447 0 0 0 0
1706585286.919999961 990.9921 2012.4659 11.3447 0 0 0 0
1706585287.260000128 990.6305 2012.7842 11.3442 0 0 0 0
1706585287.570000207 990.3935 2013.0196 11.3418 0 0 0 0
1706585287.890000106 990.1225 2013.2822 11.3415 0 0 0 0
1706585288.149999827 989.8799 2013.5675 11.3422 0 0 0 0
1706585288.590000081 989.6143 2013.9036 11.3495 0 0 0 0
1706585288.930000248 989.3811 2014.2407 11.3514 0 0 0 0
1706585289.269999787 989.2228 2014.5089 11.3560 0 0 0 0
1706585289.700000221 988.9574 2015.0045 11.3236 0 0 0 0
1706585290.150000295 988.6740 2015.5901 11.2904 0 0 0 0
1706585290.510000102 988.3831 2015.6401 11.2868 0 0 0 0
1706585290.820000181 988.2444 2016.1610 11.2675 0 0 0 0
1706585291.210000077 988.0063 2016.4273 11.2594 0 0 0 0
1706585291.579999705 987.9537 2016.7428 11.2501 0 0 0 0
1706585291.779999877 987.7237 2017.0203 11.2515 0 0 0 0
1706585292.010000139 987.5957 2017.1807 11.2534 0 0 0 0
1706585292.339999857 987.4406 2017.3961 11.2522 0 0 0 0
1706585292.710000114 987.2215 2017.6767 11.2552 0 0 0 0
1706585292.969999835 986.9459 2018.0877 11.2539 0 0 0 0
1706585293.319999822 986.6853 2018.4235 11.2481 0 0 0 0
1706585293.610000261 986.4768 2018.6365 11.2423 0 0 0 0
1706585293.879999802 986.3417 2018.7985 11.2439 0 0 0 0
1706585294.159999792 986.1038 2019.0509 11.2409 0 0 0 0
1706585294.499999960 985.8773 2019.3460 11.2388 0 0 0 0
1706585294.910000125 985.6470 2019.6043 11.2324 0 0 0 0
1706585295.180000295 985.0678 2020.2486 11.2111 0 0 0 0
1706585295.349999750 985.0678 2020.2486 11.2111 0 0 0 0
1706585295.540000102 984.9081 2020.3628 11.2054 0 0 0 0
1706585295.820000092 984.7624 2020.5115 11.2035 0 0 0 0
1706585296.259999718 984.4460 2020.8345 11.1982 0 0 0 0
1706585296.569999796 984.2125 2021.1096 11.1889 0 0 0 0
1706585296.940000053 983.8687 2021.5924 11.1739 0 0 0 0
1706585297.280000220 983.4901 2022.1262 11.1495 0 0 0 0
1706585297.640000028 983.4901 2022.1262 11.1495 0 0 0 0
1706585298.080000281 983.2519 2022.4961 11.1385 0 0 0 0
1706585298.410000000 983.0197 2022.9367 11.1179 0 0 0 0
1706585298.650000081 982.8624 2023.2599 11.1115 0 0 0 0
1706585298.899999983 982.6966 2023.4845 11.1068 0 0 0 0
1706585299.240000150 982.4583 2023.7785 11.1009 0 0 0 0
1706585299.560000049 982.2246 2024.0151 11.0902 0 0 0 0
1706585299.910000036 982.0140 2024.3114 11.0870 0 0 0 0
1706585300.150000118 981.7594 2024.6188 11.0732 0 0 0 0
1706585300.549999834 981.5611 2024.8993 11.0706 0 0 0 0
1706585300.950000179 981.3076 2025.2429 11.0642 0 0 0 0
1706585301.359999715 981.0184 2025.6287 11.0567 0 0 0 0
1706585301.720000152 980.7241 2026.0459 11.0505 0 0 0 0
1706585302.229999774 980.3786 2026.5114 11.0459 0 0 0 0
1706585302.719999757 980.0647 2026.8801 11.0427 0 0 0 0
1706585303.199999919 979.6036 2027.4058 11.0260 0 0 0 0
1706585303.610000084 979.0277 2028.2191 11.0026 0 0 0 0
1706585303.999999980 979.0277 2028.2191 11.0026 0 0 0 0
1706585304.389999877 978.7538 2028.5590 11.0043 0 0 0 0
1706585304.690000135 978.5166 2028.8706 11.0080 0 0 0 0
1706585305.019999854 978.1700 2029.2460 11.0088 0 0 0 0
1706585305.269999756 977.9267 2029.5288 11.0140 0 0 0 0
1706585305.619999743 977.7136 2029.7870 11.0163 0 0 0 0
1706585305.989999999 977.5449 2030.0485 11.0219 0 0 0 0
1706585306.269999989 977.3260 2030.3829 11.0232 0 0 0 0
1706585306.549999979 977.0811 2030.7494 11.0142 0 0 0 0
1706585306.990000233 976.7676 2031.1197 11.0021 0 0 0 0
1706585307.399999769 976.5390 2031.3693 11.0104 0 0 0 0
1706585307.879999932 976.4165 2031.6970 11.0104 0 0 0 0
1706585308.339999826 976.0863 2032.0869 11.0244 0 0 0 0
1706585308.869999717 975.8132 2032.6485 11.0316 0 0 0 0
1706585309.319999791 975.5904 2033.0762 11.0309 0 0 0 0
1706585309.680000227 975.3060 2033.3993 11.0354 0 0 0 0
1706585310.189999850 974.9981 2033.8193 11.0408 0 0 0 0
1706585310.639999923 974.7497 2034.1649 11.0495 0 0 0 0
1706585311.059999908 974.4245 2034.5895 11.0595 0 0 0 0
1706585311.409999896 974.1764 2034.9183 11.0722 0 0 0 0
1706585311.719999975 973.7340 2035.5541 11.0944 0 0 0 0
1706585311.979999696 973.7340 2035.5541 11.0944 0 0 0 0
1706585312.400000310 973.4557 2035.9141 11.1066 0 0 0 0
1706585312.779999757 973.2440 2036.1998 11.1170 0 0 0 0
1706585313.110000105 972.9580 2036.5406 11.1308 0 0 0 0
1706585313.530000090 972.7510 2036.8244 11.1390 0 0 0 0
1706585314.020000072 972.3902 2037.3573 11.1578 0 0 0 0
1706585314.510000055 972.0676 2037.8530 11.1747 0 0 0 0
1706585314.939999860 971.7561 2038.2948 11.1904 0 0 0 0
1706585315.319999936 971.2292 2039.0308 11.2054 0 0 0 0
1706585315.700000012 971.2292 2039.0308 11.2054 0 0 0 0
1706585316.099999729 970.9918 2039.3534 11.2088 0 0 0 0
1706585316.500000074 970.7845 2039.6552 11.2115 0 0 0 0
1706585316.840000241 970.3967 2040.2528 11.2115 0 0 0 0
1706585317.219999689 970.1656 2040.6595 11.2144 0 0 0 0
1706585317.570000305 969.9107 2041.0680 11.2187 0 0 0 0
1706585317.930000112 969.6965 2041.3979 11.2195 0 0 0 0
1706585318.170000194 969.3813 2041.8903 11.2240 0 0 0 0
1706585318.660000176 969.1004 2042.3701 11.2270 0 0 0 0
1706585319.050000072 968.7925 2042.8237 11.2319 0 0 0 0
1706585319.309999794 968.5930 2043.1042 11.2317 0 0 0 0
1706585319.640000141 968.3812 2043.3990 11.2397 0 0 0 0
1706585320.009999769 968.1426 2043.7261 11.2481 0 0 0 0
1706585320.400000294 967.6533 2044.4292 11.2644 0 0 0 0
1706585320.569999749 967.6533 2044.4292 11.2644 0 0 0 0
1706585320.879999828 967.4100 2044.7845 11.2720 0 0 0 0
1706585321.289999993 967.1884 2045.1505 11.2779 0 0 0 0
1706585321.749999886 966.8816 2045.6361 11.2931 0 0 0 0
1706585322.269999958 966.5556 2046.1859 11.3079 0 0 0 0
1706585322.740000300 966.1784 2046.7893 11.3261 0 0 0 0
1706585323.140000016 965.8128 2047.3609 11.3374 0 0 0 0
1706585323.490000004 965.5438 2047.8249 11.3604 0 0 0 0
1706585323.839999991 965.3416 2048.1715 11.3802 0 0 0 0
1706585324.250000156 965.0163 2048.6398 11.4026 0 0 0 0
1706585324.689999782 964.6680 2049.2008 11.4019 0 0 0 0
1706585325.109999767 964.3923 2049.6511 11.3948 0 0 0 0
1706585325.419999845 964.0914 2050.0089 11.3987 0 0 0 0
1706585325.809999742 963.7904 2050.3725 11.4062 0 0 0 0
1706585326.249999995 963.4342 2050.8116 11.4061 0 0 0 0
1706585326.599999983 962.9954 2051.1953 11.4048 0 0 0 0
1706585326.840000064 962.7400 2051.4739 11.4109 0 0 0 0
1706585327.089999965 962.4113 2051.7382 11.4074 0 0 0 0
1706585327.390000224 962.1434 2052.0808 11.4107 0 0 0 0
1706585327.659999765 961.9302 2052.2619 11.4065 0 0 0 0
1706585327.960000024 961.7263 2052.5863 11.4105 0 0 0 0
1706585328.289999743 961.4540 2052.9731 11.4035 0 0 0 0
1706585328.569999733 961.3542 2053.2790 11.4140 0 0 0 0
1706585328.949999809 961.0809 2053.7575 11.4228 0 0 0 0
1706585329.219999979 960.8068 2054.0164 11.4244 0 0 0 0
1706585329.439999792 960.7324 2054.2870 11.4267 0 0 0 0
1706585329.689999693 960.5414 2054.6424 11.4311 0 0 0 0
1706585330.080000218 960.3555 2054.9989 11.4314 0 0 0 0
1706585330.400000117 960.1388 2055.3046 11.4334 0 0 0 0
1706585330.710000196 959.9567 2055.6334 11.4355 0 0 0 0
1706585330.990000186 959.7814 2055.9704 11.4422 0 0 0 0
1706585331.359999813 959.5506 2056.3295 11.4448 0 0 0 0
1706585331.830000156 959.2930 2056.7182 11.4568 0 0 0 0
1706585332.210000232 958.9962 2057.2616 11.4765 0 0 0 0
1706585332.460000133 958.8514 2057.5657 11.4909 0 0 0 0
1706585332.730000303 958.7076 2057.8697 11.5088 0 0 0 0
1706585332.969999756 958.5397 2058.2310 11.5215 0 0 0 0
1706585333.150000288 958.4516 2058.4890 11.5300 0 0 0 0
1706585333.360000281 958.2904 2058.6986 11.5286 0 0 0 0
1706585333.599999733 958.1503 2058.9820 11.5259 0 0 0 0
1706585334.109999985 957.8040 2059.3795 11.5030 0 0 0 0
1706585334.520000149 957.5054 2059.7592 11.4779 0 0 0 0
1706585334.859999688 957.2303 2060.1171 11.4633 0 0 0 0
1706585335.169999767 957.0540 2060.3847 11.4514 0 0 0 0
1706585335.479999846 956.7928 2060.6436 11.4409 0 0 0 0
1706585335.700000287 956.5323 2060.9891 11.4344 0 0 0 0
1706585336.030000006 956.2209 2061.3580 11.4125 0 0 0 0
1706585336.289999727 955.9719 2061.6935 11.3982 0 0 0 0
1706585336.629999895 955.6299 2062.1796 11.3943 0 0 0 0
1706585336.890000245 955.6299 2062.1796 11.3943 0 0 0 0
1706585337.189999875 955.4572 2062.5024 11.3934 0 0 0 0
1706585337.469999865 955.0644 2063.1808 11.4124 0 0 0 0
1706585337.719999766 955.0644 2063.1808 11.4124 0 0 0 0
1706585338.230000017 954.7697 2063.6428 11.4288 0 0 0 0
1706585338.559999736 954.4642 2064.0947 11.4400 0 0 0 0
1706585338.890000083 954.2126 2064.4486 11.4531 0 0 0 0
1706585339.079999807 953.9687 2064.7788 11.4605 0 0 0 0
1706585339.349999977 953.7686 2065.0870 11.4629 0 0 0 0
1706585339.609999699 953.5740 2065.3430 11.4609 0 0 0 0
1706585339.819999691 953.3581 2065.6704 11.4652 0 0 0 0
1706585340.080000041 953.1695 2065.8538 11.4592 0 0 0 0
1706585340.310000302 953.0374 2066.0236 11.4631 0 0 0 0
1706585340.670000110 952.8277 2066.2338 11.4610 0 0 0 0
1706585341.090000095 952.4949 2066.6258 11.4513 0 0 0 0
1706585341.459999722 952.1397 2067.1020 11.4254 0 0 0 0
1706585341.799999890 951.7938 2067.5640 11.3854 0 0 0 0
1706585342.079999880 951.5056 2067.9629 11.3620 0 0 0 0
1706585342.459999956 951.3195 2068.2345 11.3543 0 0 0 0
1706585342.709999857 951.1581 2068.4967 11.3478 0 0 0 0
1706585343.089999934 950.8385 2068.9459 11.3380 0 0 0 0
1706585343.280000286 950.6365 2069.2293 11.3285 0 0 0 0
1706585343.479999830 950.4988 2069.4458 11.3255 0 0 0 0
1706585343.680000002 950.3490 2069.7049 11.3213 0 0 0 0
1706585344.039999810 950.1911 2070.0386 11.3189 0 0 0 0
1706585344.349999889 950.0497 2070.3749 11.3202 0 0 0 0
1706585344.610000239 949.9219 2070.6927 11.3231 0 0 0 0
1706585344.890000229 949.8078 2070.9161 11.3187 0 0 0 0
1706585345.159999770 949.5735 2071.3063 11.3049 0 0 0 0
1706585345.439999760 949.3921 2071.5902 11.2989 0 0 0 0
1706585345.749999839 949.1874 2071.8983 11.2882 0 0 0 0
1706585346.120000095 949.0664 2072.2210 11.2866 0 0 0 0
1706585346.519999811 948.9137 2072.5227 11.2767 0 0 0 0
1706585346.799999801 948.6760 2073.0736 11.2488 0 0 0 0
1706585347.069999971 948.5398 2073.4961 11.2251 0 0 0 0
1706585347.340000141 948.4678 2073.8524 11.2102 0 0 0 0
1706585347.800000035 948.3871 2074.1954 11.1983 0 0 0 0
1706585348.229999840 948.1328 2074.8742 11.1381 0 0 0 0
1706585348.590000276 947.8769 2075.0203 11.1110 0 0 0 0
1706585348.899999727 947.8769 2075.0203 11.1110 0 0 0 0
1706585349.249999714 947.9190 2075.3286 11.1239 0 0 0 0
1706585349.619999970 947.6995 2075.6908 11.1204 0 0 0 0
1706585350.009999867 947.4302 2076.0891 11.1159 0 0 0 0
1706585350.370000303 947.1587 2076.5054 11.1116 0 0 0 0
1706585350.669999933 946.9571 2076.8008 11.1017 0 0 0 0
1706585350.959999743 946.7735 2077.0659 11.0910 0 0 0 0
1706585351.469999994 946.4408 2077.5806 11.0703 0 0 0 0
1706585351.819999982 946.2162 2077.9663 11.0622 0 0 0 0
1706585352.219999698 945.9702 2078.3167 11.0588 0 0 0 0
1706585352.620000043 945.7701 2078.6105 11.0589 0 0 0 0
1706585352.990000299 945.4964 2078.9805 11.0543 0 0 0 0
1706585353.359999927 945.2625 2079.3174 11.0523 0 0 0 0
1706585353.779999912 945.0558 2079.5871 11.0475 0 0 0 0
1706585354.190000077 944.6965 2080.0233 11.0317 0 0 0 0
1706585354.530000244 944.4382 2080.3340 11.0169 0 0 0 0
1706585354.829999874 944.2885 2080.5598 11.0130 0 0 0 0
1706585355.130000133 944.0822 2080.8797 11.0009 0 0 0 0
1706585355.569999758 943.8282 2081.2090 10.9827 0 0 0 0
1706585355.989999743 943.6790 2081.4651 10.9673 0 0 0 0
1706585356.399999908 943.3807 2081.7925 10.9259 0 0 0 0
1706585356.910000159 943.0264 2082.1495 10.8543 0 0 0 0
1706585357.290000236 942.4590 2082.9211 10.6907 0 0 0 0
1706585357.599999686 942.4590 2082.9211 10.6907 0 0 0 0
1706585357.939999853 942.4300 2083.3053 10.6543 0 0 0 0
1706585358.240000112 942.2765 2083.6132 10.6238 0 0 0 0
1706585358.679999737 942.1338 2083.8454 10.6069 0 0 0 0
1706585359.189999988 941.9882 2084.0183 10.6002 0 0 0 0
1706585359.579999885 941.8872 2084.1015 10.5968 0 0 0 0
1706585359.840000235 941.7562 2084.1885 10.5915 0 0 0 0
1706585360.160000133 941.5970 2084.2712 10.5878 0 0 0 0
1706585360.529999761 941.4036 2084.3452 10.5816 0 0 0 0
1706585360.970000015 941.1792 2084.3773 10.5795 0 0 0 0
1706585361.410000268 940.9756 2084.4266 10.5777 0 0 0 0
1706585361.929999711 940.6672 2084.3985 10.5810 0 0 0 0
1706585362.400000053 940.3348 2084.3011 10.5803 0 0 0 0
1706585362.700000312 940.0735 2084.1778 10.5817 0 0 0 0
1706585362.960000033 939.9216 2084.0851 10.5832 0 0 0 0
1706585363.240000024 939.7517 2084.0205 10.5826 0 0 0 0
1706585363.620000100 939.5741 2084.0057 10.5805 0 0 0 0
1706585364.089999814 939.5235 2084.0245 10.5813 0 0 0 0
1706585364.539999887 939.6068 2084.0098 10.5816 0 0 0 0
1706585365.029999870 939.8135 2084.0154 10.5832 0 0 0 0
1706585365.409999946 939.9578 2084.0424 10.5841 0 0 0 0
1706585365.850000200 940.0611 2084.0832 10.5825 0 0 0 0
1706585366.189999739 940.1926 2084.1321 10.5812 0 0 0 0
1706585366.450000089 940.2325 2084.1729 10.5800 0 0 0 0
1706585366.650000261 940.2435 2084.1927 10.5792 0 0 0 0
1706585367.110000155 940.2038 2084.1204 10.5828 0 0 0 0
1706585367.509999871 940.1481 2083.9727 10.5836 0 0 0 0
1706585367.880000127 940.1031 2083.8424 10.5860 0 0 0 0
1706585368.290000292 940.0728 2083.7153 10.5880 0 0 0 0
1706585368.680000189 939.9894 2083.5994 10.5892 0 0 0 0
1706585369.049999816 940.0279 2083.6497 10.5878 0 0 0 0
1706585369.459999981 940.1294 2083.7862 10.5868 0 0 0 0
1706585369.870000146 940.2086 2083.9118 10.5812 0 0 0 0
1706585370.229999954 940.2120 2083.9035 10.5835 0 0 0 0
1706585370.619999850 940.2203 2083.7235 10.5872 0 0 0 0
1706585371.050000284 940.2561 2083.5093 10.5905 0 0 0 0
1706585371.459999820 940.2840 2083.3186 10.5993 0 0 0 0
1706585371.860000165 940.3689 2082.7731 10.6083 0 0 0 0
1706585372.079999978 940.4326 2082.4662 10.6172 0 0 0 0
1706585372.320000059 940.4326 2082.4662 10.6172 0 0 0 0
1706585372.670000046 940.5727 2082.1883 10.6332 0 0 0 0
1706585373.010000214 940.6225 2081.9610 10.6476 0 0 0 0
1706585373.320000293 940.6466 2081.9060 10.6560 0 0 0 0
1706585373.710000189 940.6479 2081.9173 10.6546 0 0 0 0
1706585374.109999905 940.7444 2081.7973 10.6755 0 0 0 0
1706585374.480000162 940.7444 2081.7973 10.6755 0 0 0 0
1706585374.889999698 940.8379 2081.6783 10.6909 0 0 0 0
1706585375.259999954 940.9675 2081.5586 10.7141 0 0 0 0
1706585375.590000302 941.1497 2081.3961 10.7293 0 0 0 0
1706585375.959999929 941.2420 2081.2549 10.7533 0 0 0 0
1706585376.319999737 941.3920 2081.0693 10.7905 0 0 0 0
1706585376.659999904 941.5510 2080.8925 10.8075 0 0 0 0
1706585376.969999983 941.7507 2080.7418 10.8363 0 0 0 0
1706585377.359999879 941.8955 2080.4519 10.8650 0 0 0 0
1706585377.709999867 942.0066 2080.2760 10.8813 0 0 0 0
1706585378.169999761 942.2348 2079.9648 10.9071 0 0 0 0
1706585378.570000106 942.4964 2079.5814 10.9297 0 0 0 0
1706585378.899999824 942.7472 2079.4246 10.9437 0 0 0 0
1706585379.209999903 942.8305 2079.3642 10.9476 0 0 0 0
1706585379.580000159 942.9532 2079.2703 10.9556 0 0 0 0
1706585379.909999878 943.1737 2079.1100 10.9633 0 0 0 0
1706585380.149999959 943.4232 2078.8989 10.9752 0 0 0 0
1706585380.530000036 943.6979 2078.6153 10.9797 0 0 0 0
1706585380.959999841 944.1827 2078.1161 10.9938 0 0 0 0
1706585381.339999917 944.5927 2077.6403 11.0007 0 0 0 0
1706585381.670000264 944.9238 2077.1666 11.0014 0 0 0 0
1706585381.999999983 945.1097 2076.8860 11.0033 0 0 0 0
1706585382.230000244 945.2930 2076.5824 11.0099 0 0 0 0
1706585382.499999786 945.5296 2076.1638 11.0162 0 0 0 0
1706585382.870000042 945.7588 2075.8612 11.0232 0 0 0 0
1706585383.229999850 946.0654 2075.4040 11.0378 0 0 0 0
1706585383.619999746 946.2535 2075.0712 11.0441 0 0 0 0
1706585383.990000002 946.5240 2074.6079 11.0564 0 0 0 0
1706585384.389999718 946.7888 2074.1881 11.0661 0 0 0 0
1706585384.750000155 946.9761 2073.8792 11.0785 0 0 0 0
1706585385.289999866 947.1708 2073.6438 11.1087 0 0 0 0
1706585385.599999945 947.3844 2073.1449 11.1557 0 0 0 0
1706585385.819999757 947.5751 2072.8400 11.1736 0 0 0 0
1706585386.019999930 947.7799 2072.5388 11.1894 0 0 0 0
1706585386.409999826 947.9687 2072.1941 11.2084 0 0 0 0
1706585386.770000262 948.1599 2071.9365 11.2188 0 0 0 0
1706585387.039999804 948.3658 2071.6449 11.2300 0 0 0 0
1706585387.330000242 948.5927 2071.4131 11.2435 0 0 0 0
1706585387.610000232 948.8365 2071.0495 11.2537 0 0 0 0
1706585388.000000129 949.2516 2070.3717 11.2637 0 0 0 0
1706585388.280000119 949.2516 2070.3717 11.2637 0 0 0 0
1706585388.579999749 949.4882 2070.0306 11.2742 0 0 0 0
1706585388.779999921 949.7058 2069.7716 11.2826 0 0 0 0
1706585388.980000094 949.9176 2069.5543 11.2929 0 0 0 0
1706585389.199999906 950.0727 2069.3670 11.2988 0 0 0 0
1706585389.509999985 950.2617 2069.1306 11.3071 0 0 0 0
1706585389.820000064 950.4748 2068.8513 11.3213 0 0 0 0
1706585390.160000231 950.8039 2068.3460 11.3316 0 0 0 0
1706585390.529999859 951.0427 2067.9055 11.3416 0 0 0 0
1706585390.890000295 951.2831 2067.4927 11.3583 0 0 0 0
1706585391.280000191 951.4570 2067.2224 11.3754 0 0 0 0
1706585391.800000262 951.7288 2066.8370 11.4018 0 0 0 0
1706585392.129999981 952.1050 2066.2694 11.4235 0 0 0 0
1706585392.389999703 952.4300 2065.7758 11.4262 0 0 0 0
1706585392.750000139 952.6879 2065.4603 11.4263 0 0 0 0
1706585393.140000035 952.9648 2065.1414 11.4336 0 0 0 0
1706585393.429999845 953.2138 2064.8325 11.4319 0 0 0 0
1706585393.790000281 953.4851 2064.4057 11.4243 0 0 0 0
1706585394.140000269 953.9654 2063.6963 11.4089 0 0 0 0
1706585394.369999901 953.9654 2063.6963 11.4089 0 0 0 0
1706585394.689999800 954.1560 2063.3917 11.4015 0 0 0 0
1706585395.029999968 954.3710 2063.0885 11.3942 0 0 0 0
1706585395.489999861 954.7174 2062.5904 11.3760 0 0 0 0
1706585395.909999846 955.1161 2062.0898 11.3687 0 0 0 0
1706585396.250000014 955.4491 2061.6258 11.3675 0 0 0 0
1706585396.569999913 955.8676 2061.0159 11.3915 0 0 0 0
1706585396.819999814 955.8676 2061.0159 11.3915 0 0 0 0
1706585397.120000073 956.1051 2060.6942 11.4135 0 0 0 0
1706585397.479999880 956.4010 2060.3554 11.4257 0 0 0 0
1706585397.799999779 956.6627 2060.0462 11.4419 0 0 0 0
1706585398.069999949 956.9277 2059.7305 11.4546 0 0 0 0
1706585398.340000119 957.1633 2059.3472 11.4719 0 0 0 0
1706585398.750000284 957.4790 2058.8157 11.4964 0 0 0 0
1706585399.070000183 957.6730 2058.4217 11.5100 0 0 0 0
1706585399.399999902 957.9255 2058.0181 11.5164 0 0 0 0
1706585399.649999803 958.3106 2057.5378 11.4971 0 0 0 0
1706585400.020000059 958.5090 2057.1592 11.4750 0 0 0 0
1706585400.419999775 958.7255 2056.8440 11.4619 0 0 0 0
1706585400.750000123 959.0239 2056.4149 11.4497 0 0 0 0
1706585401.219999837 959.3166 2056.0787 11.4408 0 0 0 0
1706585401.560000004 959.6423 2055.5740 11.4348 0 0 0 0
1706585401.900000172 959.8576 2055.1990 11.4280 0 0 0 0
1706585402.259999979 960.1119 2054.8703 11.4256 0 0 0 0
1706585402.649999876 960.4514 2054.3668 11.4239 0 0 0 0
1706585403.099999949 960.7755 2053.8770 11.4211 0 0 0 0
1706585403.510000114 961.4541 2052.9495 11.4124 0 0 0 0
1706585403.930000099 961.4541 2052.9495 11.4124 0 0 0 0
1706585404.399999813 961.8446 2052.4573 11.4096 0 0 0 0
1706585404.709999892 962.1685 2051.9995 11.4090 0 0 0 0
1706585405.010000151 962.3751 2051.6408 11.4107 0 0 0 0
1706585405.320000229 962.6311 2051.1342 11.4040 0 0 0 0
1706585405.649999948 962.8481 2050.8267 11.4058 0 0 0 0
1706585405.969999847 963.1099 2050.5261 11.4059 0 0 0 0
1706585406.400000281 963.4470 2050.0704 11.4060 0 0 0 0
1706585406.699999911 963.6716 2049.7892 11.4033 0 0 0 0
1706585407.019999810 963.9315 2049.4731 11.3991 0 0 0 0
1706585407.409999706 964.1855 2049.0248 11.4004 0 0 0 0
1706585407.810000051 964.5126 2048.5573 11.4000 0 0 0 0
1706585408.150000218 964.8659 2048.1232 11.3872 0 0 0 0
1706585408.519999846 965.1004 2047.7837 11.3723 0 0 0 0
1706585408.790000016 965.4453 2047.3337 11.3444 0 0 0 0
1706585409.270000178 965.7606 2046.9012 11.3272 0 0 0 0
1706585409.559999988 965.9697 2046.6435 11.3205 0 0 0 0
1706585409.919999796 966.1718 2046.3958 11.3187 0 0 0 0
1706585410.220000055 966.7013 2045.7226 11.2960 0 0 0 0
1706585410.509999865 966.7013 2045.7226 11.2960 0 0 0 0
1706585410.789999855 967.0088 2045.2988 11.2889 0 0 0 0
1706585411.209999840 967.2765 2044.9355 11.2732 0 0 0 0
1706585411.599999736 967.5654 2044.4476 11.2669 0 0 0 0
1706585412.119999807 967.8361 2044.0367 11.2572 0 0 0 0
1706585412.450000155 968.1441 2043.6485 11.2461 0 0 0 0
1706585412.749999785 968.3624 2043.3704 11.2352 0 0 0 0
1706585413.050000044 968.5777 2043.0992 11.2316 0 0 0 0
1706585413.460000209 968.8177 2042.8106 11.2298 0 0 0 0
1706585413.859999925 969.1609 2042.3247 11.2283 0 0 0 0
1706585414.219999732 969.4254 2041.9282 11.2282 0 0 0 0
1706585414.589999989 969.8053 2041.4685 11.2227 0 0 0 0
1706585414.879999799 970.0132 2041.1675 11.2203 0 0 0 0
1706585415.170000237 970.2831 2040.8065 11.2172 0 0 0 0
1706585415.600000042 970.6150 2040.3667 11.2143 0 0 0 0
1706585415.989999939 970.8468 2040.0477 11.2092 0 0 0 0
1706585416.290000197 971.2153 2039.6002 11.2091 0 0 0 0
1706585416.600000276 971.5016 2039.2560 11.2027 0 0 0 0
1706585416.909999726 971.7578 2038.8715 11.2014 0 0 0 0
1706585417.279999983 972.0898 2038.3576 11.1890 0 0 0 0
1706585417.679999699 972.4092 2037.8833 11.1697 0 0 0 0
1706585418.029999686 972.9136 2037.2124 11.1458 0 0 0 0
1706585418.479999760 973.2037 2036.8096 11.1314 0 0 0 0
1706585418.780000019 973.5352 2036.4280 11.1104 0 0 0 0
1706585419.169999915 973.8651 2036.0383 11.0930 0 0 0 0
1706585419.419999816 974.2625 2035.5641 11.0763 0 0 0 0
1706585419.699999806 974.5333 2035.1354 11.0662 0 0 0 0
1706585420.079999883 974.7980 2034.6808 11.0526 0 0 0 0
1706585420.450000139 975.0416 2034.2792 11.0443 0 0 0 0
1706585420.830000215 975.4469 2033.7545 11.0389 0 0 0 0
1706585421.150000114 975.8050 2033.2782 11.0324 0 0 0 0
1706585421.619999828 976.1602 2032.6990 11.0283 0 0 0 0
1706585422.050000262 976.4946 2032.2363 11.0233 0 0 0 0
1706585422.580000153 976.9655 2031.6639 11.0147 0 0 0 0
1706585423.049999867 977.2726 2031.1044 11.0131 0 0 0 0
1706585423.390000034 977.7759 2030.5558 11.0254 0 0 0 0
1706585423.639999935 978.1200 2030.1969 11.0348 0 0 0 0
1706585423.889999837 978.4595 2029.8428 11.0280 0 0 0 0
1706585424.209999735 978.7882 2029.4776 11.0199 0 0 0 0
1706585424.579999992 979.0884 2029.0661 11.0070 0 0 0 0
1706585424.839999713 979.2957 2028.6660 11.0041 0 0 0 0
1706585425.109999883 979.4950 2028.1916 11.0102 0 0 0 0
1706585425.399999693 979.7164 2027.7485 11.0272 0 0 0 0
1706585425.750000309 979.9191 2027.1835 11.0458 0 0 0 0
1706585425.870000036 979.9191 2027.1835 11.0458 0 0 0 0
1706585426.140000205 980.1916 2026.7074 11.0450 0 0 0 0
1706585426.520000282 980.4496 2026.3538 11.0449 0 0 0 0
1706585426.800000272 980.8512 2025.9068 11.0536 0 0 0 0
1706585426.989999996 981.0909 2025.5506 11.0589 0 0 0 0
1706585427.269999986 981.2276 2025.3212 11.0610 0 0 0 0
1706585427.599999704 981.4205 2025.0469 11.0633 0 0 0 0
1706585427.930000052 981.6883 2024.7237 11.0755 0 0 0 0
1706585428.270000219 982.0623 2024.2036 11.0893 0 0 0 0
1706585428.669999936 982.4362 2023.7386 11.1017 0 0 0 0
1706585429.070000281 982.8653 2023.1674 11.1084 0 0 0 0
1706585429.490000266 983.2072 2022.7769 11.1280 0 0 0 0
1706585429.869999713 983.4868 2022.2253 11.1532 0 0 0 0
1706585430.149999703 983.7611 2021.7620 11.1633 0 0 0 0
1706585430.419999873 984.0362 2021.4791 11.1800 0 0 0 0
1706585430.739999772 984.3487 2021.1436 11.1946 0 0 0 0
1706585431.049999851 984.6876 2020.7801 11.2045 0 0 0 0
1706585431.439999747 984.9378 2020.4763 11.2034 0 0 0 0
1706585431.889999821 985.3054 2020.0723 11.2234 0 0 0 0
1706585432.309999806 985.6621 2019.6177 11.2318 0 0 0 0
1706585432.719999971 986.5258 2018.4991 11.2431 0 0 0 0
1706585433.130000136 986.5258 2018.4991 11.2431 0 0 0 0
1706585433.540000301 986.9292 2017.8313 11.2530 0 0 0 0
1706585434.010000015 987.2302 2017.3639 11.2537 0 0 0 0
1706585434.469999908 988.1020 2016.3407 11.2570 0 0 0 0
1706585434.880000073 988.1020 2016.3407 11.2570 0 0 0 0
1706585435.309999879 988.3882 2015.9137 11.2715 0 0 0 0
1706585435.640000226 988.5619 2015.4107 11.2917 0 0 0 0
1706585436.000000034 988.8688 2015.1751 11.3237 0 0 0 0
1706585436.289999844 989.0412 2014.8640 11.3274 0 0 0 0
1706585436.569999834 989.3265 2014.5428 11.3481 0 0 0 0
1706585436.879999912 989.6899 2013.9892 11.3557 0 0 0 0
1706585437.259999989 989.6899 2013.9892 11.3557 0 0 0 0
1706585437.689999794 990.0919 2013.5014 11.3466 0 0 0 0
1706585438.120000227 990.4331 2013.1366 11.3438 0 0 0 0
1706585438.519999944 990.7805 2012.7095 11.3415 0 0 0 0
1706585438.970000017 991.0623 2012.3781 11.3508 0 0 0 0
1706585439.420000091 991.4303 2012.0017 11.3572 0 0 0 0
1706585439.840000076 991.9160 2011.4812 11.3628 0 0 0 0
1706585440.199999884 992.2800 2010.9977 11.3626 0 0 0 0
1706585440.519999783 992.5105 2010.6795 11.3571 0 0 0 0
1706585440.820000041 992.8378 2010.2430 11.3518 0 0 0 0
1706585441.120000300 993.1536 2010.0381 11.3536 0 0 0 0
1706585441.559999925 993.4793 2009.6203 11.3506 0 0 0 0
1706585441.879999824 993.7426 2009.2857 11.3480 0 0 0 0
1706585442.280000169 993.9870 2008.9540 11.3474 0 0 0 0
1706585442.749999883 994.4157 2008.3696 11.3447 0 0 0 0
1706585443.120000139 994.7106 2007.9719 11.3493 0 0 0 0
1706585443.519999855 995.1019 2007.5290 11.3417 0 0 0 0
1706585443.899999931 995.4859 2007.1145 11.3397 0 0 0 0
1706585444.200000190 995.7512 2006.7198 11.3487 0 0 0 0
1706585444.529999909 995.9869 2006.3411 11.3570 0 0 0 0
1706585444.889999717 996.2946 2005.8041 11.3714 0 0 0 0
1706585445.199999795 996.4813 2005.3914 11.3789 0 0 0 0
1706585445.519999694 996.6226 2005.0084 11.3888 0 0 0 0
1706585446.029999945 996.8322 2004.5604 11.4017 0 0 0 0
1706585446.489999839 997.1057 2003.9961 11.4154 0 0 0 0
1706585446.900000004 997.3582 2003.5701 11.4295 0 0 0 0
1706585447.310000169 997.6776 2003.0782 11.4443 0 0 0 0
1706585447.809999972 997.9233 2002.7689 11.4521 0 0 0 0
1706585448.159999959 998.3712 2002.2007 11.4376 0 0 0 0
1706585448.420000309 998.3712 2002.2007 11.4376 0 0 0 0
1706585448.820000025 998.5427 2001.8984 11.4282 0 0 0 0
1706585449.260000279 998.6061 2001.8106 11.4256 0 0 0 0
1706585449.610000267 998.6224 2001.7936 11.4250 0 0 0 0
1706585449.979999894 998.6650 2001.7335 11.4236 0 0 0 0
1706585450.229999796 998.6719 2001.7242 11.4235 0 0 0 0
1706585450.549999694 998.6690 2001.7287 11.4234 0 0 0 0
1706585452.860000241 998.6691 2001.7286 11.4233 0 0 0 0
1706585453.049999964 998.6691 2001.7286 11.4233 0 0 0 0
1706585453.329999954 998.6692 2001.7285 11.4233 0 0 0 0
1706585453.630000213 998.6691 2001.7286 11.4233 0 0 0 0
