1706581993.150000297 100.0263 202.2240 11.4495 0 0 0 0
1706581993.340000021 100.0263 202.2240 11.4495 0 0 0 0
1706581993.559999834 100.0263 202.2240 11.4495 0 0 0 0
1706581993.799999915 100.0264 202.2241 11.4495 0 0 0 0
1706581994.039999996 100.0264 202.2241 11.4495 0 0 0 0
1706581994.299999718 100.0264 202.2240 11.4495 0 0 0 0
1706581994.609999796 100.0264 202.2240 11.4495 0 0 0 0
1706581994.970000233 100.0264 202.2239 11.4495 0 0 0 0
1706581995.199999865 100.0264 202.2240 11.4495 0 0 0 0
1706581995.409999858 100.0264 202.2239 11.4495 0 0 0 0
1706581995.700000296 100.0264 202.2238 11.4495 0 0 0 0
1706581995.929999929 100.0263 202.2240 11.4495 0 0 0 0
1706581996.260000276 100.0264 202.2238 11.4495 0 0 0 0
1706581996.540000266 100.0256 202.2253 11.4504 0 0 0 0
1706581996.939999983 100.0295 202.2337 11.5072 0 0 0 0
1706581997.369999788 100.0181 202.2570 11.8457 0 0 0 0
1706581997.719999775 99.8590 202.4108 12.1336 0 0 0 0
1706581998.129999940 99.7411 202.5902 12.1435 0 0 0 0
1706581998.519999837 99.6535 202.7229 12.1544 0 0 0 0
1706581998.769999738 99.4510 203.0371 12.1804 0 0 0 0
1706581999.069999997 99.3028 203.5159 12.1490 0 0 0 0
1706581999.329999718 99.3028 203.5159 12.1490 0 0 0 0
1706581999.720000243 99.0805 204.1142 12.1148 0 0 0 0
1706581999.949999875 99.0805 204.1142 12.1148 0 0 0 0
1706582000.380000309 98.8849 204.4328 12.1284 0 0 0 0
1706582000.670000119 98.6807 204.7646 12.1407 0 0 0 0
1706582001.060000015 98.3351 205.3607 12.1471 0 0 0 0
1706582001.340000005 98.3351 205.3607 12.1471 0 0 0 0
1706582001.799999899 98.1878 205.7008 12.1191 0 0 0 0
1706582002.219999884 97.7352 206.6664 12.1371 0 0 0 0
1706582002.499999874 97.7352 206.6664 12.1371 0 0 0 0
1706582002.940000128 97.3175 207.4174 12.1239 0 0 0 0
1706582003.239999758 97.3175 207.4174 12.1239 0 0 0 0
1706582003.640000103 97.0502 207.8318 12.1326 0 0 0 0
1706582003.929999913 96.7706 208.3796 12.1139 0 0 0 0
1706582004.239999992 96.5922 208.7152 12.0990 0 0 0 0
1706582004.540000251 96.3561 209.1113 12.1239 0 0 0 0
1706582004.900000058 95.9962 209.8395 12.1131 0 0 0 0
1706582005.070000142 95.9962 209.8395 12.1131 0 0 0 0
1706582005.480000307 95.6578 210.5555 12.1121 0 0 0 0
1706582005.700000119 95.6578 210.5555 12.1121 0 0 0 0
1706582006.090000016 95.4993 210.9362 12.1343 0 0 0 0
1706582006.379999826 95.2141 211.7019 12.1381 0 0 0 0
1706582006.619999907 95.2141 211.7019 12.1381 0 0 0 0
1706582006.920000166 95.1159 212.0665 12.1138 0 0 0 0
1706582007.389999880 94.9681 212.4259 12.1225 0 0 0 0
1706582007.820000313 94.7816 212.8830 12.1392 0 0 0 0
1706582008.229999850 94.5981 213.5055 12.1404 0 0 0 0
1706582008.579999837 94.4519 213.9753 12.1194 0 0 0 0
1706582008.920000005 94.3412 214.3468 12.1059 0 0 0 0
1706582009.319999721 94.1613 214.8619 12.1132 0 0 0 0
1706582009.619999980 93.9645 215.4523 12.1056 0 0 0 0
1706582009.939999878 93.8511 215.8387 12.0724 0 0 0 0
1706582010.240000137 93.6677 216.2271 12.0958 0 0 0 0
1706582010.469999770 93.4609 216.5784 12.0683 0 0 0 0
1706582010.819999757 93.2633 216.9068 12.0915 0 0 0 0
1706582011.199999833 93.0664 217.2216 12.0918 0 0 0 0
1706582011.640000087 92.7666 217.5993 12.0911 0 0 0 0
1706582012.029999983 92.4263 218.0033 12.0822 0 0 0 0
1706582012.400000240 92.1155 218.4110 12.0712 0 0 0 0
1706582012.799999956 91.7611 218.8669 12.0389 0 0 0 0
1706582013.229999761 91.4783 219.3511 11.9967 0 0 0 0
1706582013.700000104 91.0633 219.9678 11.9892 0 0 0 0
1706582014.040000271 90.7929 220.4235 11.9943 0 0 0 0
1706582014.339999901 90.6074 220.7671 11.9954 0 0 0 0
1706582014.689999889 90.4086 221.1087 11.9766 0 0 0 0
1706582014.939999790 90.1648 221.5639 12.0045 0 0 0 0
1706582015.359999775 89.9790 221.9182 12.0105 0 0 0 0
1706582015.820000297 89.5586 222.4624 12.0076 0 0 0 0
1706582016.140000196 89.2688 222.8789 11.9510 0 0 0 0
1706582016.600000090 88.7762 223.6291 11.9677 0 0 0 0
1706582016.859999811 88.7762 223.6291 11.9677 0 0 0 0
1706582017.199999979 88.6160 224.0191 11.9367 0 0 0 0
1706582017.610000144 88.4093 224.5943 11.9420 0 0 0 0
1706582018.009999860 88.2044 225.1279 11.9425 0 0 0 0
1706582018.370000296 88.0547 225.6347 11.8882 0 0 0 0
1706582018.849999830 87.6801 226.5890 11.8708 0 0 0 0
1706582019.239999726 87.6801 226.5890 11.8708 0 0 0 0
1706582019.640000071 87.4877 227.0529 11.8557 0 0 0 0
1706582020.069999876 87.2415 227.5786 11.8355 0 0 0 0
1706582020.419999864 87.0826 228.0754 11.8015 0 0 0 0
1706582020.780000300 86.8963 228.5557 11.8345 0 0 0 0
1706582021.060000290 86.7490 228.8896 11.8063 0 0 0 0
1706582021.350000100 86.6362 229.2272 11.8207 0 0 0 0
1706582021.719999728 86.5047 229.5862 11.8233 0 0 0 0
1706582022.139999713 86.2647 230.0041 11.7969 0 0 0 0
1706582022.559999698 86.0103 230.4350 11.7869 0 0 0 0
1706582022.990000132 85.7827 230.8379 11.8179 0 0 0 0
1706582023.529999843 85.3903 231.4047 11.7979 0 0 0 0
1706582023.919999739 85.1189 231.9036 11.7901 0 0 0 0
1706582024.280000175 84.8659 232.3146 11.7898 0 0 0 0
1706582024.639999983 84.6201 232.7954 11.8014 0 0 0 0
1706582024.969999702 84.4423 233.1436 11.8120 0 0 0 0
1706582025.300000049 84.2191 233.4676 11.7895 0 0 0 0
1706582025.610000128 83.9386 233.8492 11.8374 0 0 0 0
1706582026.020000293 83.7179 234.2487 11.7900 0 0 0 0
1706582026.329999743 83.5281 234.5731 11.7909 0 0 0 0
1706582026.639999822 83.2982 234.9450 11.8140 0 0 0 0
1706582026.930000260 83.1659 235.2272 11.7930 0 0 0 0
1706582027.280000248 82.9930 235.5347 11.8485 0 0 0 0
1706582027.589999698 82.7338 235.9056 11.8352 0 0 0 0
1706582027.889999957 82.5936 236.1750 11.8695 0 0 0 0
1706582028.209999856 82.4377 236.5338 11.8508 0 0 0 0
1706582028.540000203 82.2235 236.9046 11.8865 0 0 0 0
1706582028.879999742 82.0104 237.2016 11.8746 0 0 0 0
1706582029.249999998 81.8000 237.5854 11.8926 0 0 0 0
1706582029.450000171 81.6738 237.8352 11.9147 0 0 0 0
1706582029.700000072 81.5628 238.0579 11.9087 0 0 0 0
1706582029.970000242 81.3644 238.4750 11.9281 0 0 0 0
1706582030.409999867 81.0547 239.1846 11.9265 0 0 0 0
1706582030.659999768 81.0547 239.1846 11.9265 0 0 0 0
1706582030.990000116 80.8665 239.5173 11.9018 0 0 0 0
1706582031.389999832 80.6389 240.0022 11.9375 0 0 0 0
1706582031.860000174 80.4672 240.4675 11.9567 0 0 0 0
1706582032.280000160 80.2163 240.9308 11.9441 0 0 0 0
1706582032.749999873 79.9858 241.4532 11.9546 0 0 0 0
1706582033.090000041 79.7767 241.9703 11.9919 0 0 0 0
1706582033.430000208 79.5764 242.4298 12.0271 0 0 0 0
1706582033.829999925 79.4853 242.8208 11.9914 0 0 0 0
1706582034.160000272 79.3306 243.3962 12.0260 0 0 0 0
1706582034.349999996 79.1862 243.7936 12.0181 0 0 0 0
1706582034.539999720 79.1320 244.0251 12.0451 0 0 0 0
1706582034.860000247 79.0593 244.4708 12.0219 0 0 0 0
1706582035.259999963 78.9191 244.8644 12.0466 0 0 0 0
1706582035.579999862 78.7621 245.1824 12.0089 0 0 0 0
1706582035.889999941 78.5942 245.6387 12.0182 0 0 0 0
1706582036.139999842 78.4243 246.1730 12.0637 0 0 0 0
1706582036.500000278 78.1486 246.7838 12.0634 0 0 0 0
1706582036.760000000 78.1486 246.7838 12.0634 0 0 0 0
1706582037.179999985 78.0173 247.2817 12.0419 0 0 0 0
1706582037.569999881 77.7843 247.8125 12.0262 0 0 0 0
1706582037.830000231 77.6467 248.1690 12.0778 0 0 0 0
1706582038.070000312 77.5361 248.5188 12.0320 0 0 0 0
1706582038.519999757 77.1536 249.2050 12.0537 0 0 0 0
1706582038.820000016 77.1536 249.2050 12.0537 0 0 0 0
1706582039.160000184 76.9444 249.7024 12.0494 0 0 0 0
1706582039.510000171 76.7404 250.1873 12.0964 0 0 0 0
1706582039.849999710 76.5542 250.5303 12.0612 0 0 0 0
1706582040.219999966 76.4233 250.8830 12.0894 0 0 0 0
1706582040.670000040 76.2714 251.2884 12.1169 0 0 0 0
1706582041.090000025 76.0063 251.7487 12.1067 0 0 0 0
1706582041.589999828 75.7744 252.3384 12.1216 0 0 0 0
1706582042.079999810 75.4409 252.9162 12.1263 0 0 0 0
1706582042.419999978 75.0321 253.6515 12.2012 0 0 0 0
1706582042.739999876 75.0321 253.6515 12.2012 0 0 0 0
1706582043.049999955 74.7552 254.1075 12.2489 0 0 0 0
1706582043.490000209 74.5375 254.4779 12.3011 0 0 0 0
1706582043.810000108 74.3952 254.7567 12.2861 0 0 0 0
1706582044.080000278 74.1156 255.1537 12.2758 0 0 0 0
1706582044.360000268 73.9659 255.3277 12.2868 0 0 0 0
1706582044.739999715 73.7507 255.6545 12.2944 0 0 0 0
1706582045.270000235 73.3164 256.1694 12.2897 0 0 0 0
1706582045.800000126 72.8906 256.6840 12.2812 0 0 0 0
1706582046.269999840 72.5485 257.2212 12.2752 0 0 0 0
1706582046.649999917 72.2342 257.6170 12.2346 0 0 0 0
1706582047.069999902 71.9621 258.0738 12.2433 0 0 0 0
1706582047.519999975 71.7266 258.4947 12.2942 0 0 0 0
1706582047.960000229 71.3595 259.1583 12.2944 0 0 0 0
1706582048.310000217 71.1447 259.6282 12.2988 0 0 0 0
1706582048.579999758 70.9904 259.9259 12.2909 0 0 0 0
1706582049.020000012 70.8178 260.2267 12.2926 0 0 0 0
1706582049.360000179 70.6271 260.6978 12.2890 0 0 0 0
1706582049.699999718 70.4841 261.0683 12.3083 0 0 0 0
1706582050.009999797 70.2929 261.5695 12.3248 0 0 0 0
1706582050.440000230 70.1776 261.9883 12.2946 0 0 0 0
1706582050.900000124 69.9771 262.4381 12.3103 0 0 0 0
1706582051.329999929 69.6212 263.2160 12.3469 0 0 0 0
1706582051.609999919 69.6212 263.2160 12.3469 0 0 0 0
1706582052.069999813 69.4414 263.6927 12.3541 0 0 0 0
1706582052.440000069 69.2965 264.0925 12.3991 0 0 0 0
1706582052.879999694 69.1656 264.5570 12.3818 0 0 0 0
1706582053.319999948 68.9503 265.0492 12.4083 0 0 0 0
1706582053.720000293 68.6789 265.5934 12.4409 0 0 0 0
1706582054.040000192 68.4971 266.0170 12.4442 0 0 0 0
1706582054.350000271 68.1338 266.7976 12.4127 0 0 0 0
1706582054.719999898 68.1338 266.7976 12.4127 0 0 0 0
1706582055.069999886 67.8931 267.3095 12.3607 0 0 0 0
1706582055.370000144 67.7062 267.6652 12.3481 0 0 0 0
1706582055.750000221 67.5590 267.9850 12.3412 0 0 0 0
1706582056.040000031 67.3309 268.4854 12.3249 0 0 0 0
1706582056.329999841 67.1705 268.8106 12.3399 0 0 0 0
1706582056.700000097 67.0007 269.1188 12.3192 0 0 0 0
1706582057.089999993 66.8172 269.5630 12.3199 0 0 0 0
1706582057.390000252 66.4740 270.2275 12.3050 0 0 0 0
1706582057.659999793 66.4740 270.2275 12.3050 0 0 0 0
1706582057.960000052 66.3005 270.5506 12.3594 0 0 0 0
1706582058.389999857 66.1068 270.9850 12.3280 0 0 0 0
1706582058.760000113 65.9471 271.3218 12.3318 0 0 0 0
1706582059.070000192 65.6730 271.8241 12.3671 0 0 0 0
1706582059.499999997 65.5383 272.1398 12.3329 0 0 0 0
1706582060.029999889 65.2170 272.7430 12.3249 0 0 0 0
1706582060.430000233 64.9212 273.2891 12.3307 0 0 0 0
1706582060.909999767 64.7000 273.7488 12.3419 0 0 0 0
1706582061.420000019 64.3975 274.2979 12.3080 0 0 0 0
1706582061.870000092 64.0986 274.9478 12.2672 0 0 0 0
1706582062.269999809 63.6671 275.7911 12.2126 0 0 0 0
1706582062.640000065 63.6671 275.7911 12.2126 0 0 0 0
1706582062.980000232 63.4350 276.2534 12.2372 0 0 0 0
1706582063.290000311 63.2336 276.5891 12.1817 0 0 0 0
1706582063.540000212 63.0348 277.0299 12.1680 0 0 0 0
1706582064.009999926 62.8101 277.4784 12.1794 0 0 0 0
1706582064.420000091 62.5581 277.8805 12.1473 0 0 0 0
1706582064.739999990 62.3781 278.2292 12.1184 0 0 0 0
1706582065.229999973 62.1949 278.6466 12.1351 0 0 0 0
1706582065.579999960 62.0248 278.9953 12.1133 0 0 0 0
1706582065.899999859 61.8651 279.4144 12.1293 0 0 0 0
1706582066.289999755 61.7400 279.8109 12.1639 0 0 0 0
1706582066.590000014 61.5486 280.2499 12.1423 0 0 0 0
1706582067.009999999 61.4434 280.5667 12.1217 0 0 0 0
1706582067.399999895 61.2298 281.1109 12.1267 0 0 0 0
1706582067.819999880 61.0133 281.6300 12.0755 0 0 0 0
1706582068.169999868 60.8591 282.0654 12.0194 0 0 0 0
1706582068.470000126 60.6820 282.5008 11.9763 0 0 0 0
1706582068.720000028 60.5771 282.7080 11.9392 0 0 0 0
1706582069.020000286 60.4667 283.0606 11.9779 0 0 0 0
1706582069.389999914 60.3614 283.5179 11.9770 0 0 0 0
1706582069.730000081 60.1732 284.0335 11.9469 0 0 0 0
1706582070.029999712 60.0132 284.4538 11.9509 0 0 0 0
1706582070.269999793 59.8695 284.8111 11.9193 0 0 0 0
1706582070.619999780 59.7188 285.1799 11.9137 0 0 0 0
1706582070.980000217 59.5989 285.4581 11.9155 0 0 0 0
1706582071.300000115 59.4928 285.7779 11.8750 0 0 0 0
1706582071.519999928 59.3384 286.1033 11.8903 0 0 0 0
1706582071.699999832 59.2376 286.1994 11.8641 0 0 0 0
1706582071.920000273 59.0930 286.2616 11.8768 0 0 0 0
1706582072.179999994 58.9861 286.2732 11.8727 0 0 0 0
1706582072.399999807 58.9182 286.2431 11.8754 0 0 0 0
1706582072.690000245 58.9166 286.1076 11.8886 0 0 0 0
1706582073.019999964 58.9707 285.9173 11.8897 0 0 0 0
1706582073.339999863 58.9928 285.7213 11.8579 0 0 0 0
1706582073.640000122 59.0382 285.4691 11.8655 0 0 0 0
1706582073.910000292 59.1778 285.0447 11.8686 0 0 0 0
1706582074.079999747 59.1778 285.0447 11.8686 0 0 0 0
1706582074.380000005 59.2574 284.6764 11.8871 0 0 0 0
1706582074.790000170 59.2944 284.2545 11.8854 0 0 0 0
1706582075.030000252 59.4020 283.8988 11.8703 0 0 0 0
1706582075.259999884 59.4836 283.6713 11.8989 0 0 0 0
1706582075.520000234 59.5567 283.4257 11.9206 0 0 0 0
1706582075.819999864 59.6755 283.1077 11.8774 0 0 0 0
1706582076.160000032 59.8316 282.8433 11.8986 0 0 0 0
1706582076.419999753 60.0637 282.5199 11.8967 0 0 0 0
1706582076.710000192 60.2576 282.2266 11.8992 0 0 0 0
1706582077.130000177 60.5977 281.7334 11.8966 0 0 0 0
1706582077.550000162 60.8179 281.3804 11.8921 0 0 0 0
1706582077.830000152 60.9895 281.0163 11.9678 0 0 0 0
1706582078.110000142 61.1638 280.6947 11.9672 0 0 0 0
1706582078.539999947 61.3485 280.3666 11.9738 0 0 0 0
1706582078.840000206 61.5826 279.8618 12.0272 0 0 0 0
1706582079.139999836 61.6799 279.5501 11.9889 0 0 0 0
1706582079.580000089 61.8326 279.0520 12.0183 0 0 0 0
1706582080.000000075 61.9690 278.6818 12.0565 0 0 0 0
1706582080.469999788 62.1942 278.0287 12.0434 0 0 0 0
1706582080.819999776 62.4067 277.5134 12.0360 0 0 0 0
1706582081.150000123 62.6172 277.0559 12.0572 0 0 0 0
1706582081.610000017 62.8357 276.5394 12.0897 0 0 0 0
1706582081.920000096 63.1151 276.0389 12.0877 0 0 0 0
1706582082.209999906 63.2766 275.6796 12.0785 0 0 0 0
1706582082.480000076 63.4909 275.2536 12.0975 0 0 0 0
1706582082.680000248 63.6259 275.0143 12.0879 0 0 0 0
1706582082.939999970 63.9559 274.3800 12.1327 0 0 0 0
1706582083.229999780 63.9559 274.3800 12.1327 0 0 0 0
1706582083.649999765 64.1021 274.0688 12.1386 0 0 0 0
1706582084.050000110 64.3584 273.5768 12.1376 0 0 0 0
1706582084.409999917 64.5617 273.0977 12.2000 0 0 0 0
1706582084.820000082 64.7996 272.5811 12.2055 0 0 0 0
1706582085.230000247 65.0609 272.0657 12.1956 0 0 0 0
1706582085.590000055 65.3094 271.5232 12.1678 0 0 0 0
1706582085.890000314 65.6229 270.9723 12.1807 0 0 0 0
1706582086.119999946 65.7547 270.7349 12.1733 0 0 0 0
1706582086.409999756 65.9684 270.3112 12.1536 0 0 0 0
1706582086.719999835 66.2058 269.9395 12.1913 0 0 0 0
1706582086.990000005 66.4063 269.5981 12.1510 0 0 0 0
1706582087.279999815 66.5807 269.2697 12.1916 0 0 0 0
1706582087.529999716 66.6663 269.0802 12.1343 0 0 0 0
1706582087.820000155 66.8588 268.6815 12.1744 0 0 0 0
1706582088.170000142 67.1528 268.2412 12.1464 0 0 0 0
1706582088.450000132 67.3324 267.8908 12.1461 0 0 0 0
1706582088.639999856 67.4964 267.5328 12.1866 0 0 0 0
1706582088.949999935 67.6965 267.1982 12.1592 0 0 0 0
1706582089.400000009 67.8988 266.8347 12.2246 0 0 0 0
1706582089.719999908 68.0955 266.3731 12.1971 0 0 0 0
1706582090.109999804 68.2880 265.9795 12.2248 0 0 0 0
1706582090.449999971 68.5547 265.4594 12.2680 0 0 0 0
1706582090.769999870 68.7038 265.1075 12.2242 0 0 0 0
1706582091.049999860 68.8914 264.7066 12.2884 0 0 0 0
1706582091.299999761 69.0482 264.3595 12.2566 0 0 0 0
1706582091.639999929 69.1690 263.9763 12.2893 0 0 0 0
1706582091.999999736 69.3005 263.6098 12.2503 0 0 0 0
1706582092.460000259 69.5102 263.0436 12.2062 0 0 0 0
1706582092.829999886 69.7313 262.4118 12.1865 0 0 0 0
1706582093.209999963 69.9187 261.9860 12.2306 0 0 0 0
1706582093.580000219 70.1528 261.4081 12.2298 0 0 0 0
1706582093.979999935 70.3709 260.8337 12.1919 0 0 0 0
1706582094.189999928 70.5207 260.4292 12.1784 0 0 0 0
1706582094.479999738 70.6934 260.0300 12.2182 0 0 0 0
1706582094.859999814 71.0080 259.2261 12.2188 0 0 0 0
1706582095.160000073 71.0080 259.2261 12.2188 0 0 0 0
1706582095.619999967 71.2731 258.7419 12.1793 0 0 0 0
1706582096.049999772 71.5599 258.0488 12.1710 0 0 0 0
1706582096.350000030 71.7302 257.6251 12.1556 0 0 0 0
1706582096.700000018 71.9171 257.2003 12.1932 0 0 0 0
1706582097.010000097 72.1389 256.6369 12.1551 0 0 0 0
1706582097.469999990 72.3782 256.1292 12.1552 0 0 0 0
1706582097.869999707 72.6520 255.5442 12.1768 0 0 0 0
1706582098.230000143 72.8239 255.1672 12.1766 0 0 0 0
1706582098.610000219 73.0708 254.6867 12.1430 0 0 0 0
1706582099.009999936 73.3309 254.1366 12.1376 0 0 0 0
1706582099.410000280 73.5636 253.6400 12.1830 0 0 0 0
1706582099.739999999 73.8665 253.1225 12.1701 0 0 0 0
1706582100.059999898 74.0425 252.7340 12.0964 0 0 0 0
1706582100.320000248 74.2490 252.3334 12.1222 0 0 0 0
1706582100.640000147 74.4702 251.9430 12.0675 0 0 0 0
1706582100.980000314 74.6309 251.5594 12.0799 0 0 0 0
1706582101.260000304 74.8296 251.1458 12.0948 0 0 0 0
1706582101.540000294 74.9884 250.8275 12.0539 0 0 0 0
1706582101.940000011 75.2118 250.3675 12.0761 0 0 0 0
1706582102.259999909 75.4460 249.8485 12.0354 0 0 0 0
1706582102.630000166 75.6354 249.4850 12.0017 0 0 0 0
1706582103.069999791 75.8719 248.9277 12.0242 0 0 0 0
1706582103.440000047 76.0787 248.4682 12.0304 0 0 0 0
1706582103.890000121 76.3317 247.9335 11.9838 0 0 0 0
1706582104.319999926 76.6425 247.1829 11.9577 0 0 0 0
1706582104.720000271 76.8788 246.7401 11.9391 0 0 0 0
1706582105.099999718 77.1193 246.2341 11.9664 0 0 0 0
1706582105.500000063 77.3479 245.7681 11.9972 0 0 0 0
1706582105.880000140 77.6257 245.2397 11.9576 0 0 0 0
1706582106.179999770 77.9548 244.4247 11.9667 0 0 0 0
1706582106.519999937 77.9548 244.4247 11.9667 0 0 0 0
1706582106.830000016 78.1997 243.9708 11.9344 0 0 0 0
1706582107.340000267 78.4600 243.4397 11.9372 0 0 0 0
1706582107.840000070 78.7969 242.7610 11.9452 0 0 0 0
1706582108.199999877 79.0426 242.2544 11.9517 0 0 0 0
1706582108.680000040 79.2795 241.7906 11.9160 0 0 0 0
1706582109.109999845 79.6054 241.2825 11.8820 0 0 0 0
1706582109.480000101 79.9034 240.7065 11.8507 0 0 0 0
1706582109.839999909 80.4451 239.9719 11.8403 0 0 0 0
1706582110.189999896 80.6459 239.6103 11.8417 0 0 0 0
1706582110.339999711 80.6459 239.6103 11.8417 0 0 0 0
1706582110.689999699 81.0882 238.9237 11.8025 0 0 0 0
1706582111.029999866 81.0882 238.9237 11.8025 0 0 0 0
1706582111.510000029 81.3408 238.4422 11.8224 0 0 0 0
1706582111.979999742 81.7092 237.7998 11.7988 0 0 0 0
1706582112.440000265 81.9861 237.4212 11.7967 0 0 0 0
1706582112.989999796 82.2752 236.7306 11.8047 0 0 0 0
1706582113.469999959 82.5286 236.0793 11.7707 0 0 0 0
1706582113.940000301 82.6378 235.5977 11.7457 0 0 0 0
1706582114.370000106 82.8829 235.0713 11.7396 0 0 0 0
1706582114.799999911 83.1675 234.4808 11.7499 0 0 0 0
1706582115.280000074 83.4603 233.9847 11.7780 0 0 0 0
1706582115.539999795 83.7477 233.4778 11.7898 0 0 0 0
1706582115.830000234 83.8969 233.1241 11.7365 0 0 0 0
1706582116.120000044 84.0642 232.7466 11.7906 0 0 0 0
1706582116.400000034 84.2459 232.3850 11.7368 0 0 0 0
1706582116.659999755 84.4281 231.9747 11.7886 0 0 0 0
1706582117.039999831 84.5543 231.7004 11.7418 0 0 0 0
1706582117.470000265 84.8379 231.1520 11.7608 0 0 0 0
1706582117.739999807 85.0720 230.6344 11.7961 0 0 0 0
1706582118.049999885 85.2178 230.2701 11.7698 0 0 0 0
1706582118.289999967 85.4133 229.9041 11.7965 0 0 0 0
1706582118.590000225 85.6428 229.5723 11.7726 0 0 0 0
1706582118.840000127 85.8854 229.1104 11.7481 0 0 0 0
1706582118.989999942 85.8854 229.1104 11.7481 0 0 0 0
1706582119.269999932 86.2448 228.4858 11.7629 0 0 0 0
1706582119.500000193 86.2448 228.4858 11.7629 0 0 0 0
1706582119.950000267 86.4766 227.9971 11.8222 0 0 0 0
1706582120.329999714 86.6606 227.5522 11.8212 0 0 0 0
1706582120.699999970 86.8950 227.0246 11.8193 0 0 0 0
1706582121.070000227 87.0701 226.5124 11.8455 0 0 0 0
1706582121.460000123 87.2004 226.0921 11.8543 0 0 0 0
1706582121.819999930 87.4132 225.5653 11.8157 0 0 0 0
1706582122.160000098 87.6078 225.0711 11.8811 0 0 0 0
1706582122.440000088 87.7604 224.6874 11.9030 0 0 0 0
1706582122.739999718 87.9615 224.3075 11.8896 0 0 0 0
1706582123.189999792 88.2132 223.8520 11.9722 0 0 0 0
1706582123.550000228 88.4237 223.3592 11.9905 0 0 0 0
1706582124.010000122 88.7287 222.8579 11.9699 0 0 0 0
1706582124.409999838 89.0075 222.3403 11.9500 0 0 0 0
1706582124.670000188 89.2821 221.8590 11.9986 0 0 0 0
1706582124.899999821 89.5962 221.2738 12.0206 0 0 0 0
1706582125.260000257 89.5962 221.2738 12.0206 0 0 0 0
1706582125.709999702 89.7777 220.8421 11.9862 0 0 0 0
1706582126.189999864 90.1222 220.0973 11.9986 0 0 0 0
1706582126.639999938 90.4032 219.4274 11.9908 0 0 0 0
1706582127.059999923 90.6922 218.8441 11.9777 0 0 0 0
1706582127.409999911 90.9590 218.3189 12.0154 0 0 0 0
1706582127.659999812 91.2347 217.7511 12.0372 0 0 0 0
1706582127.909999713 91.3271 217.5591 12.0027 0 0 0 0
1706582128.259999701 91.5327 217.1903 12.0209 0 0 0 0
1706582128.650000226 91.7970 216.6370 12.0179 0 0 0 0
1706582129.030000302 91.9937 216.2925 12.0647 0 0 0 0
1706582129.380000290 92.3167 215.8311 12.0986 0 0 0 0
1706582129.670000100 92.4739 215.4991 12.0678 0 0 0 0
1706582129.920000001 92.6715 215.1351 12.1215 0 0 0 0
1706582130.220000260 92.8982 214.7766 12.0809 0 0 0 0
1706582130.519999890 93.1026 214.3937 12.0956 0 0 0 0
1706582130.790000060 93.2780 214.0243 12.0987 0 0 0 0
1706582131.049999781 93.5232 213.6304 12.0791 0 0 0 0
1706582131.319999951 93.6986 213.3521 12.1026 0 0 0 0
1706582131.620000210 93.8806 212.9521 12.0921 0 0 0 0
1706582131.910000020 94.0659 212.5980 12.1261 0 0 0 0
1706582132.290000096 94.2833 212.2576 12.0916 0 0 0 0
1706582132.649999904 94.5308 211.8129 12.1140 0 0 0 0
1706582133.050000248 94.7461 211.4471 12.0920 0 0 0 0
1706582133.529999782 95.0576 210.9907 12.0885 0 0 0 0
1706582134.049999854 95.3875 210.3663 12.0732 0 0 0 0
1706582134.469999839 95.7105 209.6502 12.0751 0 0 0 0
1706582134.919999912 95.9235 209.1000 12.1113 0 0 0 0
1706582135.330000077 96.2258 208.4313 12.1266 0 0 0 0
1706582135.659999796 96.5245 207.9133 12.1123 0 0 0 0
1706582136.069999961 96.7036 207.5351 12.0655 0 0 0 0
1706582136.429999769 96.9753 207.0643 12.1034 0 0 0 0
1706582136.769999936 97.2646 206.6543 12.1175 0 0 0 0
1706582137.240000279 97.5153 206.2373 12.0730 0 0 0 0
1706582137.590000266 97.7688 205.7479 12.0754 0 0 0 0
1706582137.940000254 97.9602 205.3470 12.0657 0 0 0 0
1706582138.279999793 98.1822 204.9086 11.9390 0 0 0 0
1706582138.689999958 98.3906 204.5420 11.9236 0 0 0 0
1706582139.240000118 98.6369 204.0297 11.8879 0 0 0 0
1706582139.690000191 98.8695 203.3994 11.7963 0 0 0 0
1706582140.110000176 99.0802 203.0702 11.6169 0 0 0 0
1706582140.509999893 99.2255 202.8915 11.4730 0 0 0 0
1706582140.939999698 99.2623 202.8339 11.4568 0 0 0 0
1706582141.410000040 99.3109 202.7103 11.4475 0 0 0 0
1706582141.839999845 99.3180 202.6909 11.4450 0 0 0 0
1706582144.349999935 99.3183 202.6896 11.4451 0 0 0 0
1706582144.510000199 99.3183 202.6896 11.4451 0 0 0 0
1706582144.680000283 99.3183 202.6897 11.4451 0 0 0 0
1706582144.870000007 99.3183 202.6896 11.4451 0 0 0 0
1706582145.079999999 99.3183 202.6896 11.4451 0 0 0 0
1706582145.320000080 99.3183 202.6897 11.4451 0 0 0 0
1706582145.549999713 99.3183 202.6897 11.4451 0 0 0 0
1706582145.789999794 99.3183 202.6897 11.4451 0 0 0 0
1706582146.020000055 99.3183 202.6897 11.4451 0 0 0 0
1706582146.249999688 99.3183 202.6896 11.4451 0 0 0 0
1706582146.640000213 99.3183 202.6896 11.4451 0 0 0 0