1706584917.030000128 100.1895 202.1025 11.3972 0 0 0 0
1706584917.319999938 100.1896 202.1026 11.3972 0 0 0 0
1706584917.580000288 100.1895 202.1027 11.3972 0 0 0 0
1706584917.879999918 100.1896 202.1028 11.3972 0 0 0 0
1706584918.050000002 100.1896 202.1028 11.3972 0 0 0 0
1706584918.490000255 100.1896 202.1024 11.3972 0 0 0 0
1706584918.889999972 100.1897 202.1018 11.3972 0 0 0 0
1706584919.200000050 100.1896 202.1021 11.3972 0 0 0 0
1706584919.620000036 100.1896 202.1020 11.3972 0 0 0 0
1706584920.060000289 100.1896 202.1021 11.3972 0 0 0 0
1706584920.509999734 100.1895 202.1025 11.3972 0 0 0 0
1706584920.929999719 100.1894 202.1027 11.3972 0 0 0 0
1706584921.330000064 100.1895 202.1026 11.3972 0 0 0 0
1706584921.689999872 100.1895 202.1027 11.3972 0 0 0 0
1706584934.980000206 100.1895 202.1026 11.3972 0 0 0 0
1706584935.200000019 100.1895 202.1027 11.3972 0 0 0 0
1706584935.489999829 100.1895 202.1028 11.3972 0 0 0 0
1706584935.809999728 100.1895 202.1026 11.3973 0 0 0 0
1706584936.089999718 100.1895 202.1027 11.3972 0 0 0 0
1706584936.270000250 100.1895 202.1025 11.3973 0 0 0 0
1706584936.420000065 100.1895 202.1026 11.3972 0 0 0 0
1706584936.669999966 100.1895 202.1026 11.3972 0 0 0 0
1706584936.879999959 100.1895 202.1027 11.3973 0 0 0 0
1706584937.110000220 100.1895 202.1025 11.3972 0 0 0 0
1706584937.330000033 100.1895 202.1026 11.3972 0 0 0 0
1706584937.630000291 100.1895 202.1026 11.3972 0 0 0 0
1706584938.039999828 100.1895 202.1027 11.3972 0 0 0 0
1706584938.359999727 100.1895 202.1025 11.3973 0 0 0 0
1706584938.589999988 100.1895 202.1026 11.3972 0 0 0 0
1706584938.779999712 100.1895 202.1026 11.3972 0 0 0 0
1706584938.989999704 100.1895 202.1026 11.3973 0 0 0 0
1706584939.199999697 100.1895 202.1026 11.3972 0 0 0 0
1706584939.469999867 100.1895 202.1027 11.3972 0 0 0 0
1706584939.730000217 100.1895 202.1026 11.3972 0 0 0 0
1706584940.069999755 100.1895 202.1026 11.3972 0 0 0 0
1706584940.470000100 100.1893 202.1030 11.3973 0 0 0 0
1706584940.890000085 100.1715 202.1539 11.3988 0 0 0 0
1706584941.279999982 100.1143 202.2741 11.3981 0 0 0 0
1706584941.790000233 100.0480 202.4348 11.3994 0 0 0 0
1706584942.250000127 99.9847 202.5855 11.3996 0 0 0 0
1706584942.649999843 99.8989 202.7741 11.3995 0 0 0 0
1706584943.080000277 99.8037 202.9254 11.4022 0 0 0 0
1706584943.519999902 99.6939 203.1190 11.3999 0 0 0 0
1706584944.019999704 99.5401 203.3548 11.4030 0 0 0 0
1706584944.450000138 99.3395 203.6563 11.4017 0 0 0 0
1706584944.849999854 99.1728 203.9381 11.3998 0 0 0 0
1706584945.260000019 98.9833 204.2377 11.3948 0 0 0 0
1706584945.719999913 98.8009 204.4974 11.3979 0 0 0 0
1706584946.090000169 98.5746 204.9376 11.3905 0 0 0 0
1706584946.429999708 98.4592 205.2417 11.3820 0 0 0 0
1706584946.879999782 98.2905 205.5895 11.3766 0 0 0 0
1706584947.340000304 98.1121 205.9207 11.3679 0 0 0 0
1706584947.849999927 97.8665 206.3579 11.3621 0 0 0 0
1706584948.230000003 97.6010 206.7997 11.3544 0 0 0 0
1706584948.680000077 97.3812 207.1845 11.3464 0 0 0 0
1706584949.100000062 97.1945 207.5271 11.3425 0 0 0 0
1706584949.539999687 96.9366 208.0087 11.3323 0 0 0 0
1706584949.879999855 96.7751 208.3192 11.3333 0 0 0 0
1706584950.189999933 96.6385 208.5743 11.3376 0 0 0 0
1706584950.579999830 96.4447 208.9387 11.3400 0 0 0 0
1706584950.919999997 96.2212 209.2404 11.3409 0 0 0 0
1706584951.339999982 96.0472 209.6522 11.3360 0 0 0 0
1706584951.669999701 95.8608 209.9493 11.3365 0 0 0 0
1706584952.070000046 95.7033 210.2503 11.3386 0 0 0 0
1706584952.490000031 95.5155 210.6472 11.3355 0 0 0 0
1706584952.809999930 95.3697 210.9773 11.3421 0 0 0 0
1706584953.269999824 95.2249 211.3303 11.3459 0 0 0 0
1706584953.589999722 95.0807 211.5966 11.3505 0 0 0 0
1706584954.169999971 94.8835 212.1160 11.3536 0 0 0 0
1706584954.589999956 94.7064 212.4801 11.3502 0 0 0 0
1706584954.949999764 94.5239 212.7879 11.3466 0 0 0 0
1706584955.390000017 94.3253 213.1777 11.3423 0 0 0 0
1706584955.840000091 93.9584 213.8031 11.3321 0 0 0 0
1706584956.059999904 93.9584 213.8031 11.3321 0 0 0 0
1706584956.339999894 93.7703 214.0550 11.3299 0 0 0 0
1706584956.759999879 93.5143 214.3624 11.3297 0 0 0 0
1706584957.049999689 93.3355 214.6051 11.3275 0 0 0 0
1706584957.380000036 93.1189 214.8509 11.3281 0 0 0 0
1706584957.839999930 92.6925 215.3346 11.3431 0 0 0 0
1706584958.119999920 92.6925 215.3346 11.3431 0 0 0 0
1706584958.460000088 92.4456 215.6712 11.3414 0 0 0 0
1706584958.779999986 92.1739 216.0168 11.3451 0 0 0 0
1706584959.230000060 91.9832 216.3656 11.3386 0 0 0 0
1706584959.670000314 91.8001 216.7716 11.3232 0 0 0 0
1706584960.070000030 91.5424 217.1476 11.3039 0 0 0 0
1706584960.389999929 91.4970 217.4099 11.2848 0 0 0 0
1706584960.779999825 91.3588 217.4189 11.2849 0 0 0 0
1706584961.140000261 91.2744 217.8268 11.2671 0 0 0 0
1706584961.509999889 91.1253 218.1610 11.2606 0 0 0 0
1706584961.899999785 91.0777 218.4104 11.2547 0 0 0 0
1706584962.340000039 90.9485 218.7855 11.2465 0 0 0 0
1706584962.659999938 90.8521 218.9977 11.2511 0 0 0 0
1706584962.909999839 90.7569 219.1862 11.2501 0 0 0 0
1706584963.210000098 90.5982 219.4210 11.2539 0 0 0 0
1706584963.599999994 90.4370 219.7060 11.2518 0 0 0 0
1706584963.929999713 90.1428 220.2113 11.2486 0 0 0 0
1706584964.169999794 90.1428 220.2113 11.2486 0 0 0 0
1706584964.619999868 89.9983 220.5145 11.2454 0 0 0 0
1706584964.999999944 89.8691 220.8772 11.2452 0 0 0 0
1706584965.349999932 89.7318 221.1584 11.2383 0 0 0 0
1706584965.820000274 89.5767 221.5096 11.2385 0 0 0 0
1706584966.100000264 89.3595 221.9725 11.2285 0 0 0 0
1706584966.399999894 89.2069 222.2156 11.2222 0 0 0 0
1706584966.600000067 89.1300 222.4276 11.2160 0 0 0 0
1706584966.810000059 88.8909 222.7272 11.2085 0 0 0 0
1706584967.050000140 88.8909 222.7272 11.2085 0 0 0 0
1706584967.320000310 88.7393 222.9211 11.2039 0 0 0 0
1706584967.650000029 88.5856 223.1207 11.1982 0 0 0 0
1706584967.969999928 88.3909 223.3071 11.1971 0 0 0 0
1706584968.289999827 88.1696 223.5392 11.1921 0 0 0 0
1706584968.590000086 87.9571 223.8242 11.1764 0 0 0 0
1706584969.049999979 87.6387 224.4054 11.1544 0 0 0 0
1706584969.299999881 87.6387 224.4054 11.1544 0 0 0 0
1706584969.570000051 87.4500 224.6409 11.1517 0 0 0 0
1706584969.870000309 87.3768 224.9166 11.1410 0 0 0 0
1706584970.130000031 87.2659 225.2312 11.1279 0 0 0 0
1706584970.470000198 87.1559 225.5411 11.1157 0 0 0 0
1706584970.830000006 87.0804 225.8064 11.1074 0 0 0 0
1706584971.240000171 86.9110 226.0947 11.1050 0 0 0 0
1706584971.630000067 86.7987 226.4432 11.0980 0 0 0 0
1706584972.069999692 86.6549 226.8295 11.0941 0 0 0 0
1706584972.509999946 86.4986 227.3151 11.0847 0 0 0 0
1706584972.920000111 86.3443 227.6946 11.0709 0 0 0 0
1706584973.319999827 86.2112 227.9737 11.0618 0 0 0 0
1706584973.589999997 86.0955 228.2050 11.0608 0 0 0 0
1706584973.790000170 85.9462 228.4392 11.0596 0 0 0 0
1706584974.030000251 85.7405 228.7878 11.0551 0 0 0 0
1706584974.269999703 85.7405 228.7878 11.0551 0 0 0 0
1706584974.579999782 85.5591 229.0636 11.0499 0 0 0 0
1706584974.950000038 85.3960 229.2899 11.0445 0 0 0 0
1706584975.330000115 85.1887 229.5489 11.0479 0 0 0 0
1706584975.750000100 85.0235 229.8364 11.0442 0 0 0 0
1706584976.189999725 84.7247 230.2141 11.0340 0 0 0 0
1706584976.489999983 84.5915 230.6496 11.0202 0 0 0 0
1706584976.709999796 84.4915 230.9304 11.0170 0 0 0 0
1706584976.970000146 84.4212 231.1895 11.0088 0 0 0 0
1706584977.239999687 84.3775 231.3429 11.0066 0 0 0 0
1706584977.549999766 84.2915 231.6229 11.0049 0 0 0 0
1706584977.950000111 84.1519 231.9054 11.0042 0 0 0 0
1706584978.290000279 84.0372 232.2657 11.0057 0 0 0 0
1706584978.759999992 83.8386 232.8804 11.0179 0 0 0 0
1706584979.049999802 83.8386 232.8804 11.0179 0 0 0 0
1706584979.529999965 83.6367 233.2121 11.0192 0 0 0 0
1706584980.029999767 83.3845 233.6697 11.0216 0 0 0 0
1706584980.330000026 83.2321 234.1971 11.0199 0 0 0 0
1706584980.680000014 83.0954 234.4552 11.0171 0 0 0 0
1706584980.969999824 82.9511 234.6944 11.0133 0 0 0 0
1706584981.379999989 82.7602 234.9109 11.0066 0 0 0 0
1706584981.869999971 82.5747 235.2728 11.0081 0 0 0 0
1706584982.350000134 82.3295 235.6653 11.0138 0 0 0 0
1706584982.760000299 82.1345 236.1648 11.0187 0 0 0 0
1706584983.139999746 81.9655 236.5134 11.0188 0 0 0 0
1706584983.589999820 81.8052 236.8332 11.0282 0 0 0 0
1706584984.079999803 81.4425 237.7398 11.0366 0 0 0 0
1706584984.410000150 81.4425 237.7398 11.0366 0 0 0 0
1706584984.879999864 81.0765 238.3286 11.0458 0 0 0 0
1706584985.199999763 81.0765 238.3286 11.0458 0 0 0 0
1706584985.710000014 80.9245 238.6811 11.0572 0 0 0 0
1706584986.020000093 80.7106 239.1499 11.0733 0 0 0 0
1706584986.379999900 80.5536 239.4610 11.0800 0 0 0 0
1706584986.680000159 80.4532 239.7839 11.0917 0 0 0 0
1706584986.960000149 80.3356 240.0598 11.1000 0 0 0 0
1706584987.280000048 80.2132 240.3317 11.1100 0 0 0 0
1706584987.669999944 80.0811 240.5974 11.1184 0 0 0 0
1706584988.029999752 79.8965 240.9332 11.1329 0 0 0 0
1706584988.470000005 79.6837 241.2564 11.1414 0 0 0 0
1706584988.840000262 79.4745 241.6162 11.1547 0 0 0 0
1706584989.200000069 79.3005 241.9788 11.1662 0 0 0 0
1706584989.559999877 79.1638 242.2838 11.1752 0 0 0 0
1706584989.939999953 79.0302 242.6746 11.1867 0 0 0 0
1706584990.410000295 78.9109 243.0808 11.1957 0 0 0 0
1706584990.749999834 78.7097 243.6081 11.2044 0 0 0 0
1706584991.199999908 78.5063 244.0565 11.2060 0 0 0 0
1706584991.600000253 78.2414 244.6231 11.2082 0 0 0 0
1706584991.979999701 78.2414 244.6231 11.2082 0 0 0 0
1706584992.459999863 78.0353 244.9450 11.2138 0 0 0 0
1706584992.940000026 77.7378 245.3587 11.2138 0 0 0 0
1706584993.360000011 77.5246 245.8493 11.2218 0 0 0 0
1706584993.840000173 77.3757 246.2382 11.2262 0 0 0 0
1706584994.260000158 77.1939 246.7855 11.2325 0 0 0 0
1706584994.610000146 77.0912 247.2236 11.2307 0 0 0 0
1706584995.000000042 77.0371 247.5701 11.2341 0 0 0 0
1706584995.459999936 77.0146 247.6532 11.2342 0 0 0 0
1706584996.329999994 76.9982 247.6919 11.2335 0 0 0 0
1706584997.920000297 76.9300 248.5827 11.2448 0 0 0 0
1706584998.250000016 76.9300 248.5827 11.2448 0 0 0 0
1706584998.649999732 76.8855 248.8619 11.2515 0 0 0 0
1706584998.989999900 76.8513 249.1577 11.2567 0 0 0 0
1706584999.279999710 76.8079 249.3984 11.2586 0 0 0 0
1706584999.589999788 76.7358 249.6379 11.2648 0 0 0 0
1706584999.980000313 76.6750 249.9215 11.2659 0 0 0 0
1706585000.310000032 76.6115 250.1731 11.2719 0 0 0 0
1706585000.680000288 76.5155 250.5126 11.2806 0 0 0 0
1706585001.110000093 76.3882 250.8457 11.2873 0 0 0 0
1706585001.490000170 76.2252 251.2328 11.2976 0 0 0 0
1706585001.989999972 76.0919 251.5752 11.3062 0 0 0 0
1706585002.309999871 75.9730 251.8745 11.3155 0 0 0 0
1706585002.629999770 75.8850 252.0831 11.3211 0 0 0 0
1706585003.030000115 75.7601 252.4363 11.3315 0 0 0 0
1706585003.420000011 75.6467 252.7284 11.3398 0 0 0 0
1706585003.700000001 75.5389 252.9735 11.3513 0 0 0 0
1706585004.080000077 75.4286 253.2137 11.3634 0 0 0 0
1706585004.460000154 75.3528 253.3847 11.3742 0 0 0 0
1706585004.689999786 75.2570 253.6298 11.3872 0 0 0 0
1706585005.039999774 75.1801 253.8379 11.3962 0 0 0 0
1706585005.449999939 75.0830 254.0611 11.4023 0 0 0 0
1706585005.860000104 74.9636 254.4137 11.4120 0 0 0 0
1706585006.259999820 74.8312 254.7472 11.4179 0 0 0 0
1706585006.690000254 74.7214 255.0881 11.4186 0 0 0 0
1706585007.110000239 74.6043 255.3687 11.4193 0 0 0 0
1706585007.540000044 74.4295 255.7659 11.4163 0 0 0 0
1706585007.969999849 74.2572 256.0194 11.4152 0 0 0 0
1706585008.279999928 74.1393 256.2431 11.4146 0 0 0 0
1706585008.569999738 73.9405 256.4961 11.4128 0 0 0 0
1706585008.919999725 73.7483 256.7763 11.4094 0 0 0 0
1706585009.280000161 73.5106 257.1405 11.4055 0 0 0 0
1706585009.810000053 73.2424 257.5423 11.4022 0 0 0 0
1706585010.190000129 73.0111 257.8482 11.4001 0 0 0 0
1706585010.549999936 72.5741 258.5107 11.4070 0 0 0 0
1706585010.790000018 72.5741 258.5107 11.4070 0 0 0 0
1706585011.070000008 72.4266 258.6905 11.4082 0 0 0 0
1706585012.189999968 72.3238 258.7428 11.4076 0 0 0 0
1706585012.560000224 71.4110 260.1155 11.4362 0 0 0 0
1706585012.800000305 71.2889 260.2781 11.4339 0 0 0 0
1706585013.120000204 71.0686 260.5567 11.4364 0 0 0 0
1706585013.470000192 70.9473 260.8188 11.4377 0 0 0 0
1706585013.879999728 70.7545 261.0764 11.4342 0 0 0 0
1706585014.289999893 70.5244 261.5389 11.4331 0 0 0 0
1706585014.700000058 70.3458 261.9695 11.4401 0 0 0 0
1706585015.070000314 70.1788 262.2178 11.4450 0 0 0 0
1706585015.449999762 69.9413 262.5253 11.4482 0 0 0 0
1706585015.960000013 69.7108 262.8498 11.4494 0 0 0 0
1706585016.310000001 69.4598 263.2998 11.4654 0 0 0 0
1706585016.610000259 69.2475 263.7147 11.4827 0 0 0 0
1706585016.960000247 69.0900 264.0485 11.4998 0 0 0 0
1706585017.359999963 68.9601 264.3578 11.5147 0 0 0 0
1706585017.740000039 68.8168 264.7081 11.5274 0 0 0 0
1706585018.199999933 68.6739 265.1908 11.5194 0 0 0 0
1706585018.600000278 68.3909 265.7617 11.4911 0 0 0 0
1706585019.049999723 68.2370 266.0599 11.4721 0 0 0 0
1706585019.359999802 68.0693 266.3982 11.4586 0 0 0 0
1706585019.650000241 67.9097 266.6408 11.4434 0 0 0 0
1706585019.940000051 67.7769 266.9033 11.4370 0 0 0 0
1706585020.360000036 67.4804 267.3402 11.4192 0 0 0 0
1706585020.670000114 67.2674 267.6555 11.4011 0 0 0 0
1706585020.969999745 67.1077 268.0177 11.3872 0 0 0 0
1706585021.309999912 66.8687 268.5474 11.3729 0 0 0 0
1706585021.529999725 66.8687 268.5474 11.3729 0 0 0 0
1706585021.850000252 66.7499 268.8167 11.3703 0 0 0 0
1706585022.149999882 66.6267 269.1026 11.3759 0 0 0 0
1706585022.389999963 66.4980 269.4198 11.3808 0 0 0 0
1706585022.599999956 66.3983 269.6394 11.3891 0 0 0 0
1706585022.870000126 66.2690 269.9750 11.3977 0 0 0 0
1706585023.159999936 66.1234 270.2744 11.4033 0 0 0 0
1706585023.490000283 66.0034 270.6033 11.4153 0 0 0 0
1706585023.880000180 65.8551 270.9322 11.4226 0 0 0 0
1706585024.249999807 65.6959 271.2453 11.4290 0 0 0 0
1706585024.669999792 65.5003 271.6454 11.4390 0 0 0 0
1706585025.089999777 65.2898 272.0910 11.4393 0 0 0 0
1706585025.460000033 65.0897 272.5584 11.4399 0 0 0 0
1706585025.859999750 64.9188 272.9854 11.4407 0 0 0 0
1706585026.330000092 64.7343 273.4643 11.4433 0 0 0 0
1706585026.750000077 64.5925 274.1141 11.4355 0 0 0 0
1706585027.119999705 64.4043 274.5843 11.4151 0 0 0 0
1706585027.480000141 64.2619 275.0744 11.3846 0 0 0 0
1706585027.919999766 64.1238 275.3716 11.3703 0 0 0 0
1706585028.320000111 64.0161 275.6617 11.3639 0 0 0 0
1706585028.759999736 63.9079 275.9613 11.3619 0 0 0 0
1706585029.050000175 63.7731 276.3922 11.3585 0 0 0 0
1706585029.419999802 63.6459 276.7390 11.3567 0 0 0 0
1706585029.769999790 63.5188 277.1650 11.3568 0 0 0 0
1706585030.230000312 63.3661 277.5606 11.3491 0 0 0 0
1706585030.590000120 63.2496 277.9107 11.3439 0 0 0 0
1706585030.949999928 63.1380 278.3530 11.3457 0 0 0 0
1706585031.169999740 63.1380 278.3530 11.3457 0 0 0 0
1706585031.469999999 63.0213 278.6790 11.3375 0 0 0 0
1706585031.869999715 62.9329 278.9788 11.3355 0 0 0 0
1706585032.249999791 62.8500 279.2678 11.3347 0 0 0 0
1706585032.690000045 62.7520 279.5733 11.3316 0 0 0 0
1706585033.060000301 62.6240 279.9597 11.3245 0 0 0 0
1706585033.369999751 62.4994 280.3382 11.3141 0 0 0 0
1706585033.709999919 62.3967 280.6222 11.2941 0 0 0 0
1706585034.040000266 62.3094 281.0670 11.2652 0 0 0 0
1706585034.369999985 62.2929 281.4294 11.2416 0 0 0 0
1706585034.759999881 62.3436 281.8156 11.2282 0 0 0 0
1706585035.119999689 62.3724 282.0930 11.2238 0 0 0 0
1706585035.569999763 62.3516 282.4110 11.2064 0 0 0 0
1706585035.970000108 62.2223 282.7824 11.1622 0 0 0 0
1706585036.430000002 62.1529 282.8608 11.1579 0 0 0 0
1706585036.859999807 62.0695 282.9511 11.1521 0 0 0 0
1706585037.309999880 61.9173 282.9677 11.1217 0 0 0 0
1706585037.669999688 61.7624 283.1627 11.1189 0 0 0 0
1706585038.170000119 61.6081 283.2545 11.1099 0 0 0 0
1706585038.609999744 61.4652 283.3063 11.1041 0 0 0 0
1706585039.059999818 61.2410 283.4017 11.0958 0 0 0 0
1706585039.500000072 61.0401 283.4120 11.0890 0 0 0 0
1706585040.020000143 60.8542 283.4119 11.0790 0 0 0 0
1706585042.309999792 60.8353 283.4128 11.0739 0 0 0 0
1706585043.849999737 60.9314 283.4643 11.0827 0 0 0 0
1706585044.180000084 60.8976 283.3519 11.0804 0 0 0 0
1706585044.530000072 60.8789 283.1638 11.0772 0 0 0 0
1706585044.940000237 60.8670 283.1244 11.0782 0 0 0 0
1706585051.890000259 62.4531 278.2404 11.2818 0 0 0 0
1706585052.320000064 62.5958 277.9843 11.2903 0 0 0 0
1706585052.609999874 62.7427 277.6767 11.2967 0 0 0 0
1706585053.020000039 62.9105 277.3811 11.3046 0 0 0 0
1706585053.339999937 63.1912 276.9279 11.3217 0 0 0 0
1706585053.710000194 63.4693 276.4636 11.3352 0 0 0 0
1706585053.790000011 63.4693 276.4636 11.3352 0 0 0 0
1706585054.319999903 63.7701 275.9381 11.3493 0 0 0 0
1706585054.760000156 64.1117 275.3065 11.3647 0 0 0 0
1706585055.119999964 64.2839 274.8613 11.3904 0 0 0 0
1706585055.549999769 64.5671 274.3955 11.4343 0 0 0 0
1706585055.969999754 64.7728 274.1298 11.4517 0 0 0 0
1706585056.279999833 64.9853 273.9104 11.4663 0 0 0 0
1706585056.500000274 65.1499 273.6147 11.4748 0 0 0 0
1706585056.739999726 65.3956 273.2180 11.4779 0 0 0 0
1706585057.089999714 65.6054 272.7710 11.4736 0 0 0 0
1706585057.380000153 65.8848 272.2290 11.4757 0 0 0 0
1706585057.739999960 66.1750 271.5789 11.4686 0 0 0 0
1706585058.050000039 66.4907 271.1304 11.4639 0 0 0 0
1706585058.350000298 66.6877 270.8043 11.4590 0 0 0 0
1706585058.710000105 66.8951 270.5872 11.4581 0 0 0 0
1706585059.069999913 67.1017 270.1840 11.4481 0 0 0 0
1706585059.470000258 67.3380 269.7062 11.4450 0 0 0 0
1706585059.919999703 67.5689 269.1483 11.4407 0 0 0 0
1706585060.289999959 67.8462 268.7238 11.4534 0 0 0 0
1706585060.560000129 68.1434 268.2817 11.4733 0 0 0 0
1706585060.830000299 68.3933 267.9087 11.4833 0 0 0 0
1706585061.250000284 68.7125 267.2781 11.4931 0 0 0 0
1706585061.530000274 68.7125 267.2781 11.4931 0 0 0 0
1706585061.969999899 68.9381 266.7187 11.5018 0 0 0 0
1706585062.469999702 69.2993 266.0732 11.5167 0 0 0 0
1706585062.760000140 69.5745 265.6502 11.5364 0 0 0 0
1706585063.080000039 69.7625 265.1925 11.5432 0 0 0 0
1706585063.339999761 70.0154 264.6936 11.5326 0 0 0 0
1706585063.609999930 70.2053 264.3724 11.5216 0 0 0 0
1706585063.829999743 70.4299 263.9416 11.5044 0 0 0 0
1706585064.249999728 70.5846 263.5791 11.4922 0 0 0 0
1706585064.580000076 70.7613 263.1943 11.4801 0 0 0 0
1706585064.939999883 70.9118 262.8399 11.4694 0 0 0 0
1706585065.270000231 71.0926 262.3625 11.4569 0 0 0 0
1706585065.599999949 71.3214 261.8171 11.4423 0 0 0 0
1706585066.120000021 71.5118 261.3237 11.4379 0 0 0 0
1706585066.619999823 71.7717 260.7909 11.4416 0 0 0 0
1706585066.939999722 71.9764 260.3499 11.4405 0 0 0 0
1706585067.330000247 72.1312 259.9897 11.4309 0 0 0 0
1706585067.830000049 72.3141 259.4535 11.4230 0 0 0 0
1706585068.200000306 72.4864 258.8883 11.4116 0 0 0 0
1706585068.670000019 72.6798 258.4475 11.4087 0 0 0 0
1706585069.099999825 72.8795 258.0491 11.4013 0 0 0 0
1706585069.530000258 73.0760 257.4942 11.3996 0 0 0 0
1706585070.090000238 73.1867 257.2116 11.4073 0 0 0 0
1706585070.839999942 73.6023 255.9901 11.4036 0 0 0 0
1706585071.189999930 73.7600 255.5879 11.4019 0 0 0 0
1706585071.479999740 73.8793 255.1828 11.3982 0 0 0 0
1706585071.810000087 74.0677 254.7483 11.3960 0 0 0 0
1706585072.300000070 74.2730 254.2809 11.3995 0 0 0 0
1706585072.580000060 74.5110 253.8316 11.3930 0 0 0 0
1706585072.930000047 74.7173 253.3602 11.3770 0 0 0 0
1706585073.259999766 74.8656 252.9526 11.3503 0 0 0 0
1706585073.630000022 74.9704 252.5763 11.3323 0 0 0 0
1706585074.129999825 75.1527 252.0972 11.3217 0 0 0 0
1706585074.539999990 75.3563 251.5851 11.3111 0 0 0 0
1706585074.920000066 75.5456 251.1887 11.3010 0 0 0 0
1706585075.379999960 75.7899 250.7282 11.2884 0 0 0 0
1706585075.860000122 76.0319 250.3148 11.2790 0 0 0 0
1706585076.350000105 76.3122 249.7313 11.2670 0 0 0 0
1706585076.889999816 76.5877 249.0563 11.2497 0 0 0 0
1706585077.379999799 76.8942 248.3757 11.2351 0 0 0 0
1706585077.939999779 77.1831 247.8433 11.2339 0 0 0 0
1706585078.279999946 77.5244 247.2550 11.2346 0 0 0 0
1706585078.559999936 77.7063 246.8480 11.2326 0 0 0 0
1706585078.940000013 77.8574 246.4718 11.2285 0 0 0 0
1706585079.339999729 78.0407 245.9536 11.2229 0 0 0 0
1706585079.700000165 78.2363 245.4386 11.2168 0 0 0 0
1706585080.139999790 78.4319 244.9947 11.2135 0 0 0 0
1706585080.580000044 78.6524 244.5365 11.2109 0 0 0 0
1706585081.009999849 78.8968 243.9964 11.2081 0 0 0 0
1706585081.319999928 79.2231 243.2932 11.1981 0 0 0 0
1706585081.700000004 79.3722 242.8324 11.1900 0 0 0 0
1706585082.029999723 79.5165 242.2867 11.1708 0 0 0 0
1706585082.360000070 79.6664 241.7469 11.1540 0 0 0 0
1706585082.840000233 79.8217 241.3253 11.1423 0 0 0 0
1706585083.270000038 80.0184 240.8003 11.1264 0 0 0 0
1706585083.710000291 80.2240 240.2716 11.1101 0 0 0 0
1706585084.030000190 80.3943 239.7094 11.0913 0 0 0 0
1706585084.359999909 80.5310 239.3482 11.0826 0 0 0 0
1706585084.830000252 80.7425 238.8051 11.0651 0 0 0 0
1706585085.239999788 80.9515 238.3540 11.0522 0 0 0 0
1706585085.640000133 81.2232 237.9255 11.0484 0 0 0 0
1706585086.139999935 81.4543 237.4947 11.0382 0 0 0 0
1706585086.559999920 81.7899 236.7835 11.0260 0 0 0 0
1706585086.979999905 81.9786 236.2876 11.0200 0 0 0 0
1706585087.289999984 82.1869 235.9084 11.0175 0 0 0 0
1706585087.630000152 82.2710 235.7043 11.0183 0 0 0 0
1706585087.989999959 82.4378 235.4858 11.0151 0 0 0 0
1706585088.309999858 82.8031 234.8749 11.0091 0 0 0 0
1706585088.570000208 82.8031 234.8749 11.0091 0 0 0 0
1706585089.030000102 83.2345 234.4413 11.0151 0 0 0 0
1706585089.389999909 83.5816 234.0140 11.0205 0 0 0 0
1706585089.690000168 83.7577 233.7063 11.0243 0 0 0 0
1706585090.070000244 83.8827 233.3329 11.0222 0 0 0 0
1706585090.530000138 84.0385 232.6936 11.0192 0 0 0 0
1706585090.980000212 84.3305 232.0309 11.0089 0 0 0 0
1706585091.349999839 84.4436 231.5702 11.0039 0 0 0 0
1706585091.830000002 84.6001 231.1122 11.0152 0 0 0 0
1706585092.179999989 84.8401 230.4804 11.0359 0 0 0 0
1706585092.599999974 85.1154 229.9593 11.0505 0 0 0 0
1706585092.940000142 85.4317 229.4107 11.0486 0 0 0 0
1706585093.320000218 85.6161 229.0720 11.0499 0 0 0 0
1706585093.810000201 85.8027 228.5781 11.0561 0 0 0 0
1706585094.160000188 86.2717 227.6241 11.0755 0 0 0 0
1706585094.499999727 86.5029 227.1764 11.0839 0 0 0 0
1706585094.930000161 86.5029 227.1764 11.0839 0 0 0 0
1706585095.420000143 86.7629 226.4634 11.0953 0 0 0 0
1706585095.880000037 86.9733 225.8904 11.1056 0 0 0 0
1706585096.250000293 87.3498 225.3569 11.1269 0 0 0 0
1706585096.710000187 87.5580 224.8273 11.1456 0 0 0 0
1706585097.200000170 87.8767 224.1548 11.1666 0 0 0 0
1706585097.660000063 88.2631 223.6127 11.1928 0 0 0 0
1706585098.229999864 88.7283 222.8768 11.2015 0 0 0 0
1706585098.719999846 88.9305 222.2002 11.2190 0 0 0 0
1706585099.169999920 89.0716 221.7057 11.2241 0 0 0 0
1706585099.540000176 89.1891 221.1833 11.2272 0 0 0 0
1706585099.869999895 89.3945 220.6060 11.2304 0 0 0 0
1706585100.270000240 89.7877 219.7775 11.2406 0 0 0 0
1706585100.560000050 89.7877 219.7775 11.2406 0 0 0 0
1706585101.099999761 90.0409 219.2631 11.2502 0 0 0 0
1706585101.540000015 90.3304 218.7773 11.2520 0 0 0 0
1706585101.969999820 90.6911 218.1753 11.2556 0 0 0 0
1706585102.379999985 91.1393 217.2732 11.2964 0 0 0 0
1706585102.639999706 91.1393 217.2732 11.2964 0 0 0 0
1706585103.009999963 91.2851 216.8919 11.3031 0 0 0 0
1706585103.320000041 91.3555 216.4285 11.3314 0 0 0 0
1706585103.789999755 91.7019 216.1343 11.3535 0 0 0 0
1706585104.239999829 91.9695 215.6627 11.3616 0 0 0 0
1706585104.689999903 92.1623 215.2278 11.3553 0 0 0 0
1706585105.090000248 92.4735 214.7968 11.3446 0 0 0 0
1706585105.580000230 92.7172 214.4075 11.3489 0 0 0 0
1706585105.839999951 92.9821 213.9906 11.3444 0 0 0 0
1706585106.089999853 93.1763 213.6970 11.3512 0 0 0 0
1706585106.320000114 93.3190 213.5020 11.3537 0 0 0 0
1706585106.640000013 93.5420 213.1689 11.3641 0 0 0 0
1706585107.069999818 93.8159 212.7251 11.3661 0 0 0 0
1706585107.379999897 93.9976 212.3580 11.3659 0 0 0 0
1706585107.689999975 94.1868 211.9879 11.3630 0 0 0 0
1706585108.009999874 94.3986 211.5692 11.3760 0 0 0 0
1706585108.399999770 94.5434 211.3123 11.3757 0 0 0 0
1706585108.870000113 94.9159 210.8268 11.3560 0 0 0 0
1706585109.120000014 94.9925 210.4855 11.3563 0 0 0 0
1706585109.490000270 95.1222 210.0547 11.3580 0 0 0 0
1706585109.929999895 95.2770 209.7652 11.3580 0 0 0 0
1706585110.400000238 95.4542 209.4834 11.3569 0 0 0 0
1706585110.769999865 95.5867 209.2962 11.3525 0 0 0 0
1706585111.210000119 95.7216 209.1258 11.3528 0 0 0 0
1706585111.670000013 95.9440 208.7473 11.3520 0 0 0 0
1706585112.099999818 96.5360 207.7005 11.3545 0 0 0 0
1706585112.460000254 96.5360 207.7005 11.3545 0 0 0 0
1706585112.909999699 96.7978 207.1587 11.3610 0 0 0 0
1706585113.319999864 97.0345 206.6958 11.3701 0 0 0 0
1706585113.879999844 97.3263 206.0189 11.3790 0 0 0 0
1706585114.360000007 97.5806 205.3732 11.3917 0 0 0 0
1706585114.649999817 97.7981 204.9916 11.4013 0 0 0 0
1706585115.039999713 98.0198 204.5604 11.4090 0 0 0 0
1706585115.449999878 98.2339 204.0760 11.4170 0 0 0 0
1706585115.880000312 98.4215 203.6705 11.4287 0 0 0 0
1706585116.230000299 98.5909 203.3148 11.4450 0 0 0 0
1706585116.289999848 98.5909 203.3148 11.4450 0 0 0 0
1706585116.620000196 98.8635 202.8357 11.4345 0 0 0 0
1706585116.930000274 98.9785 202.5684 11.4310 0 0 0 0
1706585117.379999720 99.0294 202.3363 11.4244 0 0 0 0
1706585117.780000065 99.0473 202.3023 11.4234 0 0 0 0
1706585118.209999870 99.0692 202.2597 11.4231 0 0 0 0
1706585118.540000217 99.1321 202.1033 11.4204 0 0 0 0
1706585121.310000028 99.1373 202.0708 11.4199 0 0 0 0
1706585121.559999930 99.1372 202.0707 11.4199 0 0 0 0
1706585122.140000178 99.1373 202.0709 11.4199 0 0 0 0
